1 0.19613906741142273 0.05773887783288956 0.057738881558179855
2 0.5951762199401855 0.1190592348575592 0.1190592348575592
3 0.6567863821983337 0.1514957994222641 0.1514957994222641
4 0.7109565138816833 0.19894754886627197 0.19894754886627197
5 0.7997945547103882 0.28341904282569885 0.2834189832210541
6 0.8098786473274231 0.2632538378238678 0.2632538676261902
7 0.803454577922821 0.2716355621814728 0.2716355621814728
8 0.7748544812202454 0.2676858901977539 0.2676858603954315
9 0.80551677942276 0.26776590943336487 0.26776590943336487
10 0.9076522588729858 0.3410452902317047 0.3410453498363495
11 0.922085702419281 0.3167445659637451 0.31674450635910034
12 0.959620475769043 0.33586564660072327 0.3358656167984009
13 0.9393612742424011 0.33771052956581116 0.33771055936813354
14 0.9297387599945068 0.3282575309276581 0.32825756072998047
15 1.1167775392532349 0.45729950070381165 0.45729944109916687
16 1.199907660484314 0.4918062686920166 0.4918062686920166
17 1.2533133029937744 0.4949095845222473 0.4949095845222473
18 1.2135558128356934 0.46792328357696533 0.4679233729839325
19 1.2828962802886963 0.5049102902412415 0.5049103498458862
20 1.597379446029663 0.878294050693512 0.8782939314842224
21 1.9591671228408813 1.2454453706741333 1.2454453706741333
22 1.9495868682861328 1.190255880355835 1.190255880355835
23 1.9818836450576782 1.1639653444290161 1.1639653444290161
24 1.961126446723938 1.166576862335205 1.166576862335205
25 2.0032341480255127 1.2738208770751953 1.2738208770751953
26 2.087644577026367 1.300983190536499 1.3009830713272095
27 2.0063254833221436 1.2400695085525513 1.2400695085525513
28 2.0577447414398193 1.3351271152496338 1.3351268768310547
29 2.161180257797241 1.4021332263946533 1.4021327495574951
30 2.099416732788086 1.293473243713379 1.2934730052947998
31 2.078824520111084 1.2244594097137451 1.2244596481323242
32 2.046499013900757 1.2803293466567993 1.2803293466567993
33 2.0881807804107666 1.3349744081497192 1.3349744081497192
34 2.2127127647399902 1.4345780611038208 1.4345780611038208
35 2.1026482582092285 1.307002067565918 1.307002067565918
36 2.095336437225342 1.311715006828308 1.311715006828308
37 2.0171635150909424 1.317305088043213 1.317305326461792
38 2.0433664321899414 1.2021570205688477 1.2021570205688477
39 2.068175792694092 1.2694675922393799 1.2694675922393799
40 2.0623464584350586 1.3342645168304443 1.3342645168304443
41 2.1874868869781494 1.3601906299591064 1.3601908683776855
42 2.2523956298828125 1.442582130432129 1.442582130432129
43 2.317383050918579 1.5495835542678833 1.5495835542678833
44 2.2412145137786865 1.5259519815444946 1.5259519815444946
45 2.326155662536621 1.6001797914505005 1.6001797914505005
46 2.322964668273926 1.5346572399139404 1.5346572399139404
47 2.1868395805358887 1.379111647605896 1.379111647605896
48 2.233973741531372 1.3842021226882935 1.384202241897583
49 2.319382429122925 1.526184320449829 1.5261845588684082
50 2.215667963027954 1.333557367324829 1.333557367324829
51 2.322335958480835 1.4772288799285889 1.4772289991378784
52 2.2232367992401123 1.4095033407211304 1.4095033407211304
53 2.228442668914795 1.3740003108978271 1.3739999532699585
54 2.2362892627716064 1.379007339477539 1.379007339477539
55 2.3943634033203125 1.5672169923782349 1.5672169923782349
56 2.1768858432769775 1.2609164714813232 1.2609164714813232
57 2.2743115425109863 1.4290590286254883 1.4290590286254883
58 2.2600722312927246 1.3920857906341553 1.392085313796997
59 2.258254051208496 1.3920073509216309 1.3920072317123413
60 2.158510684967041 1.254827618598938 1.2548274993896484
61 2.2901127338409424 1.3651529550552368 1.365153193473816
62 2.3419253826141357 1.527099370956421 1.5270994901657104
63 2.2760651111602783 1.402248501777649 1.402248501777649
64 2.3507988452911377 1.504676103591919 1.5046762228012085
65 2.309584140777588 1.4526982307434082 1.4526982307434082
66 2.4260029792785645 1.567000389099121 1.5670002698898315
67 2.29294753074646 1.4383801221847534 1.4383801221847534
68 2.282810688018799 1.3635364770889282 1.3635363578796387
69 2.329690456390381 1.419270634651184 1.4192702770233154
70 2.3029935359954834 1.3779369592666626 1.3779370784759521
71 2.2588977813720703 1.308842420578003 1.308842420578003
72 2.454876184463501 1.6024212837219238 1.6024212837219238
73 2.4679975509643555 1.6254040002822876 1.6254040002822876
74 2.3503735065460205 1.4400607347488403 1.4400604963302612
75 2.3909592628479004 1.528549313545227 1.528549313545227
76 2.2723565101623535 1.4158400297164917 1.4158400297164917
77 2.275434732437134 1.3271980285644531 1.3271981477737427
78 2.276899814605713 1.3679879903793335 1.367988109588623
79 2.4380295276641846 1.601937174797058 1.601937174797058
80 2.2633402347564697 1.3414915800094604 1.3414915800094604
81 2.247973918914795 1.3890445232391357 1.3890445232391357
82 2.463186502456665 1.5820153951644897 1.5820151567459106
83 2.532426118850708 1.6496442556381226 1.6496442556381226
84 2.470576524734497 1.661363124847412 1.661363124847412
85 2.2707982063293457 1.3575745820999146 1.3575745820999146
86 2.4512367248535156 1.5816857814788818 1.5816857814788818
87 2.52250075340271 1.6687198877334595 1.6687198877334595
88 2.5410678386688232 1.6509203910827637 1.6509203910827637
89 2.5424532890319824 1.7081451416015625 1.7081451416015625
90 2.727144718170166 2.100552558898926 2.100552558898926
91 2.695441722869873 1.9962939023971558 1.9962939023971558
92 2.740694046020508 2.1629908084869385 2.1629910469055176
93 2.9212048053741455 2.31375789642334 2.31375789642334
94 2.6826395988464355 2.0424413681030273 2.0424413681030273
95 2.728724479675293 2.088324785232544 2.088325023651123
96 2.78214693069458 2.1300110816955566 2.1300110816955566
97 2.767484426498413 2.090322494506836 2.090322494506836
98 2.7218120098114014 2.1017282009124756 2.1017282009124756
99 2.741717576980591 2.0112640857696533 2.0112640857696533
100 2.7194905281066895 2.127699375152588 2.127699375152588
101 2.6309561729431152 1.8504406213760376 1.850440502166748
102 2.6959595680236816 1.922175407409668 1.922175407409668
103 2.8028969764709473 2.071566104888916 2.071566104888916
104 2.866281747817993 2.2702431678771973 2.2702431678771973
105 2.899616241455078 2.2642998695373535 2.2642996311187744
106 2.861664295196533 2.257634401321411 2.2576346397399902
107 2.774188995361328 2.148662805557251 2.148662805557251
108 2.803144693374634 2.1849069595336914 2.1849069595336914
109 2.8654747009277344 2.249281644821167 2.249281644821167
110 2.9916892051696777 2.3428714275360107 2.3428714275360107
111 3.2033965587615967 2.6488521099090576 2.6488521099090576
112 3.2276313304901123 2.66226863861084 2.6622681617736816
113 2.973249912261963 2.3372745513916016 2.3372745513916016
114 2.813662052154541 2.187774658203125 2.187774658203125
115 3.026301860809326 2.5207533836364746 2.5207533836364746
116 2.78804612159729 2.1381113529205322 2.1381113529205322
117 2.746779441833496 2.169813632965088 2.169813871383667
118 2.9113707542419434 2.3338217735290527 2.3338217735290527
119 2.8062145709991455 2.197831630706787 2.197831630706787
120 2.7210817337036133 2.094982385635376 2.094982862472534
121 2.883230686187744 2.290416955947876 2.290416955947876
122 2.8287975788116455 2.2356815338134766 2.2356815338134766
123 2.8448164463043213 2.2755377292633057 2.2755377292633057
124 2.9220738410949707 2.408278465270996 2.408278465270996
125 2.7225911617279053 2.0836193561553955 2.0836193561553955
126 2.887817859649658 2.3129148483276367 2.312915086746216
127 2.8811097145080566 2.280198812484741 2.280198812484741
128 2.782881259918213 2.253795623779297 2.253796100616455
129 2.677966594696045 2.0728960037231445 2.0728960037231445
130 2.490481376647949 1.7247846126556396 1.7247846126556396
131 2.9085335731506348 2.334099531173706 2.334099531173706
132 2.8768723011016846 2.2775845527648926 2.2775847911834717
133 2.789174795150757 2.0535078048706055 2.0535080432891846
134 2.979567289352417 2.382932424545288 2.382932662963867
135 2.7597506046295166 2.1147234439849854 2.1147236824035645
136 2.6565170288085938 2.090681314468384 2.0906810760498047
137 2.943268299102783 2.301547050476074 2.3015472888946533
138 2.812025785446167 2.1805756092071533 2.1805756092071533
139 2.4725582599639893 1.6368407011032104 1.6368411779403687
140 2.4085018634796143 1.5582016706466675 1.5582016706466675
141 2.4608240127563477 1.6423267126083374 1.642326831817627
142 2.434098720550537 1.5945665836334229 1.5945667028427124
143 2.5090253353118896 1.7355879545211792 1.7355878353118896
144 2.432650327682495 1.5882596969604492 1.5882598161697388
145 2.393665075302124 1.545770287513733 1.545770287513733
146 2.5846385955810547 1.849125623703003 1.849125623703003
147 2.5353217124938965 1.7739262580871582 1.7739264965057373
148 2.753981113433838 1.9992204904556274 1.999220371246338
149 2.804954767227173 2.0551939010620117 2.0551936626434326
150 2.814739942550659 2.1682653427124023 2.1682653427124023
151 2.6854259967803955 1.9226982593536377 1.9226982593536377
152 2.876899480819702 2.167994260787964 2.167994260787964
153 3.153534173965454 2.5851266384124756 2.5851266384124756
154 2.9108216762542725 2.2585039138793945 2.2585039138793945
155 2.459304094314575 1.7196027040481567 1.7196027040481567
156 2.8435003757476807 2.1605777740478516 2.1605777740478516
157 2.676239013671875 1.9354089498519897 1.9354089498519897
158 2.825563430786133 2.1213295459747314 2.1213295459747314
159 2.7988343238830566 2.086775541305542 2.086775064468384
160 2.857212543487549 2.0946476459503174 2.0946474075317383
161 2.640120506286621 1.872736930847168 1.872736930847168
162 2.76131534576416 1.9425370693206787 1.9425370693206787
163 2.908801555633545 2.1552231311798096 2.1552231311798096
164 2.8237247467041016 2.0830767154693604 2.0830767154693604
165 2.8680756092071533 2.1701531410217285 2.1701529026031494
166 2.825861930847168 2.0963902473449707 2.0963902473449707
167 2.72538161277771 2.0179178714752197 2.0179178714752197
168 2.7441246509552 2.0417792797088623 2.0417792797088623
169 2.6757867336273193 1.9218347072601318 1.9218347072601318
170 2.7266483306884766 1.9434127807617188 1.9434127807617188
171 2.881911277770996 2.1393895149230957 2.1393895149230957
172 2.8531649112701416 2.1276140213012695 2.1276140213012695
173 2.725889205932617 2.0183920860290527 2.0183920860290527
174 2.933762550354004 2.262274742126465 2.262274742126465
175 2.866041660308838 2.0869624614715576 2.086962938308716
176 3.0653085708618164 2.3268020153045654 2.3268020153045654
177 2.88132381439209 2.0898990631103516 2.0898990631103516
178 2.869925022125244 2.087455987930298 2.087455987930298
179 2.8015213012695313 2.050855875015259 2.050855875015259
180 2.7916762828826904 2.028015375137329 2.028015375137329
181 2.6805787086486816 1.8908567428588867 1.8908567428588867
182 2.7145378589630127 1.8578519821166992 1.8578518629074097
183 2.5892221927642822 1.7752207517623901 1.775220513343811
184 2.792958974838257 2.022228717803955 2.022228717803955
185 2.834012985229492 1.9822527170181274 1.9822527170181274
186 2.9056684970855713 2.055004596710205 2.055004596710205
187 2.9232141971588135 2.1358871459960938 2.1358871459960938
188 3.0731725692749023 2.4488818645477295 2.4488818645477295
189 2.99987530708313 2.355607271194458 2.355607271194458
190 3.1272592544555664 2.5580248832702637 2.5580248832702637
191 3.1736371517181396 2.6058528423309326 2.6058528423309326
192 3.1635775566101074 2.494615077972412 2.494615077972412
193 3.1782922744750977 2.464466094970703 2.464466094970703
194 2.778841495513916 1.889047622680664 1.889047622680664
195 2.8487281799316406 2.0517737865448 2.0517737865448
196 3.0081887245178223 2.2164623737335205 2.2164623737335205
197 2.8363380432128906 2.0347673892974854 2.0347673892974854
198 2.8207390308380127 1.9584643840789795 1.9584643840789795
199 2.9138569831848145 2.052414894104004 2.052414894104004
200 2.9557342529296875 2.105867624282837 2.105867624282837
201 2.897914409637451 1.9991949796676636 1.9991949796676636
202 2.8394722938537598 2.062967538833618 2.062967538833618
203 2.902933120727539 2.082308053970337 2.082308053970337
204 2.850844621658325 2.049957752227783 2.0499579906463623
205 2.911290407180786 2.1446971893310547 2.144697427749634
206 2.7403790950775146 1.8616431951522827 1.8616431951522827
207 2.6531131267547607 1.7573825120925903 1.7573822736740112
208 2.7393150329589844 1.9272747039794922 1.9272747039794922
209 2.7559657096862793 1.9989231824874878 1.9989231824874878
210 2.8478779792785645 2.022876024246216 2.022876262664795
211 2.831045150756836 1.9943703413009644 1.9943703413009644
212 2.6631884574890137 1.8381842374801636 1.8381842374801636
213 2.69707989692688 1.8425816297531128 1.842581868171692
214 2.7712953090667725 1.9330352544784546 1.9330352544784546
215 2.662252426147461 1.7389076948165894 1.7389076948165894
216 2.6846792697906494 1.7711305618286133 1.7711305618286133
217 2.7288308143615723 1.8133304119110107 1.8133304119110107
218 2.886335611343384 2.010812282562256 2.010812282562256
219 2.965704917907715 2.1432292461395264 2.1432292461395264
220 2.7927677631378174 1.9953229427337646 1.9953229427337646
221 2.711158514022827 1.8263301849365234 1.8263301849365234
222 2.919537305831909 2.1008121967315674 2.1008121967315674
223 2.7212748527526855 1.9037463665008545 1.9037463665008545
224 2.781099796295166 1.9901787042617798 1.9901787042617798
225 2.489443063735962 1.6409069299697876 1.6409069299697876
226 2.658236265182495 1.776865839958191 1.776865839958191
227 2.731196165084839 1.98770010471344 1.98770010471344
228 2.7225184440612793 1.8587933778762817 1.8587932586669922
229 2.684391736984253 1.8126379251480103 1.8126376867294312
230 2.706786632537842 1.842334270477295 1.842334270477295
231 2.707125663757324 1.8732991218566895 1.8732991218566895
232 2.869258403778076 1.932845115661621 1.9328452348709106
233 2.788464307785034 1.887955665588379 1.8879554271697998
234 2.7961463928222656 1.9727554321289063 1.9727551937103271
235 2.694064140319824 1.786635398864746 1.786635398864746
236 2.7909090518951416 1.9584332704544067 1.9584332704544067
237 2.675154447555542 1.8407912254333496 1.84079110622406
238 2.6136388778686523 1.7112207412719727 1.7112207412719727
239 2.819582462310791 2.0027027130126953 2.002702236175537
240 2.7109177112579346 1.8574268817901611 1.8574271202087402
241 2.6433002948760986 1.8803467750549316 1.8803470134735107
242 2.683417320251465 1.8441746234893799 1.8441746234893799
243 2.7115280628204346 1.9033242464065552 1.9033243656158447
244 2.6434247493743896 1.7803133726119995 1.7803133726119995
245 2.6527678966522217 1.8714416027069092 1.8714416027069092
246 2.7604799270629883 1.970229148864746 1.9702287912368774
247 2.7486443519592285 1.946305751800537 1.9463056325912476
248 2.832639217376709 2.0037901401519775 2.0037901401519775
249 2.717142105102539 1.884658694267273 1.884658694267273
250 2.8259308338165283 2.026979446411133 2.0269792079925537
251 2.684244155883789 1.830678105354309 1.830678105354309
252 2.7976388931274414 2.025200366973877 2.025200366973877
253 2.8641157150268555 2.063458204269409 2.063458204269409
254 2.8740968704223633 2.087306022644043 2.087306261062622
255 2.5880916118621826 1.7322733402252197 1.7322733402252197
256 2.6397721767425537 1.7370041608810425 1.737004280090332
257 2.744199275970459 1.854515552520752 1.854515552520752
258 2.7697513103485107 1.9029262065887451 1.9029258489608765
259 2.6777122020721436 1.8011066913604736 1.8011066913604736
260 2.7254374027252197 1.828824520111084 1.828824520111084
261 2.660944938659668 1.7121009826660156 1.7121009826660156
262 2.8254010677337646 1.954333782196045 1.954333782196045
263 2.7570700645446777 1.8755598068237305 1.8755593299865723
264 2.8751955032348633 1.9721620082855225 1.9721620082855225
265 2.6640913486480713 1.6661136150360107 1.6661136150360107
266 2.938478946685791 2.0292789936065674 2.0292789936065674
267 2.865830183029175 1.8277662992477417 1.8277662992477417
268 2.713493824005127 1.7198724746704102 1.7198724746704102
269 2.80265474319458 1.795320987701416 1.795320987701416
270 2.7420692443847656 1.7847315073013306 1.7847317457199097
271 2.5970749855041504 1.6253896951675415 1.625389575958252
272 2.8016955852508545 1.8826459646224976 1.8826459646224976
273 2.87833833694458 2.0233638286590576 2.0233638286590576
274 2.918058156967163 2.065876007080078 2.065876007080078
275 2.794046640396118 1.9820613861083984 1.9820619821548462
276 2.784057140350342 1.9702140092849731 1.9702142477035522
277 2.7719974517822266 1.7881600856781006 1.7881600856781006
278 2.7446742057800293 1.8577326536178589 1.8577326536178589
279 2.843141555786133 1.8974579572677612 1.8974577188491821
280 2.7450361251831055 1.710876226425171 1.710876226425171
281 2.854644298553467 1.7915054559707642 1.7915054559707642
282 2.986907720565796 2.0106735229492188 2.0106735229492188
283 2.9052882194519043 1.9143236875534058 1.9143236875534058
284 2.95723819732666 2.088292360305786 2.088292360305786
285 3.168809175491333 2.331028461456299 2.331028461456299
286 3.077249526977539 2.2404141426086426 2.2404141426086426
287 3.1908867359161377 2.328249216079712 2.328249216079712
288 3.014897346496582 2.149256944656372 2.149256944656372
289 3.032930612564087 2.09995174407959 2.09995174407959
290 3.0055809020996094 2.1452860832214355 2.1452860832214355
291 3.107692003250122 2.2873570919036865 2.2873573303222656
292 2.9681363105773926 2.105694055557251 2.105694055557251
293 3.1580288410186768 2.3849215507507324 2.3849215507507324
294 3.0382869243621826 2.1851906776428223 2.1851906776428223
295 3.2907350063323975 2.486084461212158 2.486084461212158
296 3.557300090789795 2.746626615524292 2.746626138687134
297 3.369419574737549 2.5255794525146484 2.5255794525146484
298 3.096961736679077 2.2601451873779297 2.2601451873779297
299 3.0623867511749268 2.2312254905700684 2.2312254905700684
300 3.264381170272827 2.483739137649536 2.483739137649536
301 3.1512577533721924 2.366602659225464 2.366602897644043
302 3.0567100048065186 2.1890878677368164 2.1890878677368164
303 3.2409098148345947 2.439941644668579 2.439941644668579
304 3.2684061527252197 2.421139717102051 2.421139717102051
305 3.0311527252197266 2.180100917816162 2.180100917816162
306 2.9509007930755615 2.1237733364105225 2.1237733364105225
307 3.029730796813965 2.21440052986145 2.21440052986145
308 3.1426949501037598 2.2320973873138428 2.2320973873138428
309 3.153285026550293 2.3018198013305664 2.3018198013305664
310 3.127906560897827 2.200268268585205 2.200268268585205
311 3.3920390605926514 2.6201093196868896 2.6201095581054688
312 3.416567325592041 2.6531529426574707 2.6531529426574707
313 3.3971636295318604 2.5723862648010254 2.5723862648010254
314 3.287914514541626 2.4747002124786377 2.4747002124786377
315 3.1565933227539063 2.324859380722046 2.324859142303467
316 3.1774072647094727 2.3563780784606934 2.3563780784606934
317 3.020622968673706 2.114189386367798 2.114189386367798
318 2.9214470386505127 1.9755421876907349 1.9755421876907349
319 3.294940948486328 2.4717302322387695 2.4717302322387695
320 3.3275704383850098 2.5660815238952637 2.5660817623138428
321 3.409235954284668 2.7198095321655273 2.7198095321655273
322 3.5328006744384766 2.842252492904663 2.842252731323242
323 3.2797863483428955 2.5640251636505127 2.5640251636505127
324 3.3741965293884277 2.7318973541259766 2.7318975925445557
325 3.3646793365478516 2.648249864578247 2.648249864578247
326 3.5813403129577637 2.848735809326172 2.848735809326172
327 3.2407922744750977 2.307964324951172 2.307964324951172
328 3.441732406616211 2.6909990310668945 2.6909990310668945
329 3.819643974304199 3.128411293029785 3.128411293029785
330 3.5624938011169434 2.842658519744873 2.842658519744873
331 3.864492893218994 3.225421905517578 3.225421905517578
332 3.814411163330078 3.24129581451416 3.24129581451416
333 4.107470512390137 3.5707406997680664 3.5707406997680664
334 4.206510066986084 3.7456839084625244 3.7456839084625244
335 3.7191696166992188 3.1431148052215576 3.1431148052215576
336 3.7839159965515137 3.1870949268341064 3.1870949268341064
337 3.8410568237304688 3.218848705291748 3.2188491821289063
338 3.7291271686553955 3.0590426921844482 3.0590426921844482
339 3.5700831413269043 2.9356744289398193 2.9356744289398193
340 3.843564510345459 3.276167154312134 3.276167154312134
341 3.641787052154541 3.004279613494873 3.004279613494873
342 3.5964412689208984 2.9267966747283936 2.9267966747283936
343 3.439157724380493 2.6840059757232666 2.6840059757232666
344 3.6082043647766113 3.03881573677063 3.03881573677063
345 3.371339797973633 2.660046339035034 2.660046339035034
346 3.867480516433716 3.2824654579162598 3.2824654579162598
347 3.1667494773864746 2.450909376144409 2.450909376144409
348 3.591322898864746 2.978963851928711 2.97896409034729
349 3.284270763397217 2.587705373764038 2.587705373764038
350 3.322685956954956 2.605109453201294 2.605109453201294
351 3.1669774055480957 2.4275267124176025 2.4275267124176025
352 3.0453641414642334 2.1801302433013916 2.1801302433013916
353 3.0108392238616943 2.172765016555786 2.172765016555786
354 3.1115050315856934 2.244626998901367 2.244626760482788
355 3.116877794265747 2.2957887649536133 2.295788288116455
356 3.2002573013305664 2.2926321029663086 2.292632579803467
357 3.090395927429199 2.304736375808716 2.304736375808716
358 2.9249939918518066 2.09897518157959 2.098975419998169
359 3.181694746017456 2.3255934715270996 2.3255934715270996
360 3.440269708633423 2.7916367053985596 2.7916362285614014
361 3.3915603160858154 2.686284065246582 2.686284303665161
362 3.2884397506713867 2.5463271141052246 2.5463271141052246
363 3.303781509399414 2.4971439838409424 2.4971439838409424
364 2.974947214126587 2.089592456817627 2.089592456817627
365 3.1187093257904053 2.3382272720336914 2.3382275104522705
366 3.0423848628997803 2.1556382179260254 2.1556384563446045
367 3.0827646255493164 2.2936065196990967 2.2936065196990967
368 2.8008127212524414 1.9390007257461548 1.9390006065368652
369 2.6711432933807373 1.7237982749938965 1.7237982749938965
370 2.883333206176758 1.9540839195251465 1.9540839195251465
371 2.8771066665649414 1.9200936555862427 1.9200936555862427
372 2.826294422149658 1.911220669746399 1.911220669746399
373 2.965355157852173 2.1613082885742188 2.161308526992798
374 2.9348039627075195 2.146289110183716 2.146289110183716
375 2.803981304168701 1.902387022972107 1.902387022972107
376 2.9380834102630615 2.001725673675537 2.001725673675537
377 2.8230934143066406 1.96808922290802 1.96808922290802
378 2.916921377182007 2.061509132385254 2.061509132385254
379 3.0924580097198486 2.3606889247894287 2.3606889247894287
380 2.880373954772949 2.003038167953491 2.003038167953491
381 2.832598924636841 1.9474363327026367 1.9474363327026367
382 2.922940254211426 2.1277565956115723 2.1277565956115723
383 2.80606746673584 1.9113903045654297 1.9113903045654297
384 2.8404150009155273 1.979345679283142 1.979345679283142
385 2.819594144821167 1.954781413078308 1.954781413078308
386 2.9994287490844727 2.1910552978515625 2.1910552978515625
387 3.020888090133667 2.315978765487671 2.315978765487671
388 3.099194049835205 2.3783657550811768 2.3783657550811768
389 2.999391794204712 2.178732395172119 2.178732395172119
390 2.8322131633758545 2.0373473167419434 2.0373473167419434
391 2.6918108463287354 1.8711473941802979 1.8711473941802979
392 2.8118598461151123 1.963875412940979 1.963875412940979
393 2.912090301513672 2.23014760017395 2.23014760017395
394 2.9308695793151855 2.2227814197540283 2.2227814197540283
395 2.967257499694824 2.323030710220337 2.323030471801758
396 2.787033796310425 2.110121488571167 2.110121488571167
397 3.0517537593841553 2.4695427417755127 2.4695427417755127
398 3.014462947845459 2.3257713317871094 2.3257713317871094
399 2.9085114002227783 2.091336965560913 2.091336965560913
400 2.8324859142303467 2.019737482070923 2.019737482070923
401 3.001453399658203 2.24367356300354 2.243673324584961
402 2.8626134395599365 2.075392246246338 2.075392246246338
403 2.9672436714172363 2.1949265003204346 2.1949265003204346
404 2.934802532196045 2.099320888519287 2.099320888519287
405 2.9554333686828613 2.1344573497772217 2.1344573497772217
406 2.968128204345703 2.1598172187805176 2.1598172187805176
407 2.8595633506774902 2.0324172973632813 2.0324172973632813
408 3.078094720840454 2.2756030559539795 2.2756030559539795
409 2.7874770164489746 1.9216923713684082 1.9216923713684082
410 2.9969122409820557 2.1955997943878174 2.1955995559692383
411 3.1188957691192627 2.339838981628418 2.339839220046997
412 3.2851738929748535 2.500103235244751 2.500103235244751
413 3.3610548973083496 2.6581995487213135 2.6581993103027344
414 3.8215367794036865 3.3186964988708496 3.3186962604522705
415 3.3411030769348145 2.6220295429229736 2.6220293045043945
416 3.2954845428466797 2.5045669078826904 2.5045669078826904
417 3.4466910362243652 2.7878963947296143 2.7878963947296143
418 3.1529064178466797 2.3835983276367188 2.383598566055298
419 3.4507603645324707 2.864767074584961 2.864767074584961
420 3.551879644393921 2.960531711578369 2.960531711578369
421 3.51606822013855 2.936434507369995 2.936434507369995
422 3.5484819412231445 3.0109453201293945 3.0109453201293945
423 3.085939884185791 2.3030567169189453 2.3030567169189453
424 3.2432944774627686 2.442638635635376 2.442638635635376
425 3.094407796859741 2.2169413566589355 2.2169413566589355
426 3.343097686767578 2.5454139709472656 2.5454139709472656
427 3.23838472366333 2.5284061431884766 2.5284063816070557
428 3.2218785285949707 2.33620285987854 2.33620285987854
429 3.258944511413574 2.5023598670959473 2.5023598670959473
430 3.4535791873931885 2.76861572265625 2.76861572265625
431 3.0615267753601074 2.2246713638305664 2.2246718406677246
432 3.3508992195129395 2.6174778938293457 2.6174778938293457
433 3.45645809173584 2.7385151386260986 2.7385151386260986
434 3.2692601680755615 2.479761838912964 2.479761838912964
435 3.400824785232544 2.636078357696533 2.636078357696533
436 3.015380382537842 2.195082426071167 2.195082426071167
437 3.101350784301758 2.2647645473480225 2.2647650241851807
438 3.4654603004455566 2.716813802719116 2.716813802719116
439 3.260153293609619 2.5289721488952637 2.5289721488952637
440 3.643548011779785 2.888899564743042 2.888899564743042
441 3.1305158138275146 2.3150131702423096 2.3150131702423096
442 3.2167158126831055 2.379789113998413 2.379789113998413
443 3.112527847290039 2.246807098388672 2.246807098388672
444 2.988966941833496 2.1035542488098145 2.1035542488098145
445 3.1192235946655273 2.274272918701172 2.2742724418640137
446 3.4259109497070313 2.610281229019165 2.610281229019165
447 3.33988618850708 2.52983021736145 2.529829978942871
448 3.3106303215026855 2.564836263656616 2.564836263656616
449 3.359968900680542 2.6246814727783203 2.6246814727783203
450 3.1609115600585938 2.360341787338257 2.360341787338257
451 3.0424792766571045 2.1998167037963867 2.1998167037963867
452 3.13602614402771 2.3338515758514404 2.3338518142700195
453 3.272561550140381 2.6050992012023926 2.6050992012023926
454 3.387024402618408 2.735196828842163 2.735196590423584
455 3.124068021774292 2.397634506225586 2.397634506225586
456 3.5017261505126953 2.831326723098755 2.831326484680176
457 3.3031420707702637 2.5819501876831055 2.5819501876831055
458 3.2425222396850586 2.5035669803619385 2.5035669803619385
459 3.203038215637207 2.439948797225952 2.4399490356445313
460 3.2727103233337402 2.611947536468506 2.611948013305664
461 3.3185842037200928 2.568000555038452 2.5680007934570313
462 3.302600622177124 2.6457600593566895 2.6457600593566895
463 3.435208559036255 2.8285202980041504 2.8285202980041504
464 3.455345869064331 2.740267276763916 2.740267276763916
465 3.3180651664733887 2.60710072517395 2.60710072517395
466 3.4159493446350098 2.813504457473755 2.813504934310913
467 3.148085832595825 2.3781960010528564 2.3781960010528564
468 3.278642416000366 2.532501459121704 2.532501459121704
469 3.339341640472412 2.526902437210083 2.526902437210083
470 3.207143783569336 2.427788257598877 2.4277877807617188
471 3.5377283096313477 2.809573173522949 2.809573173522949
472 3.8683829307556152 3.1892056465148926 3.1892058849334717
473 3.5777347087860107 2.84759783744812 2.84759783744812
474 3.6023004055023193 2.9353981018066406 2.9353981018066406
475 3.3826050758361816 2.672276258468628 2.672276258468628
476 3.2326483726501465 2.447509527206421 2.447509527206421
477 3.5703821182250977 2.8736393451690674 2.8736393451690674
478 3.644460678100586 2.962326765060425 2.962326765060425
479 3.776400566101074 3.1306660175323486 3.1306660175323486
480 3.609287977218628 2.994598388671875 2.994598388671875
481 4.00862455368042 3.511263370513916 3.511263370513916
482 4.191236972808838 3.7058475017547607 3.7058475017547607
483 3.913576126098633 3.383446216583252 3.383446216583252
484 3.8673274517059326 3.2610979080200195 3.2610974311828613
485 3.635415554046631 3.0597329139709473 3.0597329139709473
486 3.526047945022583 2.844163417816162 2.844163417816162
487 3.5874392986297607 2.9358983039855957 2.9358983039855957
488 3.5505430698394775 2.841181755065918 2.841181755065918
489 3.602980136871338 2.863887310028076 2.8638877868652344
490 3.896968364715576 3.2746694087982178 3.2746694087982178
491 3.773141860961914 3.1791911125183105 3.1791911125183105
492 3.811483383178711 3.2076611518859863 3.2076611518859863
493 3.8783376216888428 3.2806200981140137 3.2806203365325928
494 3.738663911819458 3.2674670219421387 3.2674670219421387
495 3.4753270149230957 2.76208233833313 2.76208233833313
496 3.6399455070495605 3.0607004165649414 3.0607004165649414
497 3.7295985221862793 3.163370132446289 3.163370132446289
498 3.567232847213745 2.8401761054992676 2.8401761054992676
499 3.736046552658081 3.012587308883667 3.012587308883667
500 3.710448741912842 3.00425124168396 3.00425124168396
501 3.7147886753082275 3.077662467956543 3.077662467956543
502 3.6161279678344727 3.0070817470550537 3.0070817470550537
503 3.622774362564087 2.9853687286376953 2.9853687286376953
504 3.9927761554718018 3.4056484699249268 3.4056484699249268
505 3.844498634338379 3.2816834449768066 3.281683921813965
506 3.4426746368408203 2.75396990776062 2.75396990776062
507 3.643148899078369 3.041815757751465 3.0418155193328857
508 4.089674949645996 3.5130181312561035 3.5130176544189453
509 4.15774393081665 3.7107036113739014 3.7107036113739014
510 4.141330242156982 3.6565446853637695 3.6565446853637695
511 3.962425470352173 3.4598934650421143 3.4598934650421143
512 3.623805046081543 3.0711967945098877 3.0711967945098877
513 3.556845188140869 2.9040653705596924 2.9040656089782715
514 3.578887701034546 2.977113962173462 2.977113962173462
515 3.6399295330047607 3.0471043586730957 3.0471043586730957
516 3.777292013168335 3.1451992988586426 3.145199775695801
517 3.823493003845215 3.348393678665161 3.348393678665161
518 3.521852970123291 2.9282772541046143 2.9282772541046143
519 3.7241063117980957 3.1758410930633545 3.1758410930633545
520 3.629098892211914 3.0299856662750244 3.0299856662750244
521 3.4857115745544434 2.725740909576416 2.725741147994995
522 3.202759027481079 2.453831434249878 2.453831434249878
523 2.8561482429504395 1.9597269296646118 1.9597269296646118
524 2.926931619644165 2.071873903274536 2.071873903274536
525 2.8641488552093506 1.936827540397644 1.936827540397644
526 3.0913748741149902 2.2666501998901367 2.266650438308716
527 3.0963261127471924 2.272886276245117 2.272886276245117
528 3.1328136920928955 2.3702447414398193 2.3702447414398193
529 3.156404733657837 2.3831729888916016 2.3831734657287598
530 3.0884780883789063 2.2341630458831787 2.2341630458831787
531 3.0763838291168213 2.2176332473754883 2.2176332473754883
532 3.2369446754455566 2.4208712577819824 2.4208712577819824
533 3.2107467651367188 2.3285629749298096 2.3285629749298096
534 3.149773597717285 2.298783302307129 2.298783302307129
535 2.995156764984131 2.0904428958892822 2.0904428958892822
536 3.2865359783172607 2.4951281547546387 2.4951281547546387
537 3.3877246379852295 2.6497538089752197 2.649754047393799
538 3.112159252166748 2.215883255004883 2.215883255004883
539 3.549208402633667 2.8884027004241943 2.8884027004241943
540 3.0797696113586426 2.237421989440918 2.237421989440918
541 3.321164608001709 2.5508828163146973 2.5508832931518555
542 3.106332778930664 2.2926015853881836 2.2926015853881836
543 3.0597984790802 2.200411558151245 2.200411319732666
544 2.8752074241638184 1.9274845123291016 1.9274845123291016
545 3.1434943675994873 2.297544479370117 2.297544479370117
546 2.9629099369049072 2.042656898498535 2.042656898498535
547 2.8169069290161133 1.8054630756378174 1.805463194847107
548 2.806910514831543 1.88155198097229 1.88155198097229
549 2.956068992614746 1.9869476556777954 1.986947774887085
550 2.802529811859131 1.8203790187835693 1.8203790187835693
551 2.833289623260498 1.8443455696105957 1.8443455696105957
552 2.8248941898345947 1.8646208047866821 1.8646206855773926
553 2.8838415145874023 1.8442087173461914 1.8442087173461914
554 2.901777982711792 1.912284016609192 1.912284016609192
555 2.803105115890503 1.8265963792800903 1.8265963792800903
556 2.7946972846984863 1.7847208976745605 1.7847208976745605
557 2.8393194675445557 1.8361765146255493 1.8361765146255493
558 2.8909683227539063 1.9361737966537476 1.9361737966537476
559 2.906306028366089 1.877400279045105 1.877400279045105
560 2.8610262870788574 1.8039122819900513 1.8039122819900513
561 2.809201240539551 1.7678219079971313 1.7678219079971313
562 2.8343095779418945 1.7716537714004517 1.7716537714004517
563 2.898289203643799 1.9276854991912842 1.9276857376098633
564 2.8203423023223877 1.7758395671844482 1.775839924812317
565 2.823256254196167 1.830322027206421 1.8303221464157104
566 2.793874502182007 1.7843191623687744 1.7843191623687744
567 2.9129891395568848 1.857041358947754 1.857041358947754
568 2.7813210487365723 1.7810219526290894 1.7810219526290894
569 2.9411234855651855 1.9244304895401 1.9244304895401
570 3.1445157527923584 2.1828114986419678 2.1828114986419678
571 2.80474591255188 1.6970614194869995 1.6970614194869995
572 2.8873937129974365 1.8066521883010864 1.8066521883010864
573 2.905179977416992 1.881073236465454 1.881073236465454
574 2.831049680709839 1.7651292085647583 1.7651292085647583
575 2.9855315685272217 2.0436365604400635 2.0436365604400635
576 2.81387996673584 1.8198041915893555 1.8198041915893555
577 2.8825485706329346 1.8402070999145508 1.8402070999145508
578 2.8163082599639893 1.7680644989013672 1.7680644989013672
579 2.800717830657959 1.715315818786621 1.715315818786621
580 2.995662212371826 1.9476548433303833 1.9476547241210938
581 2.80814528465271 1.8353941440582275 1.8353941440582275
582 2.8637919425964355 1.864776372909546 1.864776372909546
583 3.243626117706299 2.2682857513427734 2.2682855129241943
584 2.7883191108703613 1.791480541229248 1.791480541229248
585 3.186812400817871 2.190908670425415 2.190908908843994
586 2.95924711227417 1.9559574127197266 1.955957293510437
587 2.994596004486084 2.008819341659546 2.008819341659546
588 2.851407527923584 1.8089606761932373 1.8089606761932373
589 3.033118963241577 2.060732841491699 2.0607330799102783
