5 	 10.003710746765137
6 	 8.002524375915527
7 	 5.569604873657227
8 	 3.156193971633911
9 	 1.433950424194336
10 	 1.0906485319137573
11 	 0.9990288615226746
12 	 1.3446502685546875
13 	 1.300205111503601
14 	 1.3102701902389526
15 	 0.9392260909080505
16 	 0.8198697566986084
17 	 0.6326699256896973
18 	 0.5953814387321472
19 	 0.5514224171638489
20 	 0.5935911536216736
21 	 0.6884909272193909
22 	 0.9177954792976379
23 	 1.0539696216583252
24 	 1.483009696006775
25 	 1.1705204248428345
26 	 1.1667933464050293
27 	 1.3117940425872803
28 	 1.3065811395645142
29 	 1.1307786703109741
30 	 0.8595218062400818
31 	 0.8479766249656677
32 	 0.950314998626709
33 	 0.8574784994125366
34 	 0.7183929085731506
35 	 0.8589115738868713
36 	 1.0050013065338135
37 	 0.9374127388000488
38 	 0.6981567740440369
39 	 0.7450623512268066
40 	 0.8549842834472656
41 	 0.7741915583610535
42 	 0.7091358304023743
43 	 0.848233163356781
44 	 0.9377838373184204
45 	 0.9067633152008057
46 	 0.9665409326553345
47 	 0.8131375908851624
48 	 0.8444347381591797
49 	 0.8485450744628906
50 	 0.8196327090263367
51 	 0.7721239328384399
52 	 0.7927016019821167
53 	 0.8799226880073547
54 	 1.0711675882339478
55 	 1.3173766136169434
56 	 1.0711098909378052
57 	 1.3140758275985718
58 	 1.356864333152771
59 	 1.1124969720840454
60 	 0.916854202747345
61 	 0.864475667476654
62 	 0.9675328135490417
63 	 0.9216201305389404
64 	 0.7972817420959473
65 	 1.021270990371704
66 	 1.289328932762146
67 	 1.1522092819213867
68 	 1.1705819368362427
69 	 1.0632771253585815
70 	 1.2565888166427612
71 	 1.3815929889678955
72 	 0.9303481578826904
73 	 0.8541650176048279
74 	 0.6233497858047485
75 	 0.5299999713897705
76 	 0.46921128034591675
77 	 0.47958260774612427
78 	 0.6210475564002991
79 	 0.907760500907898
80 	 0.9351155757904053
81 	 1.094824194908142
82 	 0.9085168838500977
83 	 0.7321452498435974
84 	 0.6364178657531738
85 	 0.6453607082366943
86 	 0.6488890051841736
87 	 0.6103073954582214
88 	 0.597923219203949
89 	 0.6320822834968567
90 	 0.6940441131591797
91 	 0.7127749919891357
92 	 0.802495002746582
93 	 0.9450556635856628
94 	 0.976412296295166
95 	 1.2466236352920532
96 	 1.133818507194519
97 	 0.9532448053359985
98 	 1.0863633155822754
99 	 1.100083589553833
100 	 0.8662059307098389
101 	 0.8262456059455872
102 	 0.929967999458313
103 	 0.752586305141449
104 	 0.6799813508987427
105 	 0.5665559768676758
106 	 0.541508674621582
107 	 0.6064761877059937
108 	 0.5595514178276062
109 	 0.6790771484375
110 	 0.8104692697525024
111 	 1.421273946762085
112 	 1.7236552238464355
113 	 1.872146487236023
114 	 0.7821261882781982
115 	 0.6493884921073914
116 	 0.6625156402587891
117 	 0.6956393122673035
118 	 0.704264223575592
119 	 0.7275667786598206
120 	 0.7998340725898743
121 	 0.814349889755249
122 	 0.8720850348472595
123 	 0.9593537449836731
124 	 1.0163073539733887
125 	 1.134157657623291
126 	 1.0837653875350952
127 	 1.1855549812316895
128 	 1.11936616897583
129 	 1.1845403909683228
130 	 1.5174118280410767
131 	 1.0764175653457642
132 	 1.012599229812622
133 	 0.9625357985496521
134 	 0.7882077693939209
135 	 0.6997236013412476
136 	 0.7591410875320435
137 	 0.7235718369483948
138 	 0.6392385959625244
139 	 0.6185381412506104
140 	 0.7232351303100586
141 	 0.7337112426757813
142 	 0.6680201292037964
143 	 0.7116310596466064
144 	 0.859696626663208
145 	 0.8036772012710571
146 	 0.7708008289337158
147 	 0.6863584518432617
148 	 0.7133016586303711
149 	 0.6789495348930359
150 	 0.6271843314170837
151 	 0.62019944190979
152 	 0.6083025932312012
153 	 0.5338776111602783
154 	 0.5548452734947205
155 	 0.5420379638671875
156 	 0.5942460298538208
157 	 0.6855855584144592
158 	 0.8519412875175476
159 	 1.4460910558700562
160 	 1.3018678426742554
161 	 1.0826326608657837
162 	 0.9702165722846985
163 	 0.7846788763999939
164 	 0.6341333985328674
165 	 0.5812117457389832
166 	 0.6227568984031677
167 	 0.5980647802352905
168 	 0.5538140535354614
169 	 0.5209394693374634
170 	 0.5403806567192078
171 	 0.5031905174255371
172 	 0.5359146595001221
173 	 0.5616195797920227
174 	 0.6450762748718262
175 	 0.6262812614440918
176 	 0.6953768134117126
177 	 0.783302366733551
178 	 1.0463820695877075
179 	 1.195934772491455
180 	 1.4638476371765137
181 	 1.6689294576644897
182 	 1.8395380973815918
183 	 1.8705742359161377
184 	 1.8018078804016113
185 	 2.1560287475585938
186 	 2.4048140048980713
187 	 2.3543331623077393
188 	 2.8879876136779785
189 	 2.4502134323120117
190 	 2.0902252197265625
191 	 1.7082436084747314
192 	 1.4441379308700562
193 	 1.5651166439056396
194 	 1.4550639390945435
195 	 1.1203958988189697
196 	 1.0153346061706543
197 	 1.0802762508392334
198 	 1.018056869506836
199 	 0.8032063841819763
200 	 0.8610994815826416
201 	 0.9806892275810242
202 	 1.011088252067566
203 	 0.8832392692565918
204 	 0.9339624047279358
205 	 0.7467793822288513
206 	 0.6107286810874939
207 	 0.6369046568870544
208 	 0.5980445146560669
209 	 0.593873918056488
210 	 0.5262376070022583
211 	 0.5312145948410034
212 	 0.5382733941078186
213 	 0.5946218967437744
214 	 0.7284711599349976
215 	 0.8151112198829651
216 	 1.1587244272232056
217 	 1.0870437622070313
218 	 1.1649088859558105
219 	 2.195453405380249
220 	 3.185288429260254
221 	 3.7253189086914063
222 	 4.080019474029541
223 	 4.970020294189453
224 	 5.780303478240967
225 	 5.6565728187561035
226 	 5.72765588760376
227 	 6.916821479797363
228 	 5.785122871398926
229 	 5.032258987426758
230 	 3.6327080726623535
231 	 2.724574089050293
232 	 1.9243396520614624
233 	 1.9743996858596802
234 	 1.3258869647979736
235 	 0.7486940026283264
236 	 0.8848258852958679
237 	 0.8556224703788757
238 	 0.8050544857978821
239 	 0.8704338669776917
240 	 0.9602712392807007
241 	 0.9215409755706787
242 	 1.129478931427002
243 	 0.9804503321647644
244 	 0.9608762860298157
245 	 0.8921099305152893
246 	 1.0245367288589478
247 	 1.1987533569335938
248 	 1.0093449354171753
249 	 0.7338826656341553
250 	 0.7384528517723083
251 	 0.6978009939193726
252 	 0.6869123578071594
253 	 0.869441032409668
254 	 0.8214797377586365
255 	 0.8015971779823303
256 	 0.7721047401428223
257 	 0.543895959854126
258 	 0.5277509093284607
259 	 0.5196912884712219
260 	 0.5139291286468506
261 	 0.543895959854126
262 	 0.5844351053237915
263 	 0.6328024864196777
264 	 0.6147257089614868
265 	 0.7871071100234985
266 	 1.0960301160812378
267 	 0.8370859622955322
268 	 0.9615336060523987
269 	 0.9819239974021912
270 	 0.9894961714744568
271 	 1.185653805732727
272 	 1.082166314125061
273 	 1.0184067487716675
274 	 1.0729271173477173
275 	 1.4522846937179565
276 	 1.8595092296600342
277 	 1.8422918319702148
278 	 1.9072983264923096
279 	 1.8979487419128418
280 	 1.7063872814178467
281 	 1.1203452348709106
282 	 0.9721868634223938
283 	 0.9292317032814026
284 	 0.7725907564163208
285 	 0.6663774847984314
286 	 0.5962761640548706
287 	 0.5347769260406494
288 	 0.5408827066421509
289 	 0.5374014377593994
290 	 0.576032817363739
291 	 0.697416365146637
292 	 0.7176692485809326
293 	 0.8948196768760681
294 	 0.7932112812995911
295 	 0.8462797403335571
296 	 0.8798211812973022
297 	 0.9379173517227173
298 	 0.8398962616920471
299 	 0.7335311770439148
300 	 0.8279412984848022
301 	 0.8390065431594849
302 	 0.7929236888885498
303 	 0.9252780079841614
304 	 1.149979829788208
305 	 1.008013367652893
306 	 1.1664077043533325
307 	 1.9347305297851563
308 	 2.032299280166626
309 	 1.7497854232788086
310 	 1.5567430257797241
311 	 1.3066654205322266
312 	 2.214937210083008
313 	 1.8076614141464233
314 	 1.6100090742111206
315 	 1.6133931875228882
316 	 1.2448666095733643
317 	 1.2061264514923096
318 	 0.8447495698928833
319 	 0.684236466884613
320 	 0.6192843317985535
321 	 0.6462253928184509
322 	 0.6713517904281616
323 	 0.6316932439804077
324 	 0.5710363388061523
325 	 0.5633531212806702
326 	 0.5159638524055481
327 	 0.484110563993454
328 	 0.4599045217037201
329 	 0.46782270073890686
330 	 0.5405869483947754
331 	 0.6073128581047058
332 	 0.7128612399101257
333 	 1.2265048027038574
334 	 1.7428404092788696
335 	 3.055845022201538
336 	 2.1450583934783936
337 	 0.8713394999504089
338 	 0.6152738928794861
339 	 0.6184789538383484
340 	 0.568990170955658
341 	 0.6007772088050842
342 	 0.9474588632583618
343 	 0.7896856665611267
344 	 0.7512895464897156
345 	 0.8473185896873474
346 	 0.8542206883430481
347 	 0.8059353828430176
348 	 0.8239774107933044
349 	 0.6140339970588684
350 	 0.541175127029419
351 	 0.4983343780040741
352 	 0.5315519571304321
353 	 0.5178754925727844
354 	 0.5128146409988403
355 	 0.6795264482498169
356 	 0.8839512467384338
357 	 1.4430394172668457
358 	 1.0613352060317993
359 	 0.9801214337348938
360 	 0.8084526062011719
361 	 0.5906232595443726
362 	 0.5853361487388611
363 	 0.7375533580780029
364 	 1.2695956230163574
