0 10.04782667954421
1 10.09041933874427
2 9.798139761576403
3 9.518495309364464
4 10.08778617577315
5 10.073123240868686
6 10.039875827163293
7 10.041922140180597
8 9.567264950242745
9 10.013816946750872
10 10.233007901263656
11 9.479808388477425
12 9.842969265892714
13 9.535493736457353
14 9.367860881599976
15 9.457153415505633
16 9.73315613275567
17 8.694788892892799
18 8.586546955570952
19 8.314318665223954
20 8.525366966442405
21 8.220795245648493
22 10.007793638088833
23 11.77017382521978
24 7.584601891823714
25 9.526028464441572
26 9.041516086821744
27 10.093433370977431
28 9.561409556235153
29 9.989828505723255
30 9.71027099052666
31 8.472392673574463
32 8.956959250205646
33 11.025832703356164
34 9.870597878262162
35 11.115632748688105
36 11.905292561626634
37 11.360274122084277
38 11.42431838822006
39 11.654837561401047
40 11.32033949332507
41 10.774569606486452
42 11.264219875677556
43 11.700601194873427
44 9.164777625591212
45 10.76444443694148
46 11.35307166696397
47 11.697234280116351
48 12.106468757696403
49 11.199644325256333
50 11.97810272848073
51 7.657659872384702
52 11.973824802906151
53 11.438110476051547
54 10.171218633421791
55 12.50382052331156
56 10.508912182207196
57 8.998740991094936
58 10.308036681989657
59 10.301720057616386
60 11.85437903951511
61 10.573271705481183
62 10.8672725969232
63 11.904344562304646
64 11.278901435271072
65 11.553951100058685
66 10.894931029480464
67 9.360199086600966
68 11.069613440128613
69 9.542613296598004
70 10.84808328886876
71 10.109016120382611
72 10.159271727184109
73 11.601792286475956
74 11.260723624668604
75 11.6179822163554
76 11.700498905322023
77 10.682105626928811
78 10.036184348402184
79 11.177289953045872
80 11.927457385614046
81 12.220819553340714
82 11.791581309434497
83 11.265634801206902
84 11.906498813331313
85 11.345790063419225
86 12.061002751863596
87 11.110058668861233
88 9.038015744640454
89 9.902723841311436
90 12.550247621320466
91 11.21052862826466
92 8.268691890882911
93 12.690521122518954
94 9.5611781587375
95 11.262892991110371
96 9.616178343578765
97 11.227713605000305
98 11.403893570168297
99 9.356412211949957
100 10.49312136855137
101 10.96985745357694
102 10.902278626108814
103 9.928367256653182
104 12.034150295162508
105 12.270298759201832
106 11.243602129399385
107 9.278271769212607
108 10.707279583721691
109 9.718979747652078
110 9.161352134377923
111 12.047784958810473
112 11.142928068706034
113 9.051299571397958
114 9.20700287159552
115 9.062432436540353
116 8.394796161668568
117 11.048588185834925
118 11.975312398226208
119 8.336229753533583
120 12.000270082585514
121 11.212084083267564
122 11.345011724806984
123 12.214244424044757
124 11.70998112260118
125 9.206648465525527
126 11.57854590302255
127 11.32640766270556
128 12.07116415132807
129 13.260050794508313
130 12.386455897964533
131 12.128815265689363
132 12.125881105148446
133 10.219521411728183
134 12.143342335234134
135 12.22478365567444
136 11.382790319499119
137 11.667776539794191
138 11.049172929937015
139 11.16998597163986
140 9.71383117399561
141 11.649539109097072
142 11.320923026612942
143 11.963562955512137
144 10.296976493093792
145 10.004722428823877
146 10.25872949405927
147 10.969525829124057
148 10.981383359483399
149 10.782848423894237
150 11.856878844318436
151 13.36950906422765
152 12.985260233160785
153 10.421481232880105
154 11.544494624631398
155 11.380473223364314
156 13.602816493714142
157 12.031544378178431
158 11.616846857206633
159 12.602083708322475
160 10.391069770957175
161 10.28218313273852
162 11.9136955120751
163 11.333085151511042
164 11.317383311245287
165 11.401072290034534
166 10.921811036210041
167 9.530931189853101
168 7.790567006493565
169 9.605404416654157
170 10.177247656106926
171 7.606968640382117
172 9.873364684123079
173 4.831086018327813
174 6.757151824064403
175 7.1312086836281985
176 8.35559291274231
177 6.705949800353461
178 8.3606793103393
179 6.744724471630295
180 8.77651409024156
181 8.788624437100394
182 5.101945802623119
183 5.562674476602947
184 7.736766138605042
185 11.04579486013126
186 8.94002376612676
187 9.38537001293003
188 8.869056098287837
189 8.75236205979842
190 10.924436910884479
191 9.64959659218818
192 10.48786225264764
193 13.86853993483679
194 10.003994541846788
195 11.450154108155592
196 12.655495107269674
197 7.832603679521718
198 12.339982808696801
199 9.82181673208264
200 10.540161949188146
201 9.862192081629964
202 11.564101156598007
203 11.110084159882426
204 9.034964818784474
205 9.696552249364997
206 9.582383237441988
207 11.160886194712893
208 12.015505079632382
209 4.375347788910817
210 8.558654323435217
211 5.982238878182262
212 5.704867493318462
213 6.509957852881249
214 6.827856450423989
215 5.0342038200986305
216 10.078669998581784
217 8.768377795746623
218 6.485956903769894
219 9.15274455374921
220 7.1960337375800485
221 6.952018683824703
222 6.9489756218740935
223 10.86129632911647
224 5.727092320025535
225 7.699140938458578
226 5.8613745608607335
227 9.2702011459336
228 6.932340714207104
229 8.071187776621308
230 6.712619959326818
231 4.702577896860301
232 5.186015409086629
233 2.929402863717323
234 5.505149759976042
235 2.6697591472189512
236 4.259983942884894
237 4.8406338212981295
238 2.827795348025426
239 2.908746198955214
240 5.0817056576063795
241 3.293570411434319
242 5.281853840666504
243 2.8328154240591106
244 3.0166181666610816
245 7.469667070730969
246 4.919211735991728
247 6.872627750940737
248 6.777277858063836
249 2.6134557155902343
250 2.8982434659574463
251 4.865300776382722
252 7.260624369971997
253 2.8290115447039232
254 2.93347529551085
255 7.468461218224902
256 2.5270851311502356
257 3.00994660840607
258 2.748323219210001
259 2.782738079129374
260 2.6990862106589737
261 2.9311489631270033
262 2.758996630285993
263 5.915845090194976
264 5.385327735170391
265 5.325763479318855
266 6.825075663151034
267 5.8499489071310204
268 9.401021199287333
269 2.9855239662236315
270 9.207053938001893
271 7.379366777908643
272 3.0297702206077664
273 5.795347704658883
274 4.188478944418584
275 6.692486745391929
276 5.424177566441553
277 2.7267001001141096
278 4.733982744520308
279 5.160188955605236
280 3.013847988573508
281 3.2610673781090274
282 2.6523845320503225
283 7.395298708934536
284 2.792802830215018
285 2.718391417413839
286 8.410121926757567
287 4.860481071696484
288 4.473980730147778
289 2.603559293170131
290 6.3976494614929775
291 2.8345866999623057
292 8.542160645394278
293 5.027286277802177
294 7.1945200096662685
295 4.5399687139697225
296 6.146676538121744
297 5.658747476273451
298 6.909141751682238
299 5.041616216025122
300 7.3994277658061645
301 8.023882338443936
302 2.842489677179563
303 2.7452062503625987
304 4.925375062793828
305 7.974296431196159
306 6.290190981290374
307 7.768223494702705
308 7.705678826313067
309 4.110950299809403
310 3.2452327269295127
311 4.934465644565445
312 7.082069003373342
313 10.563546113190752
314 7.625285794127032
315 7.770159059803786
316 6.453198343703507
317 2.935825869750875
318 6.426116186149915
319 6.017501084525974
320 6.200493084428532
321 4.822231510054461
322 6.6204405842338305
323 5.786718360518409
324 8.511258367382377
325 7.853540871529248
326 6.698129192092258
327 6.461144326344398
328 8.042508960058825
329 7.564605419188773
330 4.925509701978234
331 5.230470439156313
332 5.247656677599945
333 2.625995213825063
334 4.407546156077961
335 8.719991346654801
336 4.702996904177375
337 11.526662382583938
338 8.13261457637994
339 11.09142885173193
340 10.661820551092049
341 10.284556700589263
342 10.714403280281093
343 8.096723129990448
344 9.397371582692571
345 10.198300503440198
346 7.476209353061024
347 8.690316641453379
348 9.079592909951685
349 9.195081475455522
350 9.447531805852632
351 9.777552660723119
352 9.415576613576116
353 10.581352741585016
354 11.426611727867833
355 10.919348644177946
356 10.728141561147677
357 7.7438257634366
358 9.25632704465847
359 7.377528704130938
360 8.133251357113709
361 8.795202334959876
362 8.789755595197878
363 9.507698381861166
364 10.14350884130294
365 7.918826282846601
366 10.060293712933111
367 7.7293128081544475
368 9.132791887027937
369 9.077401351824609
370 8.939416054173174
371 9.81801326349865
372 7.742297476986754
373 7.0239231455849955
374 9.044705591874616
375 8.172480887779102
376 10.69497191404067
377 8.473610321412774
378 9.754278296847927
379 8.306294873673027
380 7.480489091836611
381 9.685759490886397
382 8.353006608204742
383 5.567816923500885
384 8.439906029706501
385 8.639414931804923
386 7.302749631701998
387 10.682309054192709
388 10.009122986464375
389 8.509144333745393
390 9.256631665534478
391 8.883340616243787
392 8.722006330768998
393 10.928170534058639
394 6.634824365622744
395 9.591924706248562
396 9.609857735314034
397 9.79702419202857
398 8.125765850929302
399 11.157866021819618
400 7.074586609021999
401 9.122932488504222
402 8.063552930666463
403 8.39859562178394
404 9.783199156991481
405 9.028985203869441
406 9.267740969324684
407 6.81595576222963
408 12.16154368791674
409 8.786709650680768
410 10.158870345192865
411 10.014668549979975
412 7.544516944236972
413 4.618348683250405
414 9.613769937438747
415 3.981564920369953
416 6.540909813641563
417 6.206993680909786
418 7.710936880898339
419 2.765851685040236
420 6.804490384522796
421 2.7219356882808907
422 5.340931728659021
423 2.8609342284865917
424 4.302948685936645
425 2.719852796497111
426 2.7988790162012243
427 2.8982226136656393
428 4.377625365432646
429 6.587108245771555
430 9.71636140353087
431 8.947975174388263
432 6.330311922833507
433 6.59637789746666
434 7.645399447177225
435 10.17253643322176
436 8.556481184156672
437 8.547296658594394
438 9.2352987752066
439 10.68425498560974
440 10.831083511102351
441 4.998992409971049
442 7.38451138380513
443 2.775610342877415
444 7.285782243342925
445 5.5988737564487945
446 10.144859871483444
447 8.939500442836438
448 7.527600773091731
449 4.090984367490547
450 9.665751364129799
451 9.92851148382362
452 9.431969584360342
453 7.4922931140983
454 11.071165050186575
455 6.972726118529949
456 9.2713401320853
457 9.716554502917399
458 9.915228371802579
459 10.230632270642419
460 9.968985901207882
461 7.674726608141599
462 7.340172091781954
463 2.894768410956456
464 9.227038554474683
465 5.4691107465728965
466 9.473451306783138
467 9.49178024713502
468 8.63247165710198
469 9.385834463490601
470 7.885488004765978
471 9.48815826471912
472 6.964791825009818
473 4.7097001303754595
474 2.67223173603121
475 2.8499509328984645
476 2.655589452634309
477 2.7830980367134637
478 2.9870410163165
479 3.3737117089945174
480 2.8377376930194003
481 2.8576204512472456
482 11.302711618056108
483 6.762187884023499
484 5.859169716391661
485 10.383703782630182
486 9.568973381171146
487 9.425131566246604
488 8.06419745335157
489 7.320867037245034
490 4.958860987797641
491 5.044627918309666
492 6.196536782570951
493 6.740065822909941
494 2.991441384909797
495 2.7079433606478136
496 2.895144148777235
497 2.722079131151282
498 4.6259488352666365
499 4.667805792013621
500 2.8353616701334707
501 2.7921350863562076
502 2.8365090633581205
503 2.7228631638510308
504 9.594531992270829
505 2.804928960343375
506 2.8778564985156256
507 2.7563228063122067
508 5.1695162628147155
509 2.9238333657701516
510 2.987807993840569
511 3.075776934442824
512 11.204292019575945
513 6.952591956310945
514 7.215518485157102
515 7.087098993203813
516 4.50383804103728
517 9.91984795884733
518 9.338182489893882
519 11.460831170645575
520 9.448302969853568
521 3.129981835331732
522 9.324706075644276
523 9.787203193957321
524 9.264491907512893
525 8.984869219215263
526 9.993166157896939
527 8.588960592246
528 11.72748514256913
529 9.674540185430406
530 9.70467169043513
531 10.013198759764451
532 6.941260783138564
533 6.342272286988006
534 6.7323310536542
535 4.4707055655227155
536 6.633605466376737
537 6.34908586097794
538 2.9191595575628
539 2.701518026095864
540 4.825440127814324
541 9.978877990193858
542 5.035368646232017
543 7.5876349455491034
544 8.276794719511884
545 6.689273843241581
546 4.595148269968215
547 6.59107499395111
548 8.191934491732324
549 8.309804831309798
550 7.192915357661385
551 8.06760446209398
552 12.435432832342597
553 11.32379557199461
554 10.980869587446746
555 11.181583826129428
556 10.810952703546825
557 13.008984860925352
558 12.050853901893383
559 10.347962481278692
560 9.807326986808393
561 10.981621927150488
562 9.863708356858757
563 7.516934721664988
564 3.0055416025872908
565 2.7310855161588568
566 6.165585034534966
567 4.3688131968648625
568 6.52056872964789
569 8.28057634271171
570 10.161232162744191
571 7.150657621391842
572 11.875486807724283
573 11.730610007877493
574 9.193842538039016
575 10.215193344566229
576 9.34504841812882
577 9.087510480149827
578 10.93186832867546
579 11.927397602877326
580 11.418909619648915
581 10.844074031218847
582 10.073775219912731
583 7.984841508429881
584 10.244987169518655
585 11.297748395954539
586 9.626356259530176
587 10.616204895803772
588 10.585362108687894
589 12.13453666883992
