0 2.5455530831864093
1 2.5636956998997027
2 2.591762211141988
3 2.6521080027641473
4 2.5961388346396324
5 2.675808242642996
6 2.6762933393500186
7 2.6228739377764083
8 2.5127805850770444
9 2.52145406123032
10 2.5923166304381158
11 2.6221309114092066
12 2.563416974819837
13 2.6934218415236826
14 2.6075040940647605
15 2.5885327536976805
16 2.6512531443696155
17 2.5685979362742155
18 2.570648314699244
19 2.4881641210583894
20 2.691376682198347
21 2.6239267464431317
22 2.6971032303696028
23 2.610178911775114
24 2.612681732558994
25 2.549482073978606
26 2.545385038909707
27 2.565594481848895
28 2.7606687106759913
29 2.5839837811364252
30 2.6953510860951226
31 2.5655777326269926
32 2.5445497320037513
33 2.779895319219511
34 2.7472839526344712
35 2.6819586434367135
36 2.4649677283880003
37 2.626117298262902
38 2.6039936523029517
39 2.594731977124758
40 2.6379362174018866
41 2.7331230055438334
42 2.6721097643753637
43 2.5072119446823447
44 2.579970826430343
45 2.565618650200152
46 2.528056291673451
47 2.6728881762174566
48 2.7885736305180546
49 2.715971246955119
50 2.660241941755799
51 2.6215274726443525
52 2.623503231653268
53 2.6329467329487612
54 2.7024742102866286
55 2.680230178542028
56 2.614585198853801
57 2.5222638164018067
58 2.592120541230056
59 2.6599109077215655
60 2.4806468194453055
61 2.70136677306219
62 2.6877185536765498
63 2.6445910391693417
64 2.5417379398943547
65 2.6650033639083217
66 2.6878498731272153
67 2.7415309536365116
68 2.5651653401174004
69 2.6240825915400294
70 2.570055798887013
71 2.583982901022161
72 2.560167062803033
73 2.550697951676533
74 2.615841758957258
75 2.67638849820783
76 2.5531283318336615
77 2.5730621676236325
78 2.606833463973306
79 2.580841678574926
80 2.5424374851079174
81 2.5308028526478448
82 2.472959430529047
83 2.7563368441237523
84 2.5766495907939455
85 2.5564653801920985
86 2.5380894109703376
87 2.598516506600147
88 2.6850654800910183
89 2.5994671527345266
90 2.563599528645235
91 2.5526270247119998
92 2.730043467409457
93 2.555058371789511
94 2.573949689289742
95 2.6160884075418096
96 2.6252231910450687
97 2.5829779276920135
98 2.601530414865637
99 2.573280482792321
100 2.650898643430294
101 2.6126533052839753
102 2.603734815496465
103 2.6704493961890443
104 2.6061963213535484
105 2.6276579756441634
106 2.6626716992211135
107 2.657726604603703
108 2.748915364732223
109 2.626915269000268
110 2.602943849909374
111 2.675047042346134
112 2.628476051202045
113 2.541389366551205
114 2.5836880224670287
115 2.6139749622804267
116 2.570413827998011
117 2.5208940530815918
118 2.572981195915596
119 2.5502143680297826
120 2.5138026776151343
121 2.594793912678871
122 2.750660331255006
123 2.62605540022116
124 2.698179225786436
125 2.586535958173595
126 2.5657985380550166
127 2.61732769769423
128 2.724691175894375
129 2.5815856957977474
130 2.5652128785266166
131 2.6138409498028525
132 2.639586947399858
133 2.4949464089709936
134 2.5569795056042053
135 2.5345740366751426
136 2.633897682654569
137 2.557555961737042
138 2.651279061299466
139 2.5971682990415426
140 2.686166511385166
141 2.5534403098929723
142 2.510576382943232
143 2.6125270650179333
144 2.6021375623607
145 2.640872292126415
146 2.6737868688794744
147 2.6599331530829273
148 2.5902425415888835
149 2.5758632895590794
150 2.7006480211732966
151 2.6027871917704535
152 2.4897810059856282
153 2.6048715030048117
154 2.7053322020879205
155 2.5944434256791746
156 2.599901963989656
157 2.505293898653973
158 2.678517465465023
159 2.594664721150529
160 2.6273927083476982
161 2.620148190571612
162 2.660495791247011
163 2.589400421823488
164 2.6765401843149865
165 2.5408215932893894
166 2.710746010408944
167 2.6467486217860445
168 2.5452322384718884
169 2.583395862492105
170 2.568879510422124
171 2.6112792497599515
172 2.5173869773886235
173 2.645963531112301
174 2.664751280174218
175 2.5217027216804335
176 2.732687175054186
177 2.6868582557386427
178 2.5859745109817243
179 2.6483179207215843
180 2.7363413844300624
181 2.6252678087797
182 2.566198027770882
183 2.622641434755066
184 2.6176735385679937
185 2.5901782616772717
186 2.5977320583560344
187 2.610712015297645
188 2.7000822398626796
189 2.698220780376843
190 2.5580387556836315
191 2.8274286063948173
192 2.7836316046215788
193 2.7043535886682375
194 2.594362723230596
195 2.5671943220681244
196 2.5279040821904157
197 2.6821605342827253
198 2.833177203854943
199 2.7928202568279077
200 2.6223693494222426
201 2.6306717677559512
202 2.8443410688592863
203 2.634353867211421
204 2.567220737018632
205 2.5906626046958556
206 2.681019442186066
207 2.539468930092982
208 2.6985031682753906
209 2.6090440496665273
210 2.8673589957668772
211 2.57999424619941
212 2.624889617700453
213 2.534689289900415
214 2.5486928988016517
215 2.689476731226416
216 2.686040600607608
217 2.6303275263231534
218 2.644488323820019
219 2.541738494427125
220 2.6147575970454784
221 2.7520055510007873
222 2.5747186214286177
223 2.7584298580918603
224 2.7135268129682286
225 2.7833640180238017
226 2.6076049804415447
227 2.663385472783673
228 2.6012097212893384
229 2.6926357202006064
230 2.573646916521501
231 2.518595681136896
232 2.6175264303230112
233 2.6256818242999973
234 2.5837383843049913
235 2.640185788364165
236 2.59820425514714
237 2.6204642604794226
238 2.5113135247583904
239 2.6232441366439407
240 2.652226795498722
241 2.5815952957328627
242 2.6737243937652737
243 2.6369211568784467
244 2.5509077792341874
245 2.6646029627992234
246 2.7528970133888127
247 2.5983743233773415
248 2.629582142634007
249 2.6604353599437416
250 2.5965155020669695
251 2.6834005380651074
252 2.6056362574327143
253 2.621382287357413
254 2.625107715778533
255 2.6172489917646797
256 2.630851206167571
257 2.578749037726047
258 2.7362888508863956
259 2.684157082956824
260 3.0787516963960972
261 2.629725564092816
262 3.061296333237604
263 2.9896640129206533
264 2.6977730383271443
265 2.5786647131474187
266 2.561731287808193
267 2.621382220445573
268 2.5909681046796327
269 2.6009454349581267
270 2.9827841078157205
271 2.609910971319258
272 2.597002980694153
273 2.715951467050561
274 2.60959327062902
275 2.554791403174245
276 2.542804825406282
277 2.8173717002057077
278 2.713841274579365
279 2.614995740745452
280 2.650507917005477
281 2.567879427860444
282 2.6191887899354875
283 2.6792978069271545
284 2.606935396418678
285 2.7620882969476828
286 2.4826398527319826
287 2.554391079489583
288 2.788008812546127
289 2.656346106508761
290 2.7309749501459364
291 2.7021604649613766
292 2.849106458177502
293 2.628776438740481
294 2.6227252377862484
295 2.663392545338561
296 2.772390792916268
297 2.4847452969086743
298 2.6978396547129777
299 2.5436400868646665
300 2.6240284814723616
301 2.702241045527246
302 2.7201455913922197
303 3.0052054456837163
304 2.7362410602137857
305 2.6161380860490993
306 2.6431199809505244
307 2.7162752092784914
308 2.629659856329632
309 2.628788781827705
310 2.7652104043925116
311 2.527616461017222
312 2.7006991014100716
313 2.5774368375694987
314 2.7114831666145007
315 2.613686328739642
316 2.6532346830298046
317 2.681126510810799
318 2.5406526518544466
319 2.6563279172208314
320 2.578551477893399
321 2.819541368073444
322 2.595080364803875
323 2.519813577556303
324 2.6981644811340346
325 2.611800275129768
326 2.525965502724867
327 2.5729702802064236
328 2.6442562018460105
329 2.5773809633601896
330 2.7305257666281806
331 2.6777772266347446
332 2.6853644644765846
333 2.680613153302025
334 2.544390259426642
335 2.6136456443441443
336 2.6347501274949647
337 2.7410792311521863
338 2.5577288868110357
339 2.7790776165362243
340 2.6142090399029287
341 2.761553213995508
342 2.613428241330952
343 2.553513198660979
344 2.5228293999331313
345 2.5265234908950354
346 2.56716465387583
347 2.6293462891380868
348 2.60348804381341
349 2.8054594618956665
350 2.6367628372513887
351 2.684320577481974
352 2.5828521317557116
353 2.6827853507790222
354 2.5426941738109377
355 2.5766359097815132
356 2.760357686482693
357 2.564135282507549
358 2.628640447528648
359 2.759193814762493
360 2.706536038656942
361 2.5311735285605197
362 2.506187736470192
363 2.676981676210724
364 2.627020341389248
365 2.6384425935809577
366 2.6375734696160578
367 2.5434272121526025
368 2.6331962258081503
369 2.6524349295778293
370 2.5858131706726217
371 2.6596731565984353
372 2.623497873397128
373 2.643862611801532
374 2.6306614374860056
375 2.632494276295086
376 2.637950731478983
377 2.606144356714133
378 2.6597132656332767
379 2.56904736964876
380 2.579470778900038
381 2.5507046075106707
382 2.6468824367131596
383 2.66338125967904
384 2.6213238637680782
385 2.5921770714546075
386 2.7062446229342
387 2.766982080436329
388 2.6626127102102344
389 2.635054566283877
390 2.6332485571952366
391 2.6088376847123858
392 2.8030554569672512
393 2.5574398918183348
394 2.515313494354726
395 2.58985043704917
396 2.6421673255032236
397 2.5198221114041623
398 2.6003667036192475
399 2.8423133220936285
400 2.7997878142476558
401 2.5576918308390804
402 2.7210946873077986
403 2.7432650076064715
404 2.5656524048912335
405 2.726292552064955
406 2.5584528353824307
407 2.8465681513747034
408 2.590961935668945
409 2.61593627661161
410 2.5739357213056477
411 2.6488981358047172
412 2.6147133098901767
413 2.7149407074406104
414 2.62877485847949
415 2.620928996058506
416 2.524226571114011
417 2.543203058297146
418 2.7027035811428957
419 2.580161836720936
420 2.654463448944979
421 2.620058322454146
422 2.5537890963397567
423 3.5711021109043406
424 2.798859645747
425 2.783248465790011
426 2.7441812646434527
427 2.5738826185793813
428 2.624231555918275
429 2.651038419119855
430 2.610857137748541
431 2.64044565531905
432 2.543882842747718
433 2.7307041122197595
434 2.8079655601648543
435 2.6518101692187273
436 2.841695076385098
437 2.6179224673674373
438 3.066643847633478
439 2.5828999155438264
440 2.4910491176941085
441 2.5550174924429765
442 2.695590309927196
443 2.7264767823146614
444 2.6247176920858584
445 2.726534437929756
446 2.7760909047526963
447 2.9011398653549847
448 2.656680279083584
449 2.961905739792594
450 2.8056524131682403
451 2.761101271899706
452 2.7422827536857186
453 2.664957705285108
454 2.5494296330301323
455 2.675726730658744
456 2.5952891913391367
457 2.6118936689164247
458 2.5475559205287466
459 2.6571465271579005
460 2.6484684395779117
461 2.679434911237105
462 2.6782462266979543
463 2.6562029770693263
464 2.5564148563323275
465 2.754290632858489
466 2.770409489085712
467 2.5314970484775507
468 3.0008154781099874
469 2.7169555617232364
470 2.611589361503457
471 2.6544510077683747
472 2.6853863181350297
473 2.6302797733049204
474 2.6615002204080476
475 2.5975078988879643
476 2.548955471022627
477 2.869686532579544
478 2.6572603542498507
479 2.601206479711647
480 2.6418706040453555
481 2.634007987385603
482 2.5365317781469066
483 2.64261437486585
484 2.6241869467067067
485 2.5361784212264067
486 2.6295056391715894
487 2.6434960072986695
488 2.5429598874018056
489 2.6233157264550826
490 2.7535654579679933
491 2.501825927480233
492 2.587581357335386
493 2.5531623403186
494 2.6278276737742003
495 2.7454873952677605
496 2.57996330846034
497 2.7808407181558383
498 2.717639107527492
499 2.684622363145893
500 2.7090478431312146
501 2.502549447903074
502 2.60184508896543
503 2.721548791241146
504 2.677609706760835
505 2.6167593806460276
506 2.672405346430213
507 2.475428673940773
508 2.6597109528312997
509 2.611877526161935
510 2.6128797958723236
511 2.6566830450509316
512 2.683165381453109
513 2.64218794523825
514 2.688862709630333
515 2.5987247308446766
516 2.7560055964217587
517 2.580825174809133
518 2.5061930795234293
519 2.6056853485939584
520 2.8939563532798456
521 2.662366627100707
522 2.6987694417676904
523 2.6151158166432302
524 2.6681635382998734
525 2.736278765508173
526 2.586211528271031
527 2.580807881025614
528 2.705154972545437
529 2.702202187522473
530 2.7058940932727094
531 2.6877592454777752
532 2.49030648583648
533 2.757447970384498
534 2.7430285384583315
535 2.5185682424826177
536 2.5681329356872626
537 2.6059678199824767
538 2.572473338396179
539 2.5594368090875528
540 2.708676054922663
541 2.7253753017124094
542 2.733598680132258
543 2.7744413256069165
544 2.621789047394213
545 2.739212634687333
546 2.7084425160809054
547 4.686585518558032
548 4.601776923100349
549 2.5288326204788167
550 2.513015477517916
551 2.655107868737209
552 3.020742819464881
553 2.5929647232454265
554 2.6264131074699604
555 2.7858357569666166
556 2.608097832342642
557 2.6384811548162785
558 2.5820765227073794
559 2.594178444619184
560 2.591029233628208
561 2.641247948932948
562 2.7614340785345046
563 2.63918002497018
564 2.5623989035287473
565 2.540576023278141
566 2.6877643758201804
567 2.647471892474655
568 2.588044219429824
569 2.655543146562182
570 2.656015683710623
571 2.7609995715336844
572 2.68681002735803
573 2.6459275361588643
574 2.758787605858526
575 2.6761436965671543
576 2.6221400195523543
577 2.661300760285206
578 2.629657831482144
579 2.4875607035258076
580 2.5927094205384376
581 2.685156310674134
582 2.619290082566063
583 2.732174628738091
584 2.6927435912363036
585 2.4781552533612747
586 2.5075352950488163
587 2.7884381443286514
588 2.530208993968175
589 2.68639335969784
