0 2.8714050161025164
1 2.8054706243042355
2 2.743522504651911
3 2.8397170091089943
4 2.64919789068989
5 2.661309947422896
6 2.885945847846543
7 2.721733884971175
8 2.692361561296969
9 2.939179471335886
10 2.8653790954272886
11 2.801838375552639
12 3.0519281518061674
13 3.3228361082542364
14 2.953969872693022
15 2.9055577449377976
16 2.7475494695700693
17 2.912464897278551
18 3.5277148418211
19 4.306203534794185
20 5.007336803633382
21 6.110825962295354
22 4.819346408566678
23 5.3785333240346365
24 5.118319213491083
25 5.094365559391597
26 4.602917534203162
27 5.219441946092733
28 2.66046452604758
29 4.492563092101257
30 2.6781094380258024
31 5.156444085999505
32 4.514845630515966
33 3.158942382174431
34 2.7405026028539377
35 2.802564173505376
36 2.8400457715588328
37 2.8950928611962063
38 2.776607748820832
39 2.6308480389194457
40 2.5782475390773008
41 2.8322818199048747
42 2.8353944797722654
43 2.882341267551529
44 5.09606081462075
45 2.873059464691646
46 5.861629284552848
47 5.4037868300684595
48 2.692457421475798
49 2.779021333517858
50 2.76631247604007
51 4.2955066472963335
52 2.976513725286883
53 5.028464057558673
54 2.779907698590259
55 2.908942370853452
56 4.384036920438382
57 4.735660039709
58 2.6901337736526676
59 2.822048472374665
60 2.710474234381878
61 4.848433243770768
62 2.917919473184941
63 2.904379243004272
64 2.9186480465051536
65 2.9475327867997736
66 2.752471721299342
67 4.690549750781359
68 4.812547969423394
69 5.361577483284307
70 2.77149548498791
71 5.221627516021664
72 3.005741058771375
73 2.723070609096847
74 2.677866247986463
75 2.7538568149870644
76 2.8657187240196347
77 2.7473719050695466
78 2.9259020261859345
79 2.7778951499082014
80 4.764366568995208
81 2.7989897536782853
82 5.113720131545332
83 4.881652493636396
84 2.8670749076384596
85 2.8760825594187627
86 2.8051871161560564
87 5.834414395746327
88 5.497885760784962
89 2.8258945189269884
90 6.041490124422787
91 5.037559592078568
92 4.458782952654539
93 5.010826018703435
94 4.453520455794352
95 2.750972304960019
96 4.642515216211645
97 3.305827989275428
98 2.6837940793902235
99 4.85181942199623
100 3.920842664329844
101 2.6562668556826186
102 3.033450547527523
103 3.3248714652125035
104 2.8343328131187664
105 2.9858743627582114
106 4.068792634257284
107 3.7425684140952806
108 4.108069378575946
109 2.8591518948462493
110 3.419163612002443
111 4.949890219950294
112 5.649000974918898
113 4.737197147905244
114 5.451703628876819
115 4.165768431756216
116 4.5373747317055875
117 2.6606230672673887
118 2.8846013671708257
119 4.851754766691228
120 2.754856744590125
121 5.242131813817186
122 4.57068027186491
123 5.137198927933268
124 5.153657780968334
125 4.290130314707563
126 2.793165716990541
127 2.998638349302322
128 3.045559777757972
129 2.5988762016313007
130 2.7965777602136006
131 5.1052953349451
132 2.773362686956295
133 4.207443894796359
134 3.817920514786981
135 2.884105968264297
136 2.667569641157187
137 2.6880539374453574
138 2.7915117002840533
139 2.6569919802783746
140 4.745460248895662
141 5.2797828579142
142 5.068209745647279
143 5.422098183628702
144 5.593027405152806
145 2.7881666890484627
146 2.7421373457729845
147 3.0609672328660924
148 4.780336904672169
149 3.8989748129527437
150 2.731957706546162
151 2.6764070029241047
152 2.8136870857804
153 2.6771091634570126
154 2.911465361770925
155 2.721221204148518
156 4.730981461052822
157 4.979139908599007
158 2.82075373194365
159 3.069729018232781
160 2.735222716750726
161 3.0327932792699475
162 2.803781876824957
163 6.830675658421796
164 3.05708302153242
165 2.799726405081596
166 2.739561290548288
167 4.320908754478595
168 4.833585721750843
169 2.9746695309983107
170 2.7398947367471815
171 2.939217556720557
172 2.808218551035598
173 3.862329316858027
174 2.7558353601243177
175 3.9027290554576153
176 3.234760878014966
177 2.6585351484855555
178 2.792941652451442
179 2.644406013733982
180 2.7288930103743887
181 2.875050502528043
182 5.145162940227936
183 5.038613489124341
184 2.896987129708981
185 2.7417756296469307
186 2.8028206302112135
187 2.647254115348444
188 5.563765742930463
189 2.9037046528164647
190 5.492247253598279
191 6.2861431550540265
192 3.5795668652624735
193 3.065922309672002
194 5.37814395268169
195 2.7378911358140807
196 2.7980200889186504
197 5.385449377618811
198 2.6966054516021436
199 2.951364667168016
200 2.7871041447111717
201 2.7853830011892304
202 3.1163466980372014
203 2.753320077026179
204 2.7394883990511554
205 2.8508518097352806
206 4.387664187558897
207 2.916664120753971
208 2.8333481453035376
209 6.881869076018125
210 2.674819089870959
211 2.6662847499034497
212 2.958268948854015
213 4.4008289950108335
214 3.9651835345721023
215 3.4188321952554555
216 2.875901135659748
217 4.083615373972121
218 4.521087909196707
219 5.839577121979003
220 4.695016267625936
221 5.635243426875422
222 5.983780033699916
223 2.627480071124764
224 5.162287124404618
225 4.701325121828665
226 2.967489125622608
227 2.8880191406595515
228 2.7223215127846863
229 4.572041241948796
230 2.8611081781632386
231 6.543801475380084
232 5.667543808899516
233 6.7661651726055565
234 3.031479656899632
235 6.883013800171548
236 2.7603542780157295
237 3.877498861107014
238 6.548282997935607
239 5.8071032966896805
240 4.284820695814422
241 6.650182667073057
242 4.7236611025021125
243 4.3309311788655815
244 6.618540594474056
245 4.981186191563233
246 5.775729929276843
247 2.8677086907742275
248 2.852314818435527
249 7.757489724883917
250 6.894950864114098
251 5.68904294037443
252 5.437178148563511
253 6.309742511379145
254 6.42686906525294
255 2.9030991179711907
256 10.575446441385791
257 6.222875718236184
258 7.096158264335225
259 6.318673976167099
260 6.284077934716726
261 4.93619124403853
262 4.774842577849333
263 2.894835411033642
264 4.8814252269458684
265 4.062593676008867
266 6.185348866894939
267 5.700264260600619
268 3.9948501618332077
269 7.661575439009957
270 2.85593400030381
271 2.918911041363586
272 5.603053864655757
273 2.965575836031642
274 5.26111465708536
275 4.39835816030676
276 6.249653511701841
277 6.638546520689471
278 4.63383235060062
279 2.8880261769848996
280 4.498501350629535
281 5.139418416710731
282 5.108098314283714
283 2.7547646686550378
284 5.291079056556586
285 6.826521365861842
286 2.587975744689172
287 5.184892527981039
288 7.661492632623976
289 5.910141005797284
290 6.513040749217276
291 5.3984718004276635
292 2.995373282655786
293 5.2727948239203295
294 4.848223827194971
295 4.9438205545581795
296 6.177361833081624
297 2.732393962461488
298 3.0238110626663244
299 5.1941288970495405
300 4.304142504202699
301 5.0762056054827145
302 7.881384476698811
303 4.875400132480008
304 6.518635338273902
305 2.731655276022598
306 5.670381017175518
307 4.135060445314097
308 4.299691556139248
309 4.994349521312084
310 5.288249264679399
311 4.495522356715628
312 5.158562505228909
313 2.775156069713584
314 2.828539154889814
315 2.912462055881075
316 2.781777021479362
317 5.621298199424449
318 2.845497161987798
319 2.9278132790974523
320 2.847300547799557
321 4.469675607379971
322 2.766166313035936
323 4.780113144588154
324 4.76785873008362
325 2.8667285128906106
326 2.8607769695130876
327 2.8040821679948276
328 2.742952643281774
329 3.0542145170906676
330 2.900118168769658
331 4.4892574279856206
332 5.904553328135747
333 7.271025463170977
334 6.826369209589971
335 2.7596751500261028
336 5.073904483131738
337 5.3369159208967
338 4.463359024040107
339 2.8521957778722564
340 4.844010224253208
341 4.94419217385778
342 5.00269803136375
343 4.638972933955502
344 2.780319567480141
345 5.095137110672859
346 5.440037205659011
347 2.6337563048001784
348 4.575740009926073
349 5.165210501520993
350 4.649380445979309
351 5.414568294244067
352 2.8672607951783307
353 2.9292565536623942
354 2.740350724176146
355 2.8618746405821653
356 2.6083137794315157
357 2.85651960344645
358 5.613327277347577
359 5.274562013054749
360 4.545991473151904
361 2.7714461818670073
362 3.110186472390989
363 2.764629496080299
364 4.531071361062142
365 2.948946378584276
366 2.7188804344960946
367 2.811955496021539
368 4.433643393151983
369 5.335002894723885
370 3.103157454378477
371 4.922549950920628
372 5.210508058187681
373 5.272182695391855
374 2.6832337713723797
375 5.286094364272848
376 5.781132474236956
377 4.287945301472654
378 4.100186010235682
379 2.7878441061587935
380 2.9123988214987215
381 2.7222746418545953
382 2.9112975339016582
383 4.864552934735456
384 2.8289933793007167
385 2.846087049979514
386 5.697612694166771
387 2.627775776329616
388 2.7435412379454216
389 2.870501888908067
390 2.6443086486853358
391 2.8382201713772237
392 3.16596241705085
393 2.7056458682682134
394 4.999879587044586
395 3.5635769396311057
396 2.8679717483607896
397 4.789059842993406
398 2.8689824437257494
399 2.6317564813989485
400 2.792283666499224
401 2.9928533706584304
402 2.7653300343300486
403 2.810895122384357
404 2.8506663249120567
405 2.840241650239404
406 2.849192342168917
407 2.8793290553042286
408 2.9260844323483286
409 2.8543451648377136
410 2.9232902324054866
411 2.657602014071524
412 4.289855033810453
413 4.6779781267117535
414 5.324527120634209
415 8.277940873888946
416 2.7580624248139003
417 2.8105261180329606
418 2.7947771542854527
419 5.03361685995791
420 4.894903196220106
421 7.022581259420658
422 2.9687829213727492
423 8.38375490078285
424 6.540214922710474
425 7.451741187292164
426 6.817355305503681
427 5.070162361077974
428 4.551709509119144
429 4.574503467165474
430 3.000664766111858
431 2.6910997386262694
432 2.894452512122135
433 2.9598870885810435
434 5.560373485462035
435 2.822438244757061
436 2.738311623443443
437 2.7870139454836647
438 2.8245282953167834
439 2.7072166005458698
440 2.709011573045441
441 4.089901173064726
442 2.9289406069986472
443 2.8153634914410284
444 2.931334157959641
445 2.8921205514896657
446 2.8875635240224873
447 2.807461946552545
448 3.0034422695221745
449 4.199749233904614
450 2.838033979298493
451 2.8874385287835818
452 5.434938592633927
453 4.773568674187398
454 2.9331823986087646
455 3.1524161745188124
456 2.852496047717804
457 2.7797012632558618
458 5.453336832733876
459 2.7248138683626326
460 2.806965711259462
461 2.748088739698679
462 2.798665744655734
463 2.7534696716764686
464 2.749044408063031
465 4.13696451034496
466 3.0976643147949527
467 2.794723443024828
468 2.677226237717544
469 2.6297328491057965
470 4.977890044683711
471 2.8059800844581444
472 2.6783303253770345
473 2.9410031350294137
474 6.550523702115919
475 6.462503864975724
476 7.399537338560188
477 7.052379610897078
478 7.161588730856213
479 3.994683057717306
480 4.468811899470732
481 4.932716216225243
482 4.792624714868065
483 2.92231198387308
484 4.070658768466519
485 2.7997644593509268
486 4.417427453579503
487 2.8078358875592313
488 5.075687558319576
489 2.853821821911526
490 2.900733591638844
491 2.9481348548408945
492 2.665207100069334
493 3.0326765911879727
494 4.16795324017278
495 4.620163256272821
496 4.700543514662339
497 3.638501671488934
498 2.8686766721263024
499 3.426635641456988
500 4.755234463487356
501 4.719925158997504
502 2.6603533493155966
503 2.957523406443984
504 2.9946093425289266
505 2.948265977672547
506 2.7718898738644904
507 4.476884486806483
508 2.821939936491087
509 3.283666352266111
510 2.684365067479654
511 4.054892586224199
512 2.7994711144253466
513 3.191124580110203
514 2.7677631286198316
515 2.7084105330112767
516 4.604269285024458
517 2.7561143969138486
518 2.8902752634152797
519 3.2520603072890744
520 2.735594008558074
521 2.8024431220302124
522 2.734601931114057
523 2.8210490842678992
524 2.854040162455697
525 4.852645023894318
526 2.7201722343395884
527 2.8614086673209442
528 2.80814294567043
529 2.8370906062165737
530 2.9272047775197274
531 3.0060886928984307
532 2.5873357169715687
533 2.696298570671462
534 2.918403975249994
535 2.8338831234686337
536 2.756767092904248
537 2.632080949166603
538 2.9047540898442312
539 6.015287776491403
540 2.978896016013123
541 2.940506045235696
542 2.989665928820902
543 2.694746438903951
544 3.1487026400318405
545 2.829597767158202
546 5.281110237349672
547 2.9362076616583814
548 4.687365215632731
549 2.770929887310773
550 5.184664676412388
551 3.24436337550498
552 2.9623864812753027
553 2.769704697236322
554 6.978699880670142
555 4.967446226927511
556 3.2451870437466104
557 2.974677974588556
558 4.100462088624332
559 5.9689346540615364
560 5.111782819902761
561 2.717334211041705
562 2.811020104129277
563 2.9337829411677236
564 5.307709503653512
565 4.6158681634440315
566 2.7684795803465283
567 2.8701492053601805
568 2.7622544936405014
569 2.8201843354209024
570 2.8711643452661666
571 3.29408612799765
572 2.714082056366435
573 2.786940594692346
574 3.257483974097416
575 2.958663742323139
576 2.9742493088095867
577 2.8264604638677526
578 3.065569667057917
579 2.812481356144064
580 2.7733221363840053
581 3.1980746838142555
582 3.03059172317525
583 2.962847464277707
584 2.921345519523456
585 2.7603915503387237
586 2.779685657896087
587 2.6431088503605396
588 2.803671744351227
589 2.9661245617623053
