0 17.149814272475755
1 16.903074774553982
2 17.000978452153774
3 16.776035796259336
4 16.66388338720255
5 16.381957380004042
6 17.164899089455773
7 17.05671477968557
8 17.08562775198225
9 16.535773083320052
10 16.77148750753762
11 17.070850870793304
12 17.66175680015727
13 16.365011637711387
14 17.329599835727453
15 16.70636675038643
16 16.502623190663982
17 15.699205874414938
18 16.075301535740607
19 16.674195293682594
20 15.624575862228106
21 17.386064429928254
22 16.72480113095931
23 16.724496797785026
24 17.718393717504494
25 17.45731050578736
26 17.064644713246757
27 15.918932152273205
28 15.830252728901709
29 15.731747103162958
30 16.562116118904527
31 15.835200924839247
32 16.933398571317905
33 16.824588189929962
34 15.82579324127372
35 15.137394372137297
36 16.505109300497548
37 16.23632621117132
38 15.605442254051676
39 17.15714348455181
40 17.56176080789953
41 16.785340317774747
42 17.019751008115353
43 17.196169663039477
44 16.74363251932886
45 16.465621350193093
46 16.254093971382282
47 16.55491584906341
48 15.227680138220752
49 14.587208111971737
50 15.220126138896067
51 17.46130716683232
52 15.185484336048978
53 17.47098477775055
54 16.895077111910204
55 14.71498145840763
56 15.407475577946945
57 16.89379741353859
58 16.647626051274877
59 15.914477650683404
60 15.721353362967456
61 15.638465196066765
62 16.496909031830697
63 15.224385540013404
64 16.11570104837251
65 15.987532689487779
66 17.586530635543323
67 16.106969449385392
68 16.269652408031057
69 15.891187625030595
70 16.306600907096918
71 17.537172619555076
72 15.556504616680964
73 16.95192229908758
74 16.999726417375804
75 16.022832581652725
76 16.0468796938361
77 17.225548458514186
78 16.67249070314587
79 17.960749846386516
80 14.92431524589156
81 16.898535967385097
82 16.95578205221397
83 17.10557534729804
84 16.857528934324346
85 15.781173191210385
86 17.48967294773056
87 16.846818837613295
88 15.830853592230989
89 15.704349917552848
90 17.102980846073326
91 16.752250476064578
92 16.393562885685746
93 17.31279046923129
94 16.75029699923456
95 15.756285457255474
96 16.6929225940163
97 17.287851992217504
98 15.532042080044253
99 15.800449390923935
100 14.710922231329443
101 15.68934144668761
102 15.064394936114121
103 16.51508955267964
104 16.26948748182352
105 14.738093014096053
106 14.834698227787628
107 16.416571569477135
108 16.959076478540773
109 16.638010043396793
110 15.63481045035199
111 16.142076775158376
112 15.628996861475342
113 16.296871489077926
114 16.462667971907155
115 16.524623322992195
116 15.986592558655923
117 16.71831462086243
118 17.022621305984682
119 16.879090461719645
120 16.559714123426215
121 17.67663827635109
122 16.6858437276731
123 15.340000824886115
124 16.69688470182302
125 16.62955341730548
126 16.80898463657875
127 12.930423040768332
128 15.977939803905416
129 14.979647895253565
130 18.020238035268143
131 16.39304524711873
132 16.69943390078722
133 16.281370735685922
134 19.762756777632333
135 17.988546635443647
136 17.78560772176748
137 16.5769388790604
138 15.116317540335732
139 17.85758159020095
140 18.644479187533626
141 17.259174227730266
142 17.130875569069776
143 18.846401580102718
144 14.635820106371368
145 17.06025933221463
146 16.16641845269704
147 17.63202635544416
148 16.968480529731096
149 16.52965758564861
150 11.361099090970686
151 17.750830001321244
152 13.4564638175523
153 18.646329548813053
154 15.67577992204117
155 14.853286840441072
156 16.231113732866515
157 15.577047373903248
158 16.0883886053094
159 19.852885157214736
160 15.610639148932627
161 15.214772238058165
162 16.21063215472293
163 13.271890995025082
164 14.203437360650264
165 10.32603622903619
166 16.600052105795438
167 15.92193935374118
168 14.719354107048295
169 15.2545539717303
170 17.092744397766776
171 16.96640408006659
172 16.207216125657514
173 17.5558669505727
174 14.923397092582173
175 17.8527404326812
176 15.162206140573227
177 16.07606929495517
178 20.574828455948587
179 19.03650494838382
180 16.324758238805327
181 17.614635129555825
182 17.34868850496133
183 17.537939680340724
184 18.258291236662032
185 17.950599229677458
186 17.847949864671786
187 16.493260430945337
188 17.897526653878042
189 18.02616701311111
190 17.154375499484754
191 16.995102802170475
192 16.232896128147136
193 15.249781117792647
194 16.643637522478226
195 16.323877690052147
196 16.443261845047115
197 16.930733517011515
198 17.470520215251703
199 18.179681222561783
200 16.160690725282645
201 16.062812804061252
202 14.68500698891277
203 17.23753261569241
204 16.260517112458373
205 15.253312531093703
206 16.047045789639306
207 16.139425926063232
208 14.135463782989437
209 17.719550141679495
210 17.304007528379195
211 17.71335701405422
212 15.245486675112424
213 17.660914430928578
214 15.737978777990762
215 18.408680340515065
216 17.294030210625166
217 16.63978121062982
218 17.21131995921317
219 18.192639455096785
220 17.675534271964008
221 16.980861641354014
222 17.730219882931657
223 17.30816457822581
224 16.203672988896336
225 17.39856877612639
226 16.84056786280809
227 16.113053153889503
228 16.163587376504303
229 16.29080449500563
230 16.551757250025993
231 15.313358112973367
232 16.888604773589055
233 15.638404374966116
234 16.919346113332708
235 15.98640492546972
236 16.96380399577139
237 17.306698107467504
238 16.803525339616584
239 17.271260959291048
240 17.815094943678485
241 17.18034930685477
242 17.208087180888796
243 17.959752515195007
244 18.162639994718184
245 17.93290725054705
246 16.7858969639953
247 17.05870254967632
248 15.856762329315021
249 15.529671942283334
250 17.12665236671588
251 17.422730973003315
252 17.182644959105986
253 16.8176649217994
254 16.51320458372452
255 17.53577729336578
256 16.037333618447512
257 16.018217989038003
258 16.453231325446627
259 17.48851131551923
260 16.29765144444151
261 17.384735106354636
262 15.942734494189562
263 16.864476671306548
264 16.029907031855295
265 17.146304900116135
266 15.84096396170708
267 17.804559191711647
268 19.611607130688448
269 19.46867030288316
270 17.33171816696183
271 14.589303632604533
272 17.06172904807874
273 15.899172941045997
274 16.145592935367578
275 15.532042260231458
276 17.39598655364281
277 15.299441028312636
278 15.627681734301484
279 13.867446097196305
280 13.73582182787622
281 14.537495235948763
282 13.410908970303964
283 13.065250572702098
284 13.257169211656933
285 13.000905085133793
286 13.61959522581683
287 13.583059320536828
288 13.937770422457696
289 16.169928044609172
290 14.73521222411528
291 12.81386238764845
292 10.065678089729701
293 13.052784542744908
294 10.771772946621823
295 16.492688129280957
296 11.76082953362297
297 12.434301747087387
298 13.641573252080464
299 12.569474339025943
300 13.405843915983242
301 10.109848804559842
302 15.600699787565366
303 15.13641029223348
304 11.329581736747008
305 10.564864776446598
306 15.720475879818126
307 15.780670217881132
308 14.721531452700786
309 10.230659850334074
310 15.424262654292287
311 14.02066107054428
312 9.585190035618506
313 14.292689392151415
314 11.737059479834027
315 12.99430439595964
316 13.182085299093714
317 13.809511633569683
318 12.420369271585093
319 10.290843443046569
320 11.13609243540028
321 8.719625181640172
322 9.701183925558311
323 10.849979557447876
324 8.234345809899999
325 7.105477523048629
326 9.845171815026731
327 8.605911459920708
328 10.284225161439409
329 12.54651156785641
330 9.76951564528736
331 10.812930666090207
332 14.02116195760418
333 12.984253050060813
334 14.4947913737954
335 13.999436728394116
336 14.714540625801861
337 12.527043902512112
338 14.173141949831196
339 17.138705061440785
340 13.950858181055796
341 15.536231919139631
342 13.529703109696575
343 11.30616788893056
344 11.396543335703397
345 14.068803676786645
346 11.545267750796837
347 16.115085628321218
348 11.777168357429169
349 13.821819163512973
350 15.985201510490876
351 15.543933196155134
352 12.512560931056468
353 14.569852587591415
354 17.412082851049334
355 11.223731625959045
356 12.735975362637417
357 10.358448462549028
358 11.99902552518743
359 13.637461340252052
360 8.958791197330692
361 9.477122954866164
362 9.368167195716035
363 15.22389521910966
364 12.177233613053781
365 14.208988635120626
366 15.087971778266867
367 14.979032056837442
368 13.610448395646877
369 13.931698357533746
370 11.339642480436519
371 14.309189902004022
372 13.715197582679053
373 13.754807049338623
374 10.962347934577377
375 12.332097422852929
376 10.58413146119269
377 15.34969087056636
378 14.462756741361972
379 13.40038910587746
380 14.312460862882904
381 12.4726691238705
382 14.99841075360476
383 13.71804137056096
384 13.413149384360297
385 13.24662608532231
386 13.970593730748696
387 12.070825233645316
388 12.037357812750749
389 14.22420513193261
390 15.199591501765465
391 17.655659703767345
392 11.400842189422086
393 16.60066477656015
394 15.75555013083198
395 14.056029895937442
396 12.204399726076273
397 16.83690385980814
398 10.28965908008181
399 14.46175993460249
400 10.76002989853541
401 12.058387290820693
402 12.87799276335833
403 14.881304709151046
404 13.776591307239968
405 12.0797160089883
406 11.8730296758879
407 12.806765135888805
408 12.933176496317595
409 15.267746654289558
410 14.850601429691627
411 14.386063506482987
412 13.78345663223422
413 13.77384113917449
414 9.432388233531528
415 15.087039844748197
416 17.469448339727222
417 12.692572732816746
418 12.323256615924398
419 10.351652263315989
420 12.302030750662507
421 14.1154757208533
422 16.070713384447856
423 14.04278987881567
424 13.014985481467782
425 15.504266489104914
426 11.431542220652975
427 14.151060966287316
428 13.639916784982034
429 11.577347389887825
430 11.995641556819482
431 12.93279364124005
432 12.2061727942751
433 11.941601153275936
434 10.962110387970847
435 12.921767435276731
436 12.83013978081963
437 12.883055219218944
438 12.558251603544836
439 15.96509130863924
440 12.33113889336731
441 11.061276036159134
442 15.829478816140735
443 14.812830338396083
444 12.664831482843113
445 15.360712625325212
446 12.450273252433735
447 11.661418260446489
448 10.458179173252496
449 12.831298487922536
450 13.343713849663125
451 14.235050424261587
452 15.763173050235183
453 12.528506778818686
454 10.69987930443315
455 12.871832146683918
456 14.005868429750512
457 15.99955388555538
458 21.70852931081645
459 18.81194420236152
460 23.595777953729613
461 15.992140606086275
462 22.60775067451154
463 16.94224230098937
464 20.220918162318235
465 20.861344063423513
466 22.031832287949044
467 15.908711975821042
468 12.556552606066308
469 14.469163530251473
470 14.604150245267316
471 14.32329832877584
472 9.365409752063094
473 16.137363271635078
474 21.0405261222494
475 20.60727785124912
476 17.217934809416175
477 19.55461659637395
478 14.876758847225478
479 18.91619415126003
480 19.84516553685662
481 19.659307377478
482 15.105196724197572
483 19.732286379964947
484 20.438365635590014
485 21.902456195071743
486 21.731403591479307
487 19.158433564473047
488 16.597594358186555
489 15.434710675287231
490 17.68508209129184
491 22.36104306603813
492 22.533375384977347
493 19.493329476612605
494 21.33266009994726
495 21.228790841691936
496 23.449916726689242
497 23.679629715345598
498 18.527664951229344
499 17.08573973156955
500 16.835189040059312
501 17.482527258088588
502 21.638340541739243
503 17.070890606279335
504 15.497903332164015
505 19.78581184466893
506 16.32994924240609
507 18.084883701203314
508 19.046087681765425
509 17.41505847318353
510 13.796107848819682
511 20.627199471816585
512 19.551623975391923
513 21.51944875945679
514 17.86812194430137
515 19.339863858805064
516 17.626836735825005
517 21.81476808160439
518 21.796599211621178
519 19.517215189227574
520 16.894427004296645
521 13.945448852439814
522 13.578661971854034
523 13.350657539443544
524 11.86641010168206
525 12.105747598206184
526 17.177111601371827
527 13.276615208634544
528 12.546988767541228
529 13.470837408484778
530 12.843347567153883
531 14.464246957348717
532 12.752316393955413
533 13.912952351664858
534 13.677154310634082
535 15.704943086992802
536 12.73853760527664
537 9.329462644362703
538 13.707056130829967
539 17.84815253997529
540 16.01785862139771
541 12.493718267832785
542 12.566084962568624
543 11.37875467571712
544 14.933403036678275
545 11.626653789122933
546 12.398599467890822
547 13.233190781375345
548 13.733787873636306
549 14.690223633629127
550 17.962775169382354
551 15.791701415133781
552 11.103756265382113
553 11.417273771965002
554 10.665111168659434
555 18.684804998381974
556 15.0340250410451
557 15.232692271950887
558 15.93180053489642
559 14.29164441273162
560 13.916809176822621
561 14.123860170977432
562 15.46441809995263
563 13.420356480388815
564 13.675715156062754
565 13.534808614099752
566 13.9974629822979
567 13.908575567775289
568 14.033933366433898
569 13.7588208453096
570 13.187190599642905
571 14.943953021553373
572 14.59042269607126
573 13.317158864638163
574 13.659229653931327
575 13.684798146851259
576 13.563017829804304
577 14.114553658557098
578 14.431192334758704
579 14.419509612081674
580 13.08511024090746
581 13.266416517546638
582 13.750427135145987
583 14.368946394492198
584 13.335150246248629
585 10.372598160032075
586 11.081492579460367
587 10.527561815333373
588 13.091858381274088
589 14.300952743527851
