0 2.6478801224946444
1 2.685436002588415
2 2.635153682260102
3 2.7481677419944903
4 2.819999630593405
5 2.761644509710031
6 2.7105180074457347
7 2.7655011209345663
8 2.7957647557580243
9 2.8831808697893426
10 2.804611557983703
11 2.7673960098994286
12 2.811156953019511
13 2.7583633390946023
14 2.643767632948945
15 2.7255004492381625
16 2.814421714105659
17 4.340514124760167
18 5.07298836248822
19 4.62784633443712
20 3.9290292120446884
21 4.249389859981782
22 3.8130846365776487
23 3.9451493835424
24 4.2170586480231345
25 3.021700729253839
26 3.334129086555347
27 2.900595941987543
28 6.146910158871396
29 5.262783712565644
30 4.678591161755912
31 3.919012259695791
32 2.8017597030283548
33 2.9994060416120294
34 4.802852138390966
35 2.9024577738648203
36 3.1551421929177277
37 4.444244802153342
38 4.353541870753522
39 4.326679627088627
40 4.411627542548937
41 3.9353821213539852
42 3.890264696576589
43 4.106534161327131
44 5.343283735943497
45 2.7387131462058543
46 2.8801091576170514
47 2.8537765672651756
48 4.0589972639434055
49 4.771404024603003
50 2.847619196767726
51 4.904062519417444
52 3.5334781597083516
53 2.882080742537627
54 4.940561314486522
55 2.9988500340239796
56 3.273128748445495
57 3.6133947190668203
58 4.617491136848616
59 4.24455665920221
60 2.709697814957984
61 2.6576302640416896
62 2.7442753815621783
63 2.825073696605595
64 2.7806020649292567
65 2.9365388311322222
66 3.029248832581814
67 4.958626688764043
68 2.6447850578508576
69 2.7037162251774833
70 5.793198588883967
71 5.432027198833212
72 2.677596522162723
73 2.677668104306085
74 2.6386591277275744
75 3.008931857942792
76 2.8694550143116673
77 2.6720331146945706
78 3.0208917633048227
79 2.8209208445485396
80 2.689680100901585
81 2.8734083614496853
82 2.653032516827458
83 2.8818991063501342
84 2.870792720094379
85 2.764572656731159
86 2.743957632265922
87 2.6652254532042385
88 5.32543647362843
89 4.359065962579833
90 2.639464408714033
91 2.7310286822041374
92 4.974855030071183
93 2.862857792474973
94 4.055203258049927
95 4.382204022008653
96 4.880389462473089
97 4.042847787127777
98 4.973661323891371
99 5.691062117358589
100 3.755425666863766
101 3.815864083854871
102 4.632098231847957
103 4.583547094796258
104 2.8190475876002066
105 2.651394148482722
106 3.705995661734202
107 3.7217075156518526
108 3.5867371723490113
109 4.709081996689885
110 4.760341702351217
111 2.717337058518374
112 3.4188004823761093
113 3.7534621641500965
114 3.9456768514274585
115 4.540199040804873
116 5.369276078774593
117 5.024140225957939
118 4.646651608928424
119 4.321101799179165
120 2.8480939510438636
121 2.7387405436651884
122 2.8116683326941687
123 2.6965588277444517
124 2.6478193600134334
125 5.082315447458161
126 2.7921237710767897
127 2.804971385070356
128 2.8865846580033763
129 2.743441107532715
130 2.9301411079344204
131 2.617018678570162
132 3.7581268196089983
133 5.393705358371549
134 2.70165313570475
135 2.8738155007542834
136 2.9811298224786826
137 2.9464926699721956
138 2.9536740746214822
139 2.724297152288259
140 2.8662931597026504
141 2.9046083452606677
142 2.7173391379248635
143 2.714568312229711
144 4.0728682582230755
145 4.615798724852269
146 4.340867866026943
147 4.558911902959887
148 2.8579192914116187
149 2.727377727153708
150 2.713071747377606
151 2.793638294192214
152 2.7491009389561145
153 2.897240727028971
154 2.7070820427365603
155 4.455434818107938
156 2.787593975382125
157 2.835236284210629
158 3.264295980663193
159 4.465100832773558
160 5.092169786655393
161 4.675597310313966
162 4.0695422787222215
163 2.682666203082095
164 4.680935428167581
165 2.705542340012628
166 4.364823043176951
167 4.678196186017778
168 2.8498330606990265
169 2.701074645659702
170 3.096087951018653
171 5.037090888763315
172 6.119333097311383
173 6.237149652169487
174 3.680535763258637
175 4.859004593175959
176 4.347381204096164
177 2.817482187847159
178 4.485227864475836
179 2.7346034259585634
180 3.484217315761689
181 3.0156003478540216
182 2.723461773602919
183 2.619602031999868
184 2.8927877664520087
185 2.7613007293271687
186 3.1593585806059017
187 2.9217186982773757
188 2.754972796166992
189 5.39183659416499
190 2.6622294615689692
191 2.8687943047054647
192 4.475487766906543
193 2.991617340159309
194 4.160089332816908
195 5.266431065989671
196 2.9681374497216306
197 4.996832142429796
198 4.425630900129148
199 4.469256140984235
200 5.20358927186966
201 3.9599973548551435
202 4.6355099038493535
203 2.7962016516921318
204 4.581593900119437
205 4.740750555313669
206 2.896581706221204
207 3.4217774144028317
208 2.7945669493948935
209 6.599999266754475
210 2.873295786315349
211 4.917034483293507
212 4.605286567452931
213 4.7366524170133175
214 2.6485047508036748
215 6.486768688913223
216 2.7962498372288533
217 2.8479471421933145
218 4.802421022348959
219 3.570961836143492
220 3.6307101341282504
221 6.2502951386877985
222 4.327198911315317
223 4.764403215621347
224 3.5999923133163563
225 4.515786724622529
226 5.346150543256705
227 4.00327296375686
228 3.8846558908800506
229 5.649795644733035
230 5.001256869427713
231 4.549981461415438
232 2.9046854210784607
233 4.5089978408236915
234 5.232344281661641
235 5.603809293727037
236 5.241975892222338
237 4.373373714697287
238 5.159652268054321
239 5.890643502260785
240 4.215448313979645
241 5.7600985901743025
242 5.809328384483236
243 4.639850732647157
244 4.1574353999577385
245 4.332871482302409
246 6.384423640066403
247 2.673768788073008
248 5.251747333907434
249 5.112057306228037
250 5.715985468956971
251 7.133216093735493
252 2.6608846354059095
253 5.191674425547533
254 4.210823649854183
255 5.1222653051459375
256 5.520181901260015
257 5.067949903792678
258 4.675597639531638
259 4.782156619559043
260 3.6219591021938453
261 6.127626171997831
262 5.020805273625304
263 5.544856184539481
264 4.008756967641723
265 4.366992670705747
266 2.6946971360973526
267 3.8920021538460956
268 3.1357972862556314
269 4.505778127680335
270 4.381226043434907
271 4.211803663877897
272 4.197227237084868
273 4.726642155704193
274 5.081845798977226
275 3.247461527085451
276 4.345895506329253
277 4.3680755917647955
278 3.2306699007693203
279 3.322713468133214
280 3.851252976310665
281 4.573720442883665
282 4.892767865730238
283 4.975465988165391
284 4.165185786485169
285 5.725097694307454
286 4.574677786074579
287 3.632379873479252
288 4.44968157288921
289 4.665954892206305
290 5.872582808899164
291 3.996433425144289
292 2.9713564297310273
293 4.717249416259141
294 4.803439540062894
295 5.226676295644191
296 5.633179316458715
297 5.646959498314777
298 5.258395312931797
299 3.1889666856012115
300 3.5520638311999493
301 3.669943403977945
302 4.152812031222127
303 4.809625545166185
304 4.124012353897847
305 3.881764160848315
306 3.724800697176966
307 4.693279675733954
308 3.457071722323458
309 3.3383855650279965
310 4.8992921410706485
311 4.7966471398982184
312 3.4020650407750654
313 3.768847905968113
314 2.8405459605643166
315 3.613586883518598
316 4.214558439390376
317 5.299153759331532
318 4.1366834515662925
319 3.9310059011766927
320 4.141205151558669
321 4.402073832340597
322 3.4890860881687793
323 3.0662057680213626
324 2.7647988306819555
325 4.6806853391417285
326 5.32347121322874
327 4.216500439153797
328 4.1711915932819705
329 3.3016920906209797
330 4.744403637902845
331 3.417575014771433
332 5.813965869354836
333 5.798975741853482
334 4.111886374242113
335 4.2169907780191975
336 4.923507829260829
337 3.5301892271426327
338 4.038996988011497
339 4.994732624761756
340 3.431098598975739
341 2.6753889955842403
342 2.6642791402503025
343 4.671399696692093
344 3.608620136065301
345 3.9973541229673097
346 4.516908919335125
347 4.678935465540578
348 2.7719105814948417
349 5.526397160538409
350 4.029971047038135
351 2.768838429791761
352 4.507083277222609
353 5.004655605951198
354 2.9002199489834806
355 4.901979885287748
356 4.645678688199848
357 4.4060983458230405
358 4.167761943810984
359 5.57109336626702
360 5.093958706464933
361 5.167402668463666
362 2.7411556211037422
363 3.87106387089359
364 4.152016649019818
365 4.251841660029757
366 4.08286917512247
367 4.760405641872059
368 3.754119790587362
369 3.6652956176268234
370 4.8625495417149
371 2.88630044274641
372 5.64236176422548
373 4.784819302885717
374 5.102640378468045
375 2.670796391321486
376 2.7055478189804694
377 3.1579062951897314
378 3.318853279033586
379 4.787916664481583
380 4.724288903223638
381 4.932104027113541
382 4.646049182837581
383 3.2952986034756147
384 5.571471797963113
385 4.9068785977003735
386 5.450351786990487
387 4.932360103941593
388 5.348972795198329
389 4.723037368265402
390 4.7842510512722995
391 3.074136206668029
392 4.511123805444125
393 2.713582413517517
394 4.157937062601794
395 4.072796767249162
396 2.9272468897291977
397 2.8345504169990954
398 4.803281803119057
399 2.7476935297073006
400 4.8833017211796514
401 5.064685932670136
402 2.8853692925951537
403 4.385697108019826
404 4.517853736218072
405 4.509809352038213
406 4.625102920127487
407 5.334036380960571
408 3.842818687761397
409 4.354179651190599
410 4.583253440397251
411 4.134975297266506
412 3.832456923350985
413 5.206567783255595
414 4.123100908735393
415 5.478235581980706
416 3.3816536601722254
417 4.25406002653239
418 2.7546446497105808
419 5.240830784654775
420 3.596708087869258
421 5.014375477910978
422 4.989970621160382
423 4.447274500003749
424 5.51970358719627
425 3.981048597089186
426 4.949286074046583
427 5.101793870539653
428 3.1278705578105117
429 2.635912779815134
430 2.952059113936629
431 2.865156792157243
432 2.8439892265520745
433 2.9023487255090323
434 2.636288852689303
435 2.6945013191175553
436 2.9562856778106923
437 5.116562515619198
438 3.4917344620167556
439 4.958530506462949
440 2.8191101017042124
441 4.090856696176159
442 4.079533767778176
443 5.056916915368444
444 2.7370701641759974
445 2.6636916194813667
446 2.8532138096557778
447 2.765223375931963
448 2.8537667203897943
449 4.6576516507517844
450 2.7856621151380336
451 2.8039227153973614
452 2.6195605054872253
453 2.8286977893298313
454 2.727601645901597
455 3.74263363557859
456 4.091361659163262
457 5.546089659321459
458 2.724485453030527
459 2.645215035017665
460 4.0790077443110055
461 3.311997295981812
462 4.595687050105976
463 3.3732422276680865
464 4.863329973998529
465 5.336504117937314
466 4.692604995551705
467 2.872647769830934
468 2.7070202798055267
469 2.7588411059303426
470 2.6890306489282385
471 2.8092905836228077
472 4.802459420604791
473 4.126739546599968
474 3.5141241436013395
475 4.401342966846417
476 4.972539169586291
477 3.843615489661028
478 4.376049366280233
479 7.084841410952428
480 6.124941151522724
481 4.661464588770184
482 2.9875378996383564
483 5.048268921325817
484 3.908830822480811
485 3.8158093253192327
486 4.174045316395344
487 2.9251964861410746
488 2.7774169862429696
489 2.7727733055940975
490 2.7371644744677
491 2.5729192651117585
492 4.0499332790453115
493 2.670999694845054
494 4.631758504849744
495 5.0736374051823345
496 4.336561989926065
497 6.465994561142423
498 3.9874334384330057
499 4.410578897685451
500 4.703177390840766
501 4.234863771281886
502 3.7367039525156844
503 6.540738062751842
504 4.065281226038866
505 3.564453979575145
506 4.701108385108911
507 6.306078340731851
508 3.0776878821715514
509 6.870919678230024
510 5.250814967075378
511 5.244067474520959
512 2.843722584737944
513 2.90433680140555
514 4.6004106859947775
515 2.901786820792017
516 2.7475175638458915
517 2.7931752362120603
518 4.396043544258494
519 2.7242338449574093
520 2.802248968244616
521 2.911487793167711
522 2.7115170698978783
523 2.8585699554727433
524 2.870983208368542
525 2.730951399527759
526 2.737106211405639
527 2.9707175305628497
528 2.8088758351919867
529 2.897001871600021
530 2.743052676240292
531 2.782235787724863
532 2.7258701522439224
533 2.830240557670671
534 2.9773696337401825
535 2.6271586932327624
536 2.8956506017506496
537 2.9660027278250456
538 5.192402042057274
539 8.004430924672517
540 2.725728508355272
541 2.9318985608351698
542 2.8439817906970477
543 3.024933786385053
544 2.7644182522564247
545 2.8206576350970534
546 2.898114613135347
547 2.7580775919952476
548 2.9370485364055448
549 2.7848305104510582
550 4.871849450629418
551 2.761250441891856
552 2.895016206911875
553 3.129729856282813
554 2.6479003449975886
555 2.685682212002953
556 2.7513934321326206
557 2.870566437918161
558 2.6485813845151416
559 2.910614362912263
560 4.473067837573207
561 2.777361147480844
562 2.896099627448711
563 2.872598700901697
564 6.9009257757509905
565 5.539496483213311
566 2.9156101809794834
567 2.6870006239995616
568 2.9047244505142538
569 2.7917387153092044
570 2.711081084321074
571 2.8353105400007523
572 2.8372190966400757
573 3.162309062274437
574 2.710589925048276
575 2.6869626995306395
576 2.809942090947844
577 2.83924771961789
578 2.8500739700627515
579 2.8176485415087087
580 2.8735297997113314
581 2.556475648199402
582 2.636576663412706
583 2.678136845475655
584 2.820718410671528
585 2.994589472165888
586 2.921117890623682
587 2.9170320775490883
588 2.8332127681726282
589 2.770921274238644
