0 14.800898554992456
1 14.901991767208361
2 14.87543167757929
3 14.684057508850032
4 15.08037174242741
5 14.971851251972039
6 14.653651847564925
7 15.013614798722221
8 14.053873347878454
9 14.962689207296817
10 15.212743441232105
11 14.867282929118764
12 14.572771191687714
13 15.208018784700032
14 14.86492577070533
15 15.094529984310158
16 15.120248188684432
17 14.152939320464629
18 13.971903545388301
19 13.80775258988182
20 14.746897427238641
21 14.536782544830745
22 15.221195927697279
23 17.975726846547197
24 15.543655904729519
25 17.032699296128158
26 16.017300447062723
27 17.908076969823732
28 17.21288078276904
29 17.253278566329005
30 17.20649993168541
31 15.522502717221212
32 17.15639104940462
33 17.63368947660652
34 17.616651919156332
35 18.044632020699055
36 17.71851169530577
37 17.021682270143028
38 16.809109099643123
39 17.58586235795683
40 16.90987721307553
41 17.04402287459485
42 17.296207582290954
43 18.017466246195703
44 15.394757129659311
45 16.313584239848133
46 17.75290839760382
47 18.315870889275253
48 18.211478714685427
49 17.66842653093034
50 17.78862405626673
51 13.722442469446243
52 17.953929752086733
53 17.190702284230273
54 16.607919937677774
55 18.12945601652465
56 16.336101975703283
57 15.517505954656182
58 15.615319944106183
59 16.44456639093662
60 17.76801259953165
61 16.266091859958966
62 15.952315876523528
63 17.165974658039243
64 16.68863426635144
65 17.149450689115017
66 16.891816763932574
67 15.175556700626457
68 16.717797421338265
69 15.605016225052672
70 16.61992834218033
71 16.416719367658267
72 16.109428373421625
73 17.310078542791945
74 17.087096923398406
75 17.468505980369695
76 17.98100201896579
77 16.514890387982273
78 16.260705555299644
79 16.95055489843613
80 17.804290787802806
81 18.475934343063482
82 17.675331974913902
83 17.39697160393968
84 18.277110204781085
85 16.905757659376004
86 17.811661248994337
87 17.353013354255488
88 15.119541549136226
89 16.029897182446415
90 18.78902272451186
91 17.745400008831172
92 14.446828728459257
93 18.867022735970927
94 16.140583923454415
95 17.33447390668345
96 15.86991827476974
97 17.66445296744249
98 17.61731052464927
99 15.343143373204523
100 17.284596722168715
101 16.50328569751418
102 17.042280666072095
103 16.1892878706157
104 17.89435104540071
105 18.446049937017353
106 17.01485847023662
107 16.262264867151835
108 16.82988267109079
109 15.222153760426213
110 14.233565397140639
111 17.821638198247474
112 17.07723468387316
113 14.832973749538652
114 14.861273552587742
115 14.58036267266826
116 14.893680179154208
117 17.96966113276765
118 17.24848804940762
119 14.294309316482481
120 17.227250358357693
121 17.15997651094348
122 17.17261479288677
123 18.14536934699414
124 18.267123608997352
125 14.960218807422523
126 18.02449399213338
127 17.844793876392455
128 18.08034911172401
129 18.51563129799082
130 18.07954659746602
131 18.40454839122737
132 17.950241795831065
133 15.873479421664015
134 18.51455543666555
135 18.426945013126257
136 17.425011734470754
137 18.08170945396964
138 17.428242668540577
139 17.35834741627915
140 15.594685827353377
141 17.35980018068978
142 17.122538776693844
143 18.059165329407136
144 16.303118389992157
145 16.081719313701154
146 16.27075147139747
147 16.97308509580677
148 16.690144091821086
149 16.626382309631918
150 18.289064398114576
151 18.409909057461633
152 18.62219141305831
153 15.936836533785213
154 16.94344267742365
155 17.327554789472476
156 19.345628933125237
157 17.35394265530748
158 17.102747207443795
159 18.473918901473333
160 16.787993041842345
161 16.11130433481547
162 17.683866418959337
163 17.103350886662863
164 16.72860842098042
165 16.638185190892568
166 16.41896244192491
167 16.38610546119674
168 15.922260142997029
169 17.979427667861366
170 18.448297033293223
171 16.973563433306992
172 17.474315945334048
173 14.165995796608083
174 16.923214664501334
175 15.526965579709865
176 17.10011818125618
177 16.656834633317604
178 17.28434497163751
179 17.011372999502864
180 16.519331656032964
181 15.583734609019187
182 17.65008308355685
183 16.741654920025624
184 18.833813120445313
185 17.4159337972629
186 18.409753941553443
187 17.476775106463645
188 17.896175423012206
189 16.807881081629915
190 18.714027969906343
191 16.701277412544226
192 16.549932188810796
193 18.842448282848387
194 17.71898817879674
195 18.39766994838485
196 17.954758627507566
197 14.803510211837946
198 18.807669235738036
199 16.55671949145597
200 17.84707292461476
201 17.41471005469096
202 17.17677696623716
203 17.568975793720004
204 16.23891335019693
205 17.288790999086032
206 17.444172885586557
207 19.002119744577126
208 18.893168513744964
209 15.214562903146055
210 18.180870305354297
211 18.068683871116004
212 15.972343444323359
213 15.255405566495215
214 16.665356720974614
215 15.754066594886135
216 17.56891930554695
217 16.74595060452779
218 15.324888551605902
219 17.78592659767398
220 16.6754146729629
221 15.354995173126092
222 16.632589839997422
223 17.88601871144397
224 16.072942163563383
225 14.625455261326307
226 16.279435494953574
227 17.369087057117593
228 15.264536648786287
229 15.20270883028059
230 14.4169173920517
231 14.339311966057625
232 14.830146047313411
233 12.907818032946457
234 16.806808042973426
235 13.335779230241357
236 16.419645482959652
237 16.6325480550739
238 14.305435439967258
239 13.926814166209509
240 16.002062889292883
241 14.162121760735738
242 15.4592381073578
243 14.067696643824192
244 15.224553895686256
245 16.902790459778135
246 15.365852664702047
247 17.33617383209675
248 16.075212810457597
249 13.131246675080053
250 12.957546454591762
251 15.18048083872208
252 17.59574814469826
253 13.229570785369468
254 14.33202210864084
255 17.0147327124998
256 13.620525407344568
257 14.589784201928962
258 13.955322511685665
259 13.849856680367427
260 13.857726007486233
261 14.532486865379438
262 14.434305765084387
263 17.150145927456
264 16.549668579354805
265 14.580867486931403
266 18.684599278443763
267 18.617738222401147
268 16.441567747229723
269 13.113574986352342
270 18.583674678273383
271 18.032142136820926
272 15.248586163106218
273 17.410813994074346
274 17.52053764971475
275 17.03803481279039
276 14.753533455109066
277 13.67609069701018
278 16.187167505564727
279 15.708327268431935
280 17.09929533236786
281 13.99109857696824
282 13.423187816184436
283 16.133920929591138
284 14.158174444026722
285 12.833447743426861
286 17.15327271470639
287 14.926018384069065
288 14.062446801822592
289 15.354567673293536
290 14.019048481244381
291 14.739985558188849
292 18.172837490905803
293 16.256751206105207
294 16.522113179899687
295 14.244633198716759
296 15.948760097918063
297 17.579409761694162
298 18.378010203693005
299 15.81051426011434
300 17.01032186544331
301 16.87122186046693
302 14.96789655697236
303 14.239302925675144
304 15.793547267868712
305 17.96071392708852
306 17.610970705702055
307 16.67988499179318
308 17.61377284355183
309 17.283268091291475
310 14.504636498411928
311 14.423622330742694
312 17.912053758031288
313 17.40429417268378
314 17.58958758357517
315 19.361118858986167
316 18.527084862332565
317 13.717927195205736
318 18.541615432443496
319 17.265282578822625
320 18.6773466419425
321 16.729395695090048
322 18.570747586288228
323 16.100877897003258
324 17.37120940756076
325 17.59436432518721
326 16.181836219276306
327 16.7896129638921
328 17.105394724098552
329 17.9312445540232
330 16.062102442774354
331 16.48557625302352
332 14.780917460769833
333 13.155806108483283
334 14.575287959834437
335 17.161976844230153
336 14.059184560493748
337 18.155191760261456
338 14.869450178749513
339 17.459742075873837
340 17.10504455949112
341 17.475545760044028
342 17.800820612877132
343 15.001882266479983
344 16.088818552586964
345 16.97821260933282
346 15.619929834570012
347 15.163910683474604
348 17.35847039052516
349 16.259603278617828
350 15.787712748122027
351 16.249284120479693
352 15.913802819463925
353 17.567789457964853
354 18.07331174477425
355 17.164286514520658
356 17.14861084085426
357 17.16311994862233
358 17.74469224748633
359 14.455129836592484
360 15.343971708745894
361 14.80322939686703
362 15.962229883176136
363 15.551372378899103
364 16.88179354164813
365 15.660695357435614
366 16.8915608887585
367 15.109546839254444
368 15.386101339070171
369 16.064831991447996
370 15.012264009612322
371 16.69729428925169
372 14.968928098858235
373 15.213868717953746
374 15.692573168808694
375 15.784418411047948
376 17.64854833650413
377 16.13390650560212
378 16.764216230798702
379 15.871878004554286
380 14.341616820626168
381 17.049703806698766
382 16.13360697403788
383 14.73928481934763
384 15.382433096143327
385 15.46836455784021
386 15.054625477320286
387 17.685699476187416
388 15.856383983765589
389 15.443938285895326
390 16.198588640849085
391 16.267723831821158
392 16.557868557875036
393 18.089014402303324
394 14.168571839482446
395 17.278846337524346
396 15.808512809067254
397 17.4129111359207
398 15.366977447319286
399 18.340406191816093
400 14.626978473608581
401 15.860399822749056
402 15.27190875397491
403 15.2490413400133
404 16.237143029154783
405 15.581556562173805
406 16.48673476826272
407 15.885992299255005
408 17.531717630658576
409 15.566985533015435
410 15.88202274619495
411 16.113633576218984
412 15.333751730668391
413 14.867979031716738
414 17.815321594056606
415 13.308920096970414
416 17.99076312229803
417 17.525703379014256
418 17.552160730631623
419 14.950530337804325
420 17.815053184806455
421 13.33657513231971
422 14.484448843212453
423 13.587896879495009
424 14.55021634111886
425 14.178431336140683
426 14.693354945997122
427 14.08144516932524
428 16.463669657772158
429 16.027636248941807
430 17.045292790841795
431 17.064027523745338
432 16.44791443909986
433 14.67098427244614
434 16.197903740027876
435 16.244240555350718
436 17.2966882436685
437 16.913354892707655
438 15.792600840622733
439 16.43679007016567
440 16.15727936853946
441 15.45753478858458
442 16.320824789823767
443 14.815929571481607
444 15.706993834278759
445 17.0466997012478
446 17.748512275916415
447 16.606793627098458
448 15.298858894607235
449 13.532777460903127
450 16.438589150468538
451 17.10336786825543
452 17.557853448310297
453 17.119836527175387
454 16.39624918394842
455 14.81304942602612
456 15.855784086835994
457 16.07806520956987
458 17.37383341939885
459 17.363382861515575
460 16.518016309702162
461 17.042899059866816
462 15.036142965946944
463 15.427843964638965
464 16.310209307453494
465 13.903969144067982
466 17.26469225982369
467 16.378390167808817
468 15.311194582509383
469 16.208887003521205
470 16.33409351452071
471 16.519309698167408
472 15.138313723379161
473 15.411917125048923
474 13.669667133424776
475 13.97447396090541
476 13.164548924202535
477 13.725856491366482
478 13.210848967746795
479 14.546757934731689
480 13.637530743707082
481 14.089475673580099
482 16.92381206680205
483 15.824297950203823
484 15.432134591682109
485 16.105779443232432
486 16.900588846040105
487 16.493041650245388
488 16.87457115014233
489 16.563679806528068
490 16.194082105816744
491 16.038625127953896
492 15.295090559442757
493 15.987410283326973
494 13.552078820956742
495 14.30191713291679
496 13.433545898877336
497 13.744843308005974
498 15.145097140683582
499 15.817870523751278
500 13.215894677602986
501 13.835530519767529
502 15.56109978999351
503 14.602200365403958
504 16.959996558329884
505 15.654496310978267
506 14.23896467217137
507 14.408699847231318
508 16.32830153740737
509 12.509222171819635
510 13.91876324818521
511 13.284763361986283
512 16.508341610170174
513 15.696416922022944
514 16.07010295095994
515 16.270956205404815
516 15.43403555244688
517 16.170946369355953
518 15.59163222642561
519 17.438858450088404
520 15.237810106996456
521 16.28314708919742
522 16.630442241886115
523 16.693946116182662
524 16.0054629560654
525 16.998714734935376
526 15.590016332254278
527 16.952411775211644
528 17.654820294128626
529 16.878519414474244
530 16.125637678358572
531 16.001786473259592
532 16.18419839370155
533 16.254979302453012
534 15.717342319848461
535 15.724378138557821
536 15.85537950385304
537 16.853778214532618
538 13.616714256814564
539 13.107642966648001
540 14.907875382501793
541 15.75723216787168
542 17.123298160740525
543 16.10311936633279
544 15.424888321166222
545 16.62783400879031
546 15.244659456051744
547 16.37103846300613
548 15.014525681752
549 17.835378720996186
550 16.522107384622192
551 16.814439155104193
552 18.17842575347207
553 16.816006147072848
554 16.949863235697936
555 16.681300657074065
556 16.74868428693927
557 18.076554844300805
558 17.035690028977985
559 18.724369749253015
560 15.59416999745899
561 16.842652241278227
562 16.777127541157192
563 17.990623379922447
564 12.771637312340102
565 14.169803808924033
566 16.055398610755258
567 16.781438945431773
568 17.204622113649044
569 17.661070564821717
570 18.345304492016552
571 18.28825598514163
572 17.15462294504348
573 18.196079225049488
574 16.33567946612313
575 17.991119980824095
576 17.403623565114074
577 18.252810280248248
578 18.390989988541577
579 17.93806153131497
580 18.842169381461723
581 17.914481120487746
582 15.96318460877821
583 15.609677468494981
584 16.60143535153791
585 18.26399976048649
586 17.10788610817558
587 17.69574071903968
588 16.45740461025037
589 18.05592646300873
