0 14.11705684516364
1 13.80758290307201
2 14.153156602316805
3 13.783576300388239
4 13.648697504614551
5 13.625555478218605
6 13.662845830910676
7 14.112946842489304
8 14.31725964851411
9 13.020854550548135
10 13.968600538707653
11 14.326219778004925
12 14.452233232445451
13 13.374276324392582
14 14.462727937386273
15 14.367136746662311
16 13.25847240685541
17 13.006479136773082
18 13.598829793959785
19 13.736286486170263
20 12.26606678692068
21 14.811412879599105
22 13.96788427329794
23 14.138204645555142
24 14.043177517551134
25 14.775774295316133
26 14.770842060485675
27 12.231177171214188
28 12.757254094568301
29 13.073375916598984
30 13.507019712354948
31 12.9278937820859
32 13.935557395915987
33 13.03504100941357
34 12.816449835543352
35 12.923310489915455
36 13.86337657069605
37 12.447073214149698
38 11.930455141028872
39 13.702115700365109
40 13.762209735136278
41 14.703305114414542
42 14.115680169984628
43 13.689395936348326
44 14.144270291903034
45 14.869990282630807
46 13.617431957673602
47 14.14099491328071
48 11.86710949464621
49 11.495660365937315
50 12.886629792170949
51 14.351426901441517
52 11.845754420334357
53 14.762817355402259
54 13.962638831663243
55 11.602010030185056
56 12.26487127186238
57 13.336688971679134
58 12.632653953992994
59 13.357274970197944
60 12.113759177569328
61 11.805304710055193
62 12.359822762007198
63 12.870500945830575
64 12.305419893340384
65 13.606308447486773
66 14.7085078348319
67 12.30706116786783
68 12.41063613135466
69 12.397369585544407
70 14.130314377658273
71 15.292539638948139
72 12.132228704676873
73 14.59000513752458
74 14.773012008224352
75 12.798554460585112
76 12.314285787036159
77 14.689735896851438
78 13.47830057009376
79 14.738564852504732
80 11.945075337569815
81 15.197579246571093
82 14.57497230240827
83 14.838525503669063
84 14.761641320763971
85 13.343978332720814
86 14.76887400762889
87 14.28779158445277
88 12.626311915700485
89 12.174077755564912
90 15.220806340399873
91 14.67549598124435
92 13.839248670641286
93 14.550592764171407
94 14.660063985952196
95 12.516284624338082
96 12.906439642421791
97 14.37023111275053
98 12.07498282231868
99 11.621685158918144
100 14.695363988527536
101 13.634711498101336
102 12.620138315876195
103 14.564155089155605
104 13.798489169362389
105 12.592682459020795
106 13.096439649591987
107 13.974402991771985
108 14.553836122809425
109 14.326129327222738
110 12.066582053910219
111 14.917840884350259
112 12.215298941145091
113 13.247680387390567
114 14.17271329678017
115 14.286978917014174
116 14.267132867751515
117 14.918306999070788
118 14.050903752922052
119 14.551790664473419
120 13.68985314096101
121 15.45360637761814
122 13.917485995826995
123 14.179848895507483
124 13.122888789482904
125 12.868220485304263
126 13.582658604852961
127 10.233841085040615
128 11.927885916560689
129 10.497003067974507
130 15.334054846421784
131 12.113034620494293
132 13.194924782555088
133 11.207326124440124
134 15.506573154263844
135 14.10750309770547
136 16.284671031551234
137 15.915150335149841
138 14.731853975038414
139 14.268841180213625
140 14.596991661887404
141 14.227962184952053
142 14.436936096992993
143 16.554453138135255
144 11.32245709411608
145 14.27786533368285
146 14.440881215177834
147 15.11351470336892
148 15.393790340393073
149 14.1720195307975
150 13.446185364243675
151 15.062772264746595
152 13.63505394259958
153 21.89881195944264
154 14.944792974017002
155 14.97750833916663
156 16.415694782493013
157 14.353891438462961
158 16.840233501144372
159 19.05188506593782
160 17.03901588316689
161 15.012502694402217
162 16.083737757660746
163 15.739530768346611
164 13.817990075365806
165 13.51708632023896
166 18.072588903875225
167 17.44268358255939
168 12.872892455947827
169 14.517375849846719
170 17.310669713900168
171 18.821029312151232
172 16.918505338436308
173 16.854384447977832
174 15.115965207666857
175 18.39091601769611
176 17.30653291965444
177 16.394816573718046
178 19.318467142636237
179 16.276803912418664
180 13.844183465436677
181 15.238653570273183
182 14.396044343144522
183 15.60064773295714
184 15.938838783265954
185 15.274378897345956
186 15.970555941748803
187 14.003054020852407
188 15.464082793111682
189 16.053438219713318
190 14.548409632757835
191 14.331561084117046
192 14.27677923576834
193 14.677825631203113
194 14.732562353585783
195 14.542916108846146
196 14.71240613621558
197 13.763092331994093
198 13.966174268268915
199 14.978972164830896
200 13.316779520806415
201 12.893522739779522
202 11.759598709193337
203 14.306753167993739
204 12.55715821619436
205 12.172270239543655
206 13.373615349817372
207 13.834183459862084
208 10.51376010274121
209 14.384913880242362
210 14.888363306204576
211 14.726913634924164
212 12.273144207216143
213 14.10923818715345
214 12.459537086027495
215 15.10963575115856
216 14.143960048880059
217 12.924886792170852
218 14.663989903899914
219 15.72099315325038
220 15.421916308478407
221 14.711715218494607
222 15.774322624018057
223 13.736907608624298
224 12.493847683555359
225 14.703181908222303
226 14.158196808960062
227 12.44316311797486
228 11.546868647769594
229 12.155103605879686
230 13.729474065014879
231 10.88604558643746
232 14.242249358683624
233 16.40014260558487
234 16.913153953429145
235 15.661145557738152
236 16.033799060384066
237 16.567625057657487
238 14.67838435552306
239 16.879510247452153
240 16.184898047601404
241 16.030759781513257
242 13.493386118771406
243 14.36041561929977
244 15.381873990293123
245 16.319919185528633
246 14.940488881841034
247 14.743910219028278
248 14.599193587025503
249 12.003912986232509
250 14.449436472657208
251 15.871498607498
252 17.447477794503815
253 19.900809748053998
254 17.71412663591573
255 16.631606765963795
256 16.664031941778937
257 17.108357857268004
258 17.51102439467789
259 17.964350186001127
260 16.085040688259557
261 17.29915774730907
262 17.734359674395666
263 18.458421546381903
264 16.601026123230685
265 15.944864652602519
266 15.142135484691984
267 17.817418490309727
268 17.52647305706396
269 18.169380759195658
270 15.096641349587479
271 13.689252745978825
272 16.10108187267879
273 16.643192440953115
274 13.507228145295363
275 13.826590303962925
276 14.441812013142544
277 12.50445929902347
278 12.400346642433913
279 11.406912018429146
280 13.773220350411504
281 12.830928390386116
282 12.747561876189945
283 12.903003045891875
284 16.64371241966026
285 15.943217428319597
286 16.140325295206345
287 15.969957049468979
288 16.5568583330398
289 15.705088650501454
290 14.329449636269372
291 14.887373831028945
292 12.10943048748183
293 14.40781297955963
294 10.069418305720658
295 15.17097097535976
296 13.715547438594294
297 13.069382567109026
298 13.37488836945937
299 13.804427613702341
300 14.039301341178323
301 11.105254743759781
302 14.96211598311904
303 17.590504233522882
304 11.590286872606425
305 13.090527708192287
306 14.302840591701944
307 15.726817866986208
308 14.984839308771196
309 10.669741998025332
310 16.701931020919478
311 15.388249766715793
312 13.442947867988325
313 16.048288650249845
314 14.941819255095808
315 14.616616123336668
316 15.111594245132332
317 15.535734352273202
318 12.163492702892281
319 12.379833987545739
320 14.865366294506082
321 13.494715560639184
322 14.41701582131834
323 13.53121268465179
324 14.148280059664554
325 12.633414720994608
326 13.341316092623375
327 11.23804044806204
328 15.271134828026224
329 17.67438198002377
330 15.106363239854309
331 16.55135035571104
332 18.447677135666527
333 19.064370136104905
334 21.40780568494396
335 16.783994143323085
336 20.658447511206322
337 17.720997205265917
338 17.07488929791846
339 19.38208241464006
340 19.537512985223394
341 20.197847853812426
342 16.29813191450539
343 12.540528110767312
344 17.321106058756698
345 15.4896719416129
346 16.299421540049597
347 15.143055613798838
348 10.436841237073962
349 15.422440661306013
350 17.634162773581206
351 17.348464243937087
352 14.069992355101164
353 14.2775556220102
354 19.105187542862904
355 11.133293521215487
356 12.016702423280734
357 10.395258805469068
358 11.510180979898552
359 16.648602604757993
360 15.743021326287346
361 13.524768114756966
362 13.52115883883409
363 18.27454497413757
364 12.937586819373447
365 17.2427851883641
366 16.17993523582246
367 17.677406643447956
368 12.930048580064046
369 13.523435293909463
370 11.810485053603344
371 12.978472063559154
372 13.13181753185706
373 14.319448356242859
374 14.192016331407768
375 13.258173624023142
376 10.833829752274555
377 13.910719339699252
378 15.295847045807577
379 16.691428664615316
380 14.049256982501403
381 12.531110363606178
382 15.060695492606655
383 13.62792741955192
384 12.822448847947491
385 13.279117562134681
386 14.637517190082196
387 13.522250474896708
388 14.569495666577602
389 15.747905732786878
390 17.661101769497883
391 18.189630986986078
392 11.76086421387449
393 15.806022887945666
394 14.930852000896762
395 14.266064683566338
396 11.039020431765575
397 16.624436048173983
398 12.011623227446039
399 15.53033788915987
400 11.358529360786587
401 14.592071627841593
402 12.633144379075672
403 15.260506064260847
404 14.574178907800459
405 12.739713435786756
406 12.809748786729507
407 13.965872301921415
408 14.695432099806867
409 16.84284267152183
410 14.256438133495198
411 15.57353565699935
412 16.251833551703353
413 17.075973846297142
414 16.32920313015686
415 18.882366860562353
416 20.742805086214823
417 16.74355565440972
418 16.04294889317837
419 14.182826395037365
420 12.129820105661063
421 17.68869637022806
422 17.083487284696
423 11.100352429624497
424 13.962926769867636
425 15.915614379283163
426 14.339291686761282
427 16.198573401782635
428 16.48145149950258
429 14.803605303259593
430 15.16090023281289
431 15.356999332970625
432 14.287454018262917
433 17.328308271246115
434 14.72260960932584
435 16.757704543277214
436 12.759073579476272
437 13.379064081877742
438 17.242236533127237
439 20.13385528501221
440 17.793324057871985
441 14.70632222839723
442 18.93905409566458
443 17.14124435210525
444 13.40485082333647
445 14.353712677331062
446 13.877979180773277
447 13.628007623261318
448 16.179996294960862
449 15.928312310638809
450 17.110122468252086
451 15.379457691592341
452 17.17786990119281
453 16.02478809335567
454 14.396593544137541
455 13.656195911104923
456 18.62218976678291
457 19.2197101780248
458 20.062115810053957
459 19.800026627452066
460 24.142150582828677
461 17.354563994636443
462 23.25421460664426
463 19.738111532562968
464 22.82403390463549
465 22.958897802731315
466 23.73806627520467
467 19.345821305477752
468 15.507675092134123
469 16.669731801351762
470 15.611880212872967
471 17.037984861036712
472 16.684323219691453
473 21.295052009558304
474 25.695641338298415
475 22.834525519601016
476 16.623512468735605
477 20.638745919408034
478 15.869970287222554
479 21.866248068882506
480 21.942813408986712
481 24.154245997129433
482 23.909456074073983
483 26.129393182612105
484 24.051028014064567
485 23.971099130187582
486 24.345180716010532
487 21.531958245796233
488 18.473934466896452
489 16.565298326308447
490 20.277921959251458
491 26.457325037725905
492 27.735049951147808
493 24.22745552276908
494 25.884169849166184
495 22.319612990933066
496 24.892645172030946
497 26.68442454451641
498 17.852106914572545
499 14.11814367614247
500 16.26659178648918
501 18.392706414512176
502 23.19231352157728
503 18.6931371989094
504 23.34540252934029
505 25.317079493699776
506 18.374075645324982
507 22.148378380981004
508 25.396963097063768
509 24.3605179625668
510 22.107219693546234
511 25.676968451035297
512 22.498591283334953
513 21.872425201280244
514 21.621929979502145
515 24.334193781700606
516 22.830781525632673
517 27.947127067368893
518 25.076889831280884
519 25.234359464725983
520 20.449190283169145
521 19.842807940574954
522 13.495167375631201
523 11.856019969924095
524 11.525085324036116
525 12.55563330910223
526 20.547336283500112
527 16.638651149439493
528 18.00106024529327
529 18.848342024735054
530 17.74126415380679
531 17.943837719065762
532 18.20125934296236
533 18.8031598825507
534 14.905985909716728
535 16.063723807225234
536 14.129047941387075
537 13.869702097713942
538 17.39394424448962
539 27.519161173625385
540 21.25958450636274
541 16.729780137893545
542 18.758437412579248
543 14.338607164860704
544 16.49513868220053
545 15.976378096100197
546 15.672529869721323
547 14.105160139440969
548 14.73911540302094
549 18.20282317416526
550 16.620520950670713
551 13.139713066821846
552 9.94140630038016
553 10.826839814525117
554 11.288073857485436
555 15.996853683844241
556 10.673096575978454
557 10.68850710807235
558 14.358465858451247
559 10.725914716165665
560 10.346585177210494
561 11.64988182094064
562 12.777124998203083
563 10.297536520024007
564 9.469375348826258
565 10.971278896599353
566 11.434943004961019
567 11.87693100688395
568 11.71450964800135
569 10.812908697780335
570 9.278144129556098
571 12.423797830009393
572 10.260130266798178
573 10.69236459503305
574 10.702073410101836
575 13.00757948965931
576 10.530511279258253
577 11.262432104024223
578 12.084616645251975
579 12.214878434643731
580 12.99094173724522
581 12.44300948478114
582 11.295068196882584
583 14.29986983085471
584 14.20439800043933
585 11.693454806858352
586 12.357164524235797
587 10.400150441132585
588 11.580643309832674
589 12.471790037386011
