0 3.02004684972822
1 2.9470249767330574
2 2.8923273366432665
3 2.8508045946672054
4 3.05357147428162
5 3.038590615501268
6 2.995607456622537
7 2.8520163422856264
8 2.7226714385541038
9 3.245793860116058
10 3.1028585168706915
11 2.8900917717207233
12 2.697241571452646
13 3.252916246654472
14 2.9099323526514635
15 2.9078581481296633
16 2.6456689039142773
17 2.878129463839694
18 2.839198185807202
19 2.8329745871286525
20 3.0418905466300292
21 3.067645355860971
22 2.794339085443884
23 2.9187601937992653
24 4.257252161139423
25 3.7050068787409125
26 2.702916233563402
27 4.591929393408811
28 3.2188094465779784
29 3.1486644505213417
30 3.962723251006937
31 2.703001049939985
32 4.703085911110589
33 3.9634834421168237
34 3.7178010072726777
35 4.250532695582483
36 2.918544148556537
37 3.268883221403027
38 3.128380564171049
39 2.775938623680962
40 3.1885562187600494
41 2.986593101974798
42 2.641209941522673
43 2.895399580157762
44 2.86724607256551
45 3.917505946414233
46 3.3647735622202366
47 3.1373274823340194
48 2.8795704856458038
49 3.3225652274187376
50 2.9587669240499337
51 3.0490037111113124
52 3.1311227952348077
53 2.8647544165971035
54 3.2819082082761497
55 3.024708154304896
56 2.6825275369765555
57 3.0239043323034336
58 2.87020308760368
59 3.4579024432520638
60 3.3314316017336703
61 2.8897027969434315
62 2.9526774706138816
63 2.8398285963427026
64 3.30077814975685
65 3.035289445249159
66 3.004969580921959
67 2.8298209611498915
68 2.928875533737218
69 3.128243664714607
70 3.07406887217601
71 3.102091339087016
72 2.807063411213583
73 3.0363047431520362
74 3.199364650365525
75 2.853725214520822
76 3.219942441575619
77 2.8043689341378264
78 2.9744077969948446
79 3.1264523461033247
80 2.9615556933058547
81 3.048905011363752
82 3.0249557173942097
83 3.047468896869793
84 3.120086674220284
85 2.9868979077275104
86 2.906252642845665
87 2.8684346449227864
88 2.8214250142134936
89 2.9946605513171702
90 3.0848268983600904
91 3.5820834323900486
92 2.869003043986911
93 2.7396969576201733
94 2.9902261681024296
95 2.988544166541004
96 3.1304104707152174
97 3.638980088923955
98 3.2019468867334813
99 2.859353359862148
100 2.992835246655038
101 3.0318993694101617
102 3.0892643854720143
103 3.300746591422278
104 3.068097841046527
105 3.0743780816796558
106 2.8137556875718994
107 2.6947200022010955
108 2.8921816884202953
109 3.0132309425995887
110 2.8977287518587893
111 2.9888261735588686
112 2.8823054635322736
113 2.9025937628135217
114 2.768164137396102
115 3.1860383801165915
116 3.0846714127747363
117 2.7025114869921603
118 3.147409483098188
119 3.095942804375874
120 2.875531416406641
121 3.217660607820768
122 2.801918163269902
123 3.119448768876329
124 3.281868793192758
125 3.297266619054442
126 3.3592642363353806
127 3.582330294350703
128 3.234163655992948
129 3.1249316986077886
130 3.259084912105049
131 3.2258797747466486
132 2.8789601129637155
133 2.810646829676652
134 2.845311060729561
135 2.6834003094394467
136 3.049289801235669
137 2.6647845775855465
138 3.0699636185005756
139 3.191820171911774
140 2.980019566532846
141 2.8625889586603717
142 2.854067319365583
143 2.777366044461768
144 2.977968722200958
145 2.9219686750447975
146 3.038298996164912
147 2.8812350638887283
148 3.02625262213171
149 3.0199273866727716
150 3.608217810346803
151 3.009558445973685
152 2.667286725539936
153 3.0403819711944737
154 2.8219502338717195
155 3.2670859008705264
156 2.8081015904998816
157 2.8134620068628835
158 2.786607168845745
159 2.8622134444677556
160 2.9119352620996937
161 2.69328033832179
162 3.1621490522318645
163 2.895088210541372
164 3.001061027804068
165 2.9771670989584393
166 2.851425805463875
167 2.7675729879973683
168 5.0476471292048615
169 5.194629208649411
170 6.484864242637091
171 6.4763773814851575
172 5.537761437747979
173 6.541928695407444
174 8.895845513956743
175 6.125464826025486
176 6.301077800503406
177 8.499601275472543
178 7.055486661098368
179 7.571588569449208
180 5.595528035842781
181 5.002862075821275
182 11.810706054010366
183 8.478412543159843
184 8.209791227530008
185 4.74304309493236
186 6.4377726876292405
187 6.069586213574175
188 7.773286331785576
189 8.015562657566328
190 4.113018180381159
191 4.217102518631489
192 3.1526636244176314
193 3.4833728949513327
194 4.593838540141106
195 3.891823591157953
196 2.9319026420427914
197 3.8875150671117207
198 3.102713028724747
199 4.575578693410691
200 4.560741429422362
201 3.305694505670402
202 3.3527108153540253
203 3.582303610239081
204 4.216937558236598
205 3.9404852355505344
206 4.091209284036476
207 4.3483037624847345
208 4.199699366681059
209 7.31615359055813
210 7.0213110170912225
211 9.055506127199319
212 7.641255890138676
213 5.7274055716627625
214 8.12330293743933
215 8.59619553630453
216 5.253204084866098
217 5.554140901159587
218 5.1098679039961485
219 5.121748638918931
220 5.507789691637027
221 4.941417729484917
222 5.725648991543473
223 4.957885410709296
224 7.399412805165559
225 4.99535862675671
226 7.3970654903323405
227 5.1091196104199925
228 5.222895659015988
229 5.493696473362626
230 5.724665579001163
231 5.334772393442371
232 7.284496958357618
233 7.923065948823226
234 9.460497906007818
235 8.165075485697066
236 9.545193868576925
237 8.61193706993873
238 7.791786129174237
239 7.623887574100489
240 7.892368414416335
241 7.665500128590922
242 6.9083581497365465
243 7.292944335764345
244 9.653544815833778
245 7.109310393609535
246 7.4053397327948645
247 7.047559609304391
248 7.5344748417572776
249 7.342292208373571
250 6.54034147627395
251 7.662537056360569
252 7.1734236094498565
253 7.6635399252633745
254 8.01171842082151
255 7.740877152296901
256 7.354871316207453
257 8.388413423718713
258 8.26217483523344
259 9.546902138298275
260 9.180866240010326
261 8.781839170605837
262 9.24236672776161
263 8.239359837198661
264 8.897789294581345
265 7.205832241432574
266 8.848320899869254
267 9.695397105875161
268 7.66939020758021
269 7.676071316515236
270 6.758290012237844
271 9.739166822645156
272 8.998583101507796
273 10.198393257830796
274 9.759225632677387
275 7.3245520063621585
276 6.831452765809752
277 7.727086840995721
278 8.543479643497774
279 7.582206757807545
280 9.508025711489783
281 7.476169607924591
282 9.430075814224443
283 7.405103086204224
284 9.13598242564321
285 7.6366365016751905
286 5.667569574309669
287 7.36786784097963
288 7.171606536278415
289 8.642033754910665
290 5.481008368078932
291 9.092951112184025
292 5.78762902836423
293 7.324848734670696
294 5.3084345956373795
295 7.09667720641323
296 7.133007898799474
297 8.491018928847497
298 8.300130881731716
299 8.237897188447944
300 6.705008476745406
301 8.056133078436618
302 9.019075528563405
303 8.019304455449262
304 8.214313244254829
305 7.887460620677803
306 8.514637246116495
307 5.881434628557562
308 6.895723766108166
309 9.777685910619278
310 8.44550942938182
311 6.164567283565276
312 9.458058916289716
313 5.872435415028597
314 7.556726762235086
315 8.723396541841739
316 8.96429424597229
317 7.764777678943584
318 8.87959460762885
319 7.574337370270171
320 9.835200378017811
321 8.557010521680597
322 9.072059751650647
323 8.226204390069963
324 4.927386019253152
325 6.817691425477119
326 6.924340066350567
327 7.731188853318282
328 7.6731495361557664
329 7.564726412405639
330 9.078175448110382
331 8.087382922750141
332 7.469628322763706
333 8.851336710319554
334 8.93785647198675
335 8.3077585064036
336 4.9010239555063
337 3.297623897481934
338 2.9552896271878257
339 3.067086057654778
340 2.828589752420701
341 3.0944521755537227
342 3.567540359087281
343 3.365321843104504
344 4.17989475406986
345 3.4984577541436135
346 3.794234690951735
347 3.4537598382474144
348 3.568012137804518
349 3.2807419695734334
350 2.916386288152485
351 2.813761206442556
352 2.8868379145916934
353 4.126458190397873
354 3.0174937863258773
355 2.8432763533967598
356 3.0776902093662466
357 5.852633484499311
358 4.742416679402239
359 3.6165210574014477
360 3.5814094180416878
361 3.3779116555596453
362 4.069954825416209
363 3.862892292236173
364 2.6980262635265424
365 6.112805646483945
366 2.9298661819894507
367 3.200918003777073
368 3.1748721729735565
369 2.7717748746496693
370 3.4178862184635665
371 3.4451851302893512
372 3.7039804081253216
373 3.6782437208979504
374 2.95673057220003
375 3.6131059429584615
376 3.3277618132261266
377 3.927020052616035
378 3.436935927867212
379 3.6139492191975595
380 3.844819399852117
381 3.116706352594697
382 4.2526644932042545
383 5.1732771560724835
384 3.751466655938799
385 3.4034934316968037
386 3.69731459399465
387 3.299104095327125
388 3.2474149497232476
389 3.328170184482751
390 3.37956796788662
391 5.031603096629019
392 4.752412061568904
393 4.327442415534659
394 3.468470400742285
395 3.6625831767839307
396 3.0699214975482985
397 3.6587436169455985
398 4.557815925713732
399 4.008802372141655
400 3.245676448982234
401 3.176448684652355
402 3.419840212237019
403 3.298772116162301
404 2.9762276570768553
405 2.8530204793992984
406 3.0368424023339813
407 6.354673080856386
408 2.8662058302082847
409 3.1669694972207183
410 2.8475658888881235
411 3.768617689748988
412 3.8962257738576045
413 7.550689861569925
414 6.914751385309501
415 7.0209546277220936
416 8.898754615872964
417 9.367660433403538
418 9.321548995456975
419 9.307031464323646
420 8.231148263334408
421 8.189282467346333
422 6.3133436125104145
423 7.503679175049778
424 9.291919027602264
425 10.466836528832731
426 10.01731317770165
427 8.40223738360764
428 10.878243275665346
429 6.746142262165564
430 4.427611673280586
431 4.6512418363182
432 8.774151558308265
433 9.317535077943345
434 7.638293145710211
435 6.262318084497965
436 6.82467077834738
437 5.4719785432509935
438 5.420600804312474
439 4.820125336192357
440 6.000968216393823
441 7.605004958802296
442 6.332069574501144
443 11.55274695351524
444 8.088874320660501
445 9.588002507101926
446 7.132948565041555
447 5.416541776048042
448 5.7621033140933875
449 6.187126230558673
450 6.073097242440865
451 5.438779166177913
452 4.640447830626948
453 6.079560616362243
454 6.881837256857463
455 5.597212034022914
456 3.637907971656735
457 2.9229261072913086
458 3.272073095869381
459 3.253828465897138
460 3.3061559016106283
461 8.209638200434675
462 5.840930229338793
463 8.283270400770538
464 9.920964811861191
465 6.6138022912596055
466 5.238629881349284
467 4.452615835924358
468 6.274133379433376
469 8.556985357878865
470 5.127617621386836
471 4.113618070483407
472 5.1940122669866575
473 8.970384188720951
474 8.57492171753687
475 9.817942790116819
476 8.437333516407378
477 8.599439013206004
478 7.76421101874639
479 7.916486041914947
480 9.212214596716915
481 8.240721490659183
482 6.254374963792913
483 6.826860583380703
484 7.057681346825182
485 5.313333750626203
486 8.624230919913515
487 5.014142855951784
488 7.00147914314887
489 7.224524252712205
490 11.264785387388834
491 9.564670397882313
492 6.622373165359838
493 7.78169733998513
494 8.713934310344548
495 10.028260911472023
496 9.105620401379717
497 9.87862072722291
498 9.027914694397811
499 8.933865401912525
500 9.324712586861335
501 9.211887054233697
502 10.638048213347515
503 10.108969621244928
504 5.159896271732159
505 10.534284516675937
506 8.13555039118999
507 8.370071565027619
508 8.682916738576205
509 8.167654931944062
510 10.29330539483464
511 8.37331150456998
512 6.053999409875187
513 8.63923756901344
514 9.242786606522689
515 7.277704800911227
516 8.342779970256208
517 4.422298477855838
518 7.3589811621659
519 4.7720614671688795
520 6.324668985281334
521 8.727778694725183
522 6.066086107439319
523 4.27930002083573
524 4.82759000495645
525 4.368140318901321
526 3.446731554833737
527 5.555229824944158
528 5.034622997715025
529 4.753053629862498
530 6.900000605774432
531 4.087775021767319
532 8.934638603339314
533 8.910219352613913
534 7.497775177925649
535 11.07107142940598
536 10.027472230695713
537 8.269205959327708
538 9.240848740702692
539 7.390698770002586
540 10.315007820782496
541 2.6372579995799557
542 9.821423949600009
543 7.55429192509743
544 7.620795176620098
545 8.437805070186725
546 7.807055416401327
547 8.104164708118354
548 6.860836614152482
549 7.488165596198656
550 7.283096371912791
551 7.258930051866419
552 4.4051681330737305
553 3.492186385434843
554 2.9276226715394227
555 3.120411693040027
556 2.9634974158807235
557 3.5798457922630913
558 3.9741536994038085
559 5.24237616030871
560 4.007054377367289
561 3.837438730253663
562 4.907217031437544
563 7.331216132820793
564 6.460047983546414
565 8.22966753169995
566 8.124387830632934
567 9.72188996202608
568 8.437831442833911
569 6.156608048118901
570 7.141609222397828
571 9.63703817351864
572 5.29540784581827
573 6.7325265585150404
574 6.946352624317103
575 8.718706405717976
576 6.569766521220713
577 6.81289391570559
578 4.100281422424459
579 3.6630901327212007
580 4.168019020471843
581 4.542505753968797
582 5.155247351618301
583 7.500272082070819
584 3.6174865222805455
585 4.4221087380872905
586 4.15399171023605
587 4.662060363165106
588 4.369242430685438
589 4.666299558226274
