0 16.409269115963426
1 16.02848748735127
2 16.316885633145272
3 15.725112654302539
4 15.94510063339173
5 16.089453759214308
6 15.872882765796078
7 16.183984153450783
8 16.288596536265004
9 15.780495786970148
10 16.0814902982956
11 16.35401017502846
12 16.743919574602533
13 15.72026931310732
14 16.380715016683368
15 16.12719046833201
16 15.42541621903537
17 15.009145001817615
18 15.83715876087863
19 15.727233974817388
20 14.023960404640787
21 16.559212792432
22 15.289363331544017
23 15.96407465056629
24 17.420130136434274
25 16.57797204927612
26 16.291486990800877
27 15.280681654121787
28 14.847731387161101
29 14.85660841300469
30 16.3914835394249
31 14.84207721824929
32 17.273193624839067
33 17.05186019346564
34 15.267503118821535
35 14.21125075601532
36 15.770996403630967
37 14.870070740916221
38 14.408717337077785
39 16.333107182792343
40 16.850199680906325
41 16.57836826068867
42 15.72328916676489
43 16.553919536580878
44 16.182829479492607
45 15.908550268701587
46 15.514225708843608
47 15.806487308661263
48 13.349000113864792
49 13.944571845487594
50 14.585727446336799
51 17.47580880346084
52 14.522887028835907
53 16.74432176405309
54 16.71692462776691
55 13.673237014770852
56 14.470352196029003
57 16.636659468894152
58 16.07908362211683
59 16.14211003657996
60 14.522563609088662
61 14.022056567884638
62 14.631253019464483
63 14.509082367954859
64 15.144517231458035
65 15.191078235364946
66 17.326758216661485
67 14.168186369312664
68 15.066584000310243
69 15.586451821126238
70 16.38773826103608
71 16.778830597162884
72 14.346301395032041
73 16.791458330062706
74 16.183451840096232
75 14.905418771766296
76 15.24203317584216
77 16.638944782973
78 15.774910220214514
79 17.651642493064198
80 14.441235373638285
81 16.362979587242535
82 16.580463079724645
83 16.37199416608365
84 16.279913983582222
85 15.114702878837534
86 17.015489053676088
87 16.166300740420983
88 14.37542283950982
89 14.21573388468881
90 17.087980352152222
91 16.44545990889948
92 15.988155950970834
93 16.222255429840775
94 16.386517632635623
95 14.423615245069515
96 16.18470889757148
97 17.0289104693197
98 13.968048390199494
99 14.925734782947531
100 14.814417673371603
101 15.782818445069084
102 14.423799051027972
103 16.363635152390867
104 16.039489079977255
105 13.821773542146099
106 14.199711607206225
107 15.428854020047607
108 16.416544282815146
109 16.099653924703215
110 14.740983874223216
111 16.39893125100992
112 14.637766115807818
113 15.961989776965462
114 15.815075050967678
115 16.052498439432604
116 16.50354762561507
117 16.54250539163764
118 16.48081004684401
119 16.98329161073624
120 16.095919762656198
121 17.747629827214467
122 16.761381428455532
123 15.33629034854076
124 15.65974935394312
125 15.30603388318434
126 14.45721968897111
127 12.533694229622514
128 14.394987107668753
129 12.62474412013917
130 16.201013948468862
131 14.64213765377172
132 13.439661669519882
133 14.142690213178687
134 16.910068121276634
135 16.479821908337808
136 16.82650384375625
137 16.360943424432886
138 16.035637285683283
139 17.378088658171592
140 17.952476136863808
141 15.90417227441667
142 16.293543636256548
143 17.77419369884252
144 13.93692955417896
145 15.800157219963877
146 15.28109403462777
147 16.835361645582505
148 17.28140376196516
149 15.814956850667468
150 10.395489263599886
151 15.897397032628698
152 13.047772198326845
153 20.809924274782013
154 15.888385134571381
155 15.811050820479585
156 16.897385976384825
157 13.544711289225033
158 16.790509237688084
159 19.366280826703886
160 16.665607962598372
161 14.998278562194667
162 15.510981504380334
163 14.45392321038857
164 13.109276150939094
165 11.718790081197149
166 16.90080334176572
167 16.68013175172053
168 16.400261621248966
169 16.059181513996954
170 18.3475402251329
171 19.856103324915246
172 18.20466362670413
173 19.99076166227598
174 19.60619127262747
175 19.57246392307538
176 17.97542832620524
177 19.555581562905008
178 22.043204736200064
179 19.987544037248213
180 14.277781265012788
181 16.467820896558578
182 21.343366920706483
183 20.311056641017064
184 20.786422955599978
185 17.404303000132433
186 19.399529373336456
187 17.009132387780515
188 17.45398497113465
189 16.376498269405968
190 15.770820009328022
191 16.15259263805349
192 15.514150551965932
193 14.573151124052732
194 15.454309108644361
195 15.828953604036116
196 16.65010090319031
197 15.484074293173212
198 16.095396401512932
199 17.186155275131238
200 15.83757868777391
201 15.131611794184646
202 13.519508696529755
203 16.823644900934397
204 15.387576550879253
205 13.820980498899331
206 16.373077355311516
207 16.220147530112175
208 13.691041171572627
209 19.808184605938262
210 19.285626508877005
211 21.424844781014702
212 17.49381733029555
213 16.54666303125305
214 16.964546902744274
215 20.783826187435725
216 16.843652550817875
217 16.31301957192439
218 16.910775658431728
219 18.585754830573336
220 19.118690888772957
221 15.819117042292108
222 19.637803909654362
223 16.460290920807683
224 17.90147958863621
225 17.155846315907443
226 19.282845317041723
227 16.408200241484735
228 15.783357944405976
229 15.462070473953041
230 15.922541133515095
231 14.603921281405613
232 18.66785620575335
233 19.00724778658856
234 21.27115556552265
235 17.91749901673504
236 21.255298181213398
237 20.521005053084508
238 18.87190841484747
239 20.555162942745035
240 20.86380575857265
241 19.594677193436766
242 17.381026259194442
243 19.682963803751672
244 20.446677278656914
245 19.773911171315362
246 18.6497053402803
247 19.234325329769543
248 17.983326782996905
249 16.49579777754466
250 18.818793454787063
251 20.514222992126324
252 19.658653184000258
253 20.69397392875897
254 20.97337054341596
255 20.27746986754419
256 19.913815936849176
257 20.312415200195467
258 20.347371124803026
259 21.793411526754454
260 16.536597997600715
261 21.11412526083086
262 20.382503435422745
263 21.521610586992256
264 21.332907614514472
265 18.99637357223933
266 19.201110016200403
267 23.227287329222317
268 18.632031600309887
269 21.758761986767485
270 18.911852714175744
271 19.200295168542006
272 21.634660389389218
273 21.299450814892904
274 19.572136498930618
275 17.28656607477805
276 17.95406747404051
277 16.229997890081073
278 17.199264767379205
279 15.147949591612972
280 18.555657665698153
281 15.650610496876553
282 17.165597081674292
283 15.225836561767233
284 18.04125701141423
285 17.165675313327807
286 16.248022414442474
287 17.642791199636687
288 16.900956924149398
289 18.386238380680894
290 14.093238771966332
291 15.87361597095318
292 15.060476852700505
293 17.503570252064033
294 12.447386459353702
295 17.942768573190833
296 15.355246431071164
297 15.699987725503187
298 16.318123513687155
299 15.919291837842504
300 14.842011632999455
301 11.711430816997872
302 17.350308146856776
303 19.36301342054918
304 11.066618505038905
305 13.307785976860579
306 16.699321012303244
307 16.922747076729006
308 16.049912163928123
309 15.671281045109284
310 17.742252092285735
311 15.758438208762438
312 15.511309386935475
313 14.992235639956625
314 15.513221784891615
315 15.245331324658151
316 16.72253240669995
317 17.578700124718154
318 12.823248017600724
319 13.49926403245369
320 15.937422825599343
321 13.307579214280532
322 15.400040389996546
323 13.51005800207565
324 12.736315579624291
325 11.541005808542716
326 10.980264332689275
327 14.1580959889733
328 14.944521986574482
329 17.014758307275535
330 16.91857124260849
331 15.294876754291206
332 19.985969610889185
333 21.476108016555134
334 24.408382262855135
335 18.59646890953975
336 21.868080621631098
337 17.277147336242653
338 16.630988208077806
339 19.814128296208857
340 18.29977224479476
341 19.07457814435754
342 14.704186221646024
343 10.783770212365303
344 15.673874213496394
345 15.06001349976957
346 15.562660859650794
347 14.083771232154795
348 11.380732172704155
349 16.190744454822937
350 17.946388650787114
351 17.329215402049545
352 15.082779972571084
353 15.207104170267966
354 18.22515874876048
355 10.220186516725052
356 12.242585722491324
357 10.361853650770897
358 10.428139331319384
359 15.487643655156383
360 13.792519741604414
361 11.987148031552035
362 12.486744921434294
363 16.436282897155333
364 11.616402341897997
365 14.235213548569918
366 15.62253397200942
367 16.659928607752068
368 12.425277111919268
369 13.456175739084715
370 11.31427949614752
371 13.73915252687247
372 13.214380349696457
373 13.891850886718078
374 12.677844800393236
375 12.771601204233564
376 10.854291236430948
377 14.158953929403145
378 14.898100638852021
379 15.753120276739269
380 13.203459682123619
381 12.230942601602344
382 14.906502410393523
383 13.979950548423199
384 12.53219149643593
385 13.710851110442299
386 14.507066994438432
387 12.33010258864175
388 13.762237471993638
389 14.82787228108061
390 17.61512410187751
391 18.30159996625471
392 12.104688090030237
393 16.267552359683084
394 15.734384908339168
395 14.534596367104733
396 11.68336481326855
397 14.47274978047838
398 10.863087326667838
399 14.697485877380092
400 10.320566211074551
401 13.140027123338019
402 12.061745528038239
403 14.824741928733744
404 13.642673892752878
405 12.21281852374251
406 12.11644272701236
407 15.104500226349293
408 13.134446556548916
409 16.279742137093677
410 13.58854291111041
411 14.207561792919169
412 14.600736574035166
413 18.18100332627927
414 17.608427796809327
415 21.164713082769822
416 24.410569839841333
417 17.27979884492615
418 16.46398928820041
419 15.601933777840534
420 15.661858591137749
421 18.41147734471795
422 16.37532244439529
423 14.527360147515108
424 14.438073161102459
425 19.170757902485015
426 16.29353324149886
427 17.378838849823996
428 20.08066608155662
429 15.215911871033034
430 13.99369015964574
431 13.543991977958713
432 15.996203083474713
433 18.434019130149164
434 13.562547797913485
435 14.746494290111887
436 11.461178126202496
437 12.073761748569051
438 15.946126345012583
439 19.408717003570917
440 19.210435747519952
441 16.119770054177298
442 17.236628939413514
443 19.94383150913989
444 14.763344637992336
445 13.329643683092609
446 13.826037651906994
447 12.636398289537148
448 15.495265180905234
449 15.729603463630474
450 15.891933511674369
451 12.846485146064843
452 16.430864953930502
453 15.661794469844962
454 13.333523125548897
455 12.740576961451117
456 16.551200783230588
457 18.23243954319104
458 21.459655312340143
459 20.503391473545385
460 23.262026402154923
461 18.7400129128057
462 20.90388074981409
463 24.065581380809153
464 23.728700422595562
465 20.11919161977472
466 23.01152698911267
467 17.500837270949976
468 15.710740362857328
469 16.984553060862545
470 13.199129179526873
471 14.339988918329148
472 15.730768100018826
473 22.1298146949231
474 27.30580119762246
475 22.784586613364848
476 17.9813597960633
477 22.157142737243195
478 16.940828835031475
479 21.40825597797161
480 22.734845054809504
481 23.280912712867618
482 21.84932583015239
483 25.908367417333494
484 24.565627855373066
485 24.251835764923406
486 25.363874294075437
487 20.705233178012115
488 18.741512105878964
489 17.22140426115058
490 24.17629038114823
491 27.027908435812765
492 26.781912223459415
493 26.572381745781822
494 25.63762824299263
495 24.441841677720365
496 25.30800940267082
497 27.792225671240693
498 18.284499542921793
499 12.853708074237755
500 14.64062689479308
501 17.15931922905349
502 26.45927318969438
503 24.528443590791053
504 20.091352295785068
505 26.629137180134467
506 20.597322087626328
507 21.07873766070129
508 26.11585725948723
509 25.349112980129863
510 24.72417823078504
511 26.13901857675756
512 21.92187805793158
513 23.54729072934138
514 22.56150634720966
515 23.88147327168823
516 23.456375253307357
517 23.382801986628817
518 23.2903250021679
519 22.201889243646797
520 19.795822169873784
521 20.03940425235204
522 11.572712096732198
523 10.242948639288887
524 10.59275972744613
525 10.378216376333002
526 17.14928151820671
527 13.695842686436704
528 14.736262165505336
529 14.524668943852996
530 14.718279811261622
531 14.990573016183996
532 17.54070159525159
533 17.940382755793124
534 14.141595049038589
535 20.12306152760093
536 15.13965005607499
537 13.48382768070821
538 17.412490930517748
539 23.788484708621752
540 21.854439788092876
541 11.583966288344756
542 19.254236396686622
543 15.197339030046018
544 15.96157234123971
545 14.466376992252696
546 13.838679524344373
547 14.842968386417628
548 14.703168324724476
549 16.907155733243123
550 19.995263374852275
551 16.08868928456812
552 7.822247274147538
553 10.013924524472154
554 9.361877010290442
555 14.61410795189935
556 11.133863492509207
557 10.582903922895001
558 12.488047208272084
559 11.069292782117753
560 10.067074246331341
561 10.93145053066689
562 13.700193856990348
563 14.725202439229678
564 15.516669100669926
565 16.813343463372604
566 16.914312903979003
567 17.578208687781963
568 16.761876370041385
569 14.845167382655266
570 12.567020167255905
571 17.128405944014116
572 10.316213276806792
573 11.689357680308259
574 11.745535370957981
575 13.721926978168241
576 12.926206071474956
577 12.378334653435871
578 12.337477781142564
579 11.768867102454028
580 11.768071891969072
581 12.292779362970133
582 11.000137207944158
583 16.22380947083854
584 12.495537017832419
585 10.491626888057056
586 11.281491424950685
587 10.070971087455323
588 11.659559412841203
589 11.743687555554981
