0 2.569055102800175
1 2.5770138968476664
2 2.6063304311779323
3 2.5470667264045446
4 2.634113927984774
5 2.586633837756859
6 2.5149312676617526
7 2.636617936441822
8 2.581007180532237
9 2.642639403633304
10 2.650791875378505
11 2.6692179989863356
12 2.674417446464018
13 2.7967045726632054
14 2.6227808867966504
15 2.5341932054528455
16 2.479086435534252
17 2.669193983718153
18 2.670191727592453
19 2.601158561201167
20 2.659259626442448
21 2.626447428745484
22 2.558088830216873
23 2.635791331872694
24 2.535916003961339
25 2.5350051941291767
26 2.568610296066459
27 2.6102857089615323
28 2.6899098194958073
29 2.670697815447516
30 2.84947877270059
31 2.5917295877289543
32 2.539365499584723
33 2.5016168978789493
34 2.56846232970021
35 2.6936440014394063
36 2.595740273433446
37 2.6074151976311306
38 2.642098707147394
39 2.5094834278696685
40 2.628451782517101
41 2.5831680755831394
42 2.6084972570588447
43 2.5893443143771835
44 2.632512320695555
45 2.565697292635467
46 2.586855385134394
47 2.6777792194089325
48 2.654451621145147
49 2.717484405154349
50 2.585500742866725
51 2.524111660243641
52 2.5618646729869323
53 2.6231786616448898
54 2.5902673319174254
55 2.6943159477206393
56 2.758022141853403
57 2.5383729519344045
58 2.5844555930634567
59 2.705795723391033
60 2.703539387815351
61 2.620130379901331
62 2.605885941240551
63 2.5795724390680213
64 2.5904700668200573
65 2.518582686127189
66 2.6159100692039075
67 2.5040949306055915
68 2.6683994563157136
69 2.6143816777530087
70 2.577610220860312
71 2.6481577497316295
72 2.624373635067409
73 2.5761577804067985
74 2.689799332345515
75 2.6541695437287416
76 2.6336989331967597
77 2.775495490056311
78 2.6435643134729703
79 2.841760499273765
80 2.564014435286224
81 2.5499815716915877
82 2.668679494958309
83 2.5415721404858735
84 2.6568007140025958
85 2.7193530558981722
86 2.6373005423637443
87 2.8928246200559276
88 2.656636522265472
89 2.614855061113981
90 2.601272366024618
91 2.5462535111885405
92 2.690414023889901
93 2.4885977774514054
94 2.4998776032960937
95 2.6086867690340587
96 2.5567855328811544
97 2.657062488177437
98 2.4891999164173626
99 2.6970297623781923
100 2.781702491909515
101 2.6010612357004765
102 2.61997611820075
103 2.5747243435533176
104 2.5196224304644903
105 2.5720292300677254
106 2.6340697791380188
107 2.554923479100028
108 2.5832417397447487
109 2.5796787040026232
110 2.6801777465061893
111 2.691385968443276
112 2.7203766193762617
113 2.613599611959381
114 2.523696314903732
115 2.619120079625515
116 2.720921738814868
117 2.775627123371481
118 2.622277795687613
119 2.6828155653757455
120 2.5898472242052284
121 2.618587761805867
122 2.6274643020114925
123 2.5585753186674265
124 2.6942566749702705
125 2.616193821204902
126 2.6445225974860054
127 2.6839055617450835
128 2.5787322680078217
129 2.5059242401143256
130 2.457533663655092
131 2.7019668122851144
132 2.780219250691916
133 2.5587757647545595
134 2.6038839328180554
135 2.52508385724361
136 2.4884825122103074
137 2.8945762040618326
138 2.6112221680517345
139 2.6937607162037773
140 2.755302017454237
141 2.652169703630311
142 2.650120853477514
143 2.7257837086215133
144 2.659843865454682
145 2.6064524919473193
146 2.562903727689414
147 2.7235364869765326
148 2.5902076987325158
149 2.624419641466697
150 2.590415238688686
151 2.5714252345006385
152 2.5922700299526564
153 2.653908127651719
154 2.6345669942741066
155 2.5945367537666537
156 2.696712238002064
157 2.7186845444437906
158 2.5481466340375474
159 2.5678666797170973
160 2.686592422236764
161 2.748288953641464
162 2.6059458490520644
163 2.655090846965812
164 2.6225595242775515
165 2.628522604592107
166 2.772095309829807
167 2.7536771339169563
168 2.602475752248324
169 2.5735004381486672
170 2.502759570616414
171 2.6308706286852046
172 2.6658274079255206
173 2.5212023083618904
174 2.5795438792047087
175 2.543127303727565
176 2.6275671847579787
177 2.5543943596971075
178 2.6668450737126945
179 2.495774451442656
180 2.8432946024701296
181 2.5923852729094854
182 2.544538031081707
183 2.727229704952085
184 2.5276958926852258
185 2.5992797681758697
186 2.78897511001976
187 2.659426690499319
188 2.634854320759505
189 2.688802553851363
190 2.618422101204563
191 6.658907942472671
192 5.998564166060367
193 5.552644970358965
194 4.349768570544713
195 3.5256227905672914
196 2.604826584070638
197 2.654032106495814
198 2.548965540144708
199 2.6663289018192518
200 2.612816988125835
201 2.6470686780810553
202 2.721353661753131
203 2.671843398308948
204 2.822884781986757
205 2.623429743989852
206 2.7903366223945083
207 2.6417843550192144
208 2.720429166864347
209 2.76890789257059
210 2.767391152283335
211 2.543238130999074
212 2.5559489871966647
213 2.7264842239879568
214 2.844859491807269
215 2.7211305322006227
216 2.701738606024983
217 2.7848661180608665
218 2.6824660881010227
219 2.6348337962291137
220 2.720323542958593
221 2.7123650011373917
222 2.7379661298947076
223 2.666997183449948
224 2.7778730695783778
225 2.5005431283783373
226 2.838999780023374
227 6.998412032297368
228 6.029717916212706
229 5.964421051984233
230 5.300175187129224
231 3.365767578781671
232 3.3506197144234218
233 3.5612053982649887
234 3.9375469110618275
235 4.085846003995659
236 3.6460297502793972
237 3.616639414649496
238 3.3498909933860355
239 3.7093456122308885
240 3.1708076913812784
241 3.5233298243052626
242 3.8144697697862964
243 4.30765739878368
244 4.141842024637558
245 3.5094851788866452
246 3.8818885605772016
247 4.068455555924771
248 3.7823535243689412
249 2.965402562866569
250 3.177690217122625
251 3.2906497554851932
252 3.2824169541516297
253 3.1192390525132665
254 4.3122904922936565
255 3.7881536368832758
256 3.9175984609004786
257 3.188969336107119
258 3.3917280417513718
259 4.276530316013282
260 4.055621798466662
261 4.620656634160948
262 3.893381570089203
263 3.6412044269173243
264 3.4146531839142353
265 3.3953344088372073
266 3.979704373569024
267 4.0424098827987205
268 3.66157506282441
269 4.5260454824239496
270 4.0624949681335485
271 3.2610072226878453
272 3.50720001573532
273 3.8819629715997435
274 3.770647479799638
275 3.3160393878792234
276 3.3952155692406665
277 3.7197187375199867
278 4.066557326096961
279 3.3894222507828706
280 3.3344590682507715
281 3.8817832366309446
282 3.388599436100823
283 4.090837407321229
284 4.612898670551306
285 3.878626238330456
286 3.757835459394
287 3.610079233226628
288 4.450028489396003
289 4.559299256550607
290 3.3417497678436265
291 4.128879808167807
292 2.676999473043346
293 2.6536813817806455
294 2.719745874700176
295 2.5919168161207535
296 2.753604634042589
297 2.595640352552851
298 2.693099177381199
299 2.7538394598949463
300 2.711557237137859
301 2.6609254315335633
302 2.6497510050339934
303 2.804406884714607
304 2.6012816993680152
305 2.608422878648329
306 2.695518835918929
307 2.6053190886852473
308 2.5636855281797204
309 2.705358765370368
310 2.7048472631521157
311 2.674807538158894
312 2.5624261272294526
313 2.825038310960406
314 2.6001508569719216
315 2.58983102322872
316 2.5623945324370934
317 2.659096270550333
318 2.6629824742991297
319 3.6944523357778856
320 2.697337407649697
321 2.609527954323866
322 2.6936536696425497
323 2.686508231968435
324 2.6267721542000606
325 2.629284718980198
326 2.5334724705964073
327 2.711440362546456
328 2.6169428998098865
329 2.790680649267061
330 2.686200482974999
331 2.7599409625486255
332 2.6013791357563734
333 2.6470409227492744
334 2.6669020451518293
335 2.584710884061577
336 2.755907292457396
337 2.824540845833116
338 2.5884694467361173
339 2.7017723432982623
340 2.613580875086721
341 2.6777627521331744
342 2.562470467529223
343 2.525422845181928
344 2.661383555401715
345 2.6776527464122672
346 2.552318390688494
347 2.4830622188175435
348 2.596270391785946
349 2.6564630525961537
350 2.73771600249621
351 2.6188212819348506
352 2.6807687640128557
353 2.7413443869313707
354 2.6686731778602484
355 2.634016284145462
356 2.6666932580385456
357 2.645866154541764
358 2.5829807999705308
359 2.607717912066006
360 2.624678306474058
361 2.5924022788425085
362 2.727758570344889
363 2.5368320980093437
364 2.554663491000875
365 2.5671698213952427
366 2.779677142962855
367 2.6658904112101602
368 2.5776649396757754
369 2.5468858677086716
370 2.5014930041217984
371 2.661265599859875
372 2.519173991417763
373 2.561423525546751
374 2.6864892211043165
375 2.597406954350356
376 2.5342979302820647
377 2.5286943314476016
378 2.565317499740706
379 2.6482754398980743
380 2.6710140383418617
381 2.545487398207188
382 2.5817427538187023
383 2.6323351912501085
384 2.658329892229525
385 2.7520420415790774
386 2.7655635087170998
387 2.6147923451769075
388 2.832696214877684
389 2.5850421103320724
390 2.576760774631945
391 2.7094536466574817
392 2.519674915574589
393 2.6454043486267262
394 2.661670433883808
395 2.544841117172906
396 2.577721447607592
397 2.603875700114662
398 2.947868703864375
399 2.560366459305945
400 2.7067573760413723
401 2.5257667623469406
402 2.5909212870079164
403 2.5580006423721735
404 2.741730410117912
405 2.48593419223417
406 2.6102686524103493
407 2.561105231075809
408 2.6251628666253555
409 2.6477124034054835
410 2.6461302833396636
411 2.6509888356887368
412 2.5740075226977948
413 2.671773591365761
414 2.6922700012153378
415 3.2651988015037845
416 2.5553498852008496
417 4.165723262064162
418 5.164907764734151
419 3.839830429705455
420 2.7829303129408323
421 2.8468850224740367
422 3.494132499349975
423 2.632333845966737
424 2.783428809315869
425 2.7845237376449723
426 2.5012334800773957
427 2.610558261056593
428 2.5765362318319474
429 2.659340517875967
430 2.783230237949662
431 2.6804715474023926
432 2.7757831880302315
433 2.7358925867501873
434 2.539537778762604
435 2.6367008235139395
436 2.588713965473165
437 2.5435293014164464
438 2.6808931807536056
439 2.931688916121162
440 2.576202255507279
441 2.772704030034205
442 2.6423100594715883
443 2.6445268048501895
444 2.6866082154483992
445 2.648733737687981
446 2.6966834635410994
447 2.707603424152243
448 2.5955234067996806
449 2.6657480054717047
450 2.6069482873352157
451 2.5875211891835153
452 2.5711221970298554
453 2.6244718317373383
454 3.4214056296638233
455 2.641674988269454
456 2.606025763256458
457 2.463561420746962
458 2.696382324085777
459 2.5706182201696093
460 2.608094243145427
461 2.574782970526087
462 2.682066569574343
463 2.7708406164154615
464 2.6506920372233576
465 2.5124513724441004
466 2.5881076850848275
467 2.653871178995312
468 2.5791992595924738
469 2.6383209239801917
470 2.639415563719584
471 2.6410087868680354
472 2.720546578581691
473 2.5928821676555085
474 2.711169724297369
475 2.594783968101262
476 2.6219219981690802
477 2.7460254239776867
478 2.5674310987998434
479 2.638876366381297
480 3.6756010462552884
481 3.155985413832639
482 3.0075723178480547
483 3.1476894452112845
484 2.608130436996012
485 3.3169279940501224
486 3.468292142896824
487 3.452714696862431
488 3.280876590951721
489 4.122758163488188
490 2.665562328701549
491 2.6726863024226772
492 2.597935722662514
493 2.5882116452152846
494 5.70138991984947
495 6.098123055340162
496 4.375385458368753
497 4.363795836242093
498 2.5744901592807334
499 3.722724009859794
500 3.7704752881555703
501 3.905548455786035
502 3.7042648723599796
503 2.73327693927813
504 6.4729086900954815
505 6.652420156885062
506 6.597018648934384
507 7.845430018639698
508 6.826193515366304
509 3.028146309979799
510 3.9882457147263675
511 3.105866729261358
512 3.3246720577333893
513 3.8777558656432736
514 4.615568864394991
515 6.208887911057513
516 5.669513900709023
517 7.4279145372834945
518 6.345934614752121
519 7.662020424012058
520 5.083916959492318
521 7.949937186362369
522 6.847312138615958
523 6.956107691811349
524 5.441954120596831
525 7.4326282379960285
526 6.9159148934498615
527 6.135451250196304
528 5.563510966982278
529 7.710286255292008
530 7.365889765797068
531 6.476914610606537
532 6.6506658414974655
533 6.479563708662876
534 3.1399137980188154
535 3.1738743386583503
536 3.7793657936779756
537 6.362230891138627
538 6.3769739962401895
539 6.998403575567966
540 6.788835121017675
541 8.279828765773589
542 7.4455696040047
543 5.647419738348441
544 5.53129995447167
545 5.141268551731135
546 5.384103292681215
547 5.938378509125231
548 4.698018130684575
549 7.964085595306944
550 5.171957413674752
551 7.771238725208739
552 6.883809508996617
553 6.86351925309836
554 7.560054255967606
555 6.255380507672251
556 6.555137852334835
557 7.1735233643522
558 7.628565011946711
559 6.625351805455219
560 7.539215892033771
561 7.974089681872672
562 5.987931886823314
563 6.05946039141191
564 6.15081857635018
565 5.856353307974383
566 6.488505106333163
567 6.252787024864452
568 6.553956953244504
569 6.118542215203658
570 5.880846011183948
571 6.746300335840056
572 6.228340226408292
573 5.505455303384687
574 5.949121609513071
575 6.3634958198087554
576 6.296288268042189
577 6.775155308470867
578 6.644025549415653
579 7.5191628922133855
580 6.422817067040784
581 6.609526531678434
582 7.474648787732514
583 5.406874719617606
584 7.6439089462248235
585 8.000801447943275
586 7.6089715411124565
587 6.333507948781545
588 7.64056755166167
589 6.025767138835995
