1 0.21595682203769684 0.06139317527413368 0.06139317527413368
2 0.6015409827232361 0.12273384630680084 0.12273384630680084
3 0.6353984475135803 0.1587381511926651 0.1587381213903427
4 0.689842700958252 0.1988159418106079 0.1988159418106079
5 0.7720181345939636 0.2661152184009552 0.2661151885986328
6 0.7751469612121582 0.2687126398086548 0.26871269941329956
7 0.780464768409729 0.25983309745788574 0.25983309745788574
8 0.8412083983421326 0.3210579454898834 0.32105791568756104
9 0.8905481696128845 0.3281194865703583 0.3281193673610687
10 0.8751979470252991 0.3338596522808075 0.3338596820831299
11 1.093849539756775 0.507428765296936 0.507428765296936
12 1.113510251045227 0.5197623372077942 0.5197622179985046
13 1.1419557332992554 0.5145915150642395 0.5145915150642395
14 1.4184423685073853 0.8281514644622803 0.8281514644622803
15 1.590620994567871 0.9931180477142334 0.9931180477142334
16 1.6341520547866821 1.05403733253479 1.0540374517440796
17 1.7754384279251099 1.1218124628067017 1.1218124628067017
18 1.841370940208435 1.1956514120101929 1.1956514120101929
19 1.9171669483184814 1.300787329673767 1.3007872104644775
20 1.9331873655319214 1.3168036937713623 1.3168036937713623
21 2.032123327255249 1.3535526990890503 1.3535525798797607
22 2.2567267417907715 1.5411494970321655 1.5411494970321655
23 2.1246962547302246 1.3625342845916748 1.3625341653823853
24 2.2615857124328613 1.5002094507217407 1.5002094507217407
25 2.3145389556884766 1.5549465417861938 1.5549465417861938
26 2.3389620780944824 1.5691556930541992 1.5691556930541992
27 2.288820266723633 1.5039914846420288 1.5039914846420288
28 2.2546658515930176 1.434846043586731 1.434846043586731
29 2.2707438468933105 1.4581663608551025 1.458166480064392
30 2.3794755935668945 1.5990564823150635 1.5990564823150635
31 2.3742828369140625 1.5961225032806396 1.5961227416992188
32 2.287842273712158 1.501008152961731 1.501008152961731
33 2.455054998397827 1.6928290128707886 1.6928287744522095
34 2.553091287612915 1.7040090560913086 1.7040091753005981
35 2.55387806892395 1.801955223083496 1.801955223083496
36 2.4855644702911377 1.707527995109558 1.7075282335281372
37 2.5307066440582275 1.760420560836792 1.7604210376739502
38 2.5881636142730713 1.8212953805923462 1.8212953805923462
39 2.4130256175994873 1.6293641328811646 1.6293641328811646
40 2.5261361598968506 1.7170442342758179 1.7170443534851074
41 2.870166778564453 2.039768934249878 2.039768695831299
42 2.6690378189086914 1.8374981880187988 1.8374981880187988
43 2.622495174407959 1.8405922651290894 1.8405922651290894
44 2.725816011428833 1.9854578971862793 1.9854577779769897
45 2.6362054347991943 1.8573862314224243 1.8573861122131348
46 2.8226776123046875 1.9914398193359375 1.9914400577545166
47 2.622887372970581 1.7855868339538574 1.7855867147445679
48 2.8381030559539795 2.092663049697876 2.092663049697876
49 2.6724283695220947 1.8996785879135132 1.8996785879135132
50 2.8800535202026367 2.137223482131958 2.137223243713379
51 2.7704579830169678 2.046875238418579 2.046875238418579
52 2.7459709644317627 2.025827646255493 2.025827646255493
53 2.9037270545959473 2.1293580532073975 2.1293580532073975
54 2.6721789836883545 1.8854403495788574 1.8854402303695679
55 3.087369441986084 2.3182406425476074 2.3182406425476074
56 3.101637363433838 2.320843458175659 2.320843458175659
57 3.0556633472442627 2.2351925373077393 2.2351925373077393
58 3.239541530609131 2.470539093017578 2.470539093017578
59 2.980271577835083 2.1026077270507813 2.1026079654693604
60 2.939976692199707 2.092088460922241 2.092088460922241
61 3.057569742202759 2.195934295654297 2.195934295654297
62 3.1069912910461426 2.3445422649383545 2.3445422649383545
63 3.170926094055176 2.344370126724243 2.3443703651428223
64 3.14021372795105 2.3373806476593018 2.3373806476593018
65 2.9684360027313232 2.1177122592926025 2.1177122592926025
66 2.9584550857543945 2.0893466472625732 2.0893468856811523
67 3.0494439601898193 2.2254843711853027 2.2254843711853027
68 3.0262136459350586 2.197740077972412 2.197740316390991
69 3.1368911266326904 2.332723379135132 2.332723379135132
70 3.1747212409973145 2.3913023471832275 2.3913025856018066
71 3.119311571121216 2.2965803146362305 2.2965803146362305
72 3.234992265701294 2.452585458755493 2.452585220336914
73 3.201901435852051 2.4810895919799805 2.4810895919799805
74 3.229304313659668 2.46820068359375 2.468200922012329
75 3.099229574203491 2.2939159870147705 2.2939159870147705
76 3.0588150024414063 2.283726453781128 2.283726453781128
77 3.007319211959839 2.1754913330078125 2.1754910945892334
78 3.049626350402832 2.2240939140319824 2.2240936756134033
79 3.051715135574341 2.2232437133789063 2.223243474960327
80 3.0770158767700195 2.214168071746826 2.214168071746826
81 3.011012315750122 2.156930685043335 2.156930685043335
82 2.9452767372131348 2.091216564178467 2.0912160873413086
83 3.006305456161499 2.10646653175354 2.10646653175354
84 2.903444290161133 1.9637185335159302 1.963718295097351
85 3.062309980392456 2.100193738937378 2.100193738937378
86 2.981114625930786 2.0877792835235596 2.0877792835235596
87 2.959179639816284 2.1091203689575195 2.1091203689575195
88 3.142786979675293 2.342736005783081 2.342735767364502
89 3.0526316165924072 2.2014973163604736 2.2014973163604736
90 2.9259839057922363 2.107783555984497 2.107783555984497
91 2.87904691696167 1.9421263933181763 1.9421263933181763
92 3.100682258605957 2.2034404277801514 2.2034404277801514
93 2.969008684158325 2.070262908935547 2.070262908935547
94 3.068366765975952 2.1166939735412598 2.116694211959839
95 2.998535633087158 2.0846030712127686 2.0846030712127686
96 3.083500385284424 2.2542471885681152 2.2542471885681152
97 3.000887632369995 2.193239688873291 2.193239688873291
98 2.9489941596984863 2.130180835723877 2.130180835723877
99 2.8815906047821045 2.0682320594787598 2.0682320594787598
100 2.9724764823913574 2.1284239292144775 2.1284239292144775
101 2.9000604152679443 1.974806785583496 1.974806547164917
102 2.93845796585083 2.0566654205322266 2.0566654205322266
103 2.8444504737854004 1.9605268239974976 1.9605265855789185
104 3.1102170944213867 2.2541141510009766 2.2541141510009766
105 2.9966866970062256 2.107154607772827 2.107154607772827
106 2.8283462524414063 1.9209744930267334 1.9209744930267334
107 2.851844072341919 2.006962537765503 2.006962537765503
108 2.8958184719085693 2.042243719100952 2.042243719100952
109 2.841823101043701 1.952467679977417 1.952467679977417
110 2.8569319248199463 1.9941712617874146 1.994171380996704
111 2.893336534500122 1.995846152305603 1.995846152305603
112 2.9629859924316406 2.07126784324646 2.071268081665039
113 2.9724292755126953 2.072152853012085 2.072152853012085
114 3.078509569168091 2.182246208190918 2.182245969772339
115 2.987560272216797 2.1236815452575684 2.1236815452575684
116 2.966578960418701 2.199500799179077 2.199500799179077
117 2.9152486324310303 2.0133557319641113 2.0133557319641113
118 2.8852109909057617 2.0367705821990967 2.0367705821990967
119 2.8949084281921387 2.013702392578125 2.013702154159546
120 2.919978141784668 2.043811321258545 2.043811321258545
121 2.877633810043335 1.9626147747039795 1.9626144170761108
122 2.900815486907959 2.0718727111816406 2.0718724727630615
123 2.7875256538391113 1.874045729637146 1.874045729637146
124 2.6774513721466064 1.799619197845459 1.7996193170547485
125 2.611661195755005 1.6636602878570557 1.6636601686477661
126 2.7573211193084717 1.9122086763381958 1.9122086763381958
127 2.677243709564209 1.690575122833252 1.690575122833252
128 2.7010657787323 1.8025456666946411 1.8025456666946411
129 2.9087016582489014 2.0442733764648438 2.0442733764648438
130 2.631664276123047 1.7902711629867554 1.7902711629867554
131 2.6770336627960205 1.813144326210022 1.813144326210022
132 2.7169137001037598 1.8612157106399536 1.8612154722213745
133 2.816375255584717 1.970585823059082 1.970585823059082
134 2.8774173259735107 1.9977647066116333 1.9977648258209229
135 3.1102426052093506 2.158291816711426 2.1582915782928467
136 3.2894935607910156 2.4712562561035156 2.4712562561035156
137 3.075403928756714 2.139660596847534 2.139660596847534
138 3.1414802074432373 2.2950761318206787 2.2950758934020996
139 3.186436176300049 2.320937395095825 2.320937395095825
140 3.0889041423797607 2.212549924850464 2.212549924850464
141 3.2754528522491455 2.3909363746643066 2.3909361362457275
142 3.4405767917633057 2.7636258602142334 2.7636256217956543
143 3.3107337951660156 2.4610207080841064 2.4610207080841064
144 3.226043462753296 2.38950777053833 2.38950777053833
145 3.1636803150177 2.3715720176696777 2.3715720176696777
146 3.0553958415985107 2.183305263519287 2.183305263519287
147 3.356137752532959 2.53637433052063 2.53637433052063
148 3.146451234817505 2.3576173782348633 2.3576173782348633
149 3.3900322914123535 2.5741984844207764 2.5741984844207764
150 3.398482322692871 2.6609179973602295 2.6609179973602295
151 3.3539350032806396 2.661130428314209 2.66113018989563
152 3.3023648262023926 2.60724139213562 2.60724139213562
153 3.284569025039673 2.5479719638824463 2.5479719638824463
154 3.17887544631958 2.407925844192505 2.407925844192505
155 3.2659027576446533 2.5402586460113525 2.5402588844299316
156 3.2638845443725586 2.4559102058410645 2.4559102058410645
157 3.307584524154663 2.548020124435425 2.548020124435425
158 3.1019175052642822 2.2841291427612305 2.2841291427612305
159 3.2512552738189697 2.435570001602173 2.4355697631835938
160 3.087824821472168 2.281660318374634 2.281660318374634
161 3.165806531906128 2.407745361328125 2.407745361328125
162 3.1423752307891846 2.377976417541504 2.377976417541504
163 3.444683074951172 2.63751220703125 2.63751220703125
164 3.308396816253662 2.5607786178588867 2.5607786178588867
165 3.2080585956573486 2.3976938724517822 2.3976938724517822
166 3.3821611404418945 2.6384475231170654 2.6384472846984863
167 3.21934175491333 2.416376829147339 2.4163765907287598
168 3.323713541030884 2.5423858165740967 2.5423858165740967
169 3.6582069396972656 2.9211158752441406 2.9211158752441406
170 3.6840109825134277 2.947821855545044 2.947821855545044
171 3.5454142093658447 2.7632594108581543 2.7632594108581543
172 3.2395501136779785 2.469078540802002 2.469078540802002
173 3.415882110595703 2.6479992866516113 2.6479992866516113
174 3.3026397228240967 2.5350751876831055 2.5350751876831055
175 3.4100751876831055 2.6115031242370605 2.6115036010742188
176 3.523993492126465 2.669466495513916 2.669466495513916
177 3.2855305671691895 2.435514211654663 2.435514211654663
178 3.4310033321380615 2.5790092945098877 2.5790092945098877
179 3.30257511138916 2.4901936054229736 2.4901936054229736
180 3.2425529956817627 2.459512948989868 2.45951247215271
181 3.2472798824310303 2.4647417068481445 2.4647417068481445
182 3.2526862621307373 2.4021735191345215 2.4021735191345215
183 3.2567920684814453 2.4742069244384766 2.4742066860198975
184 3.3878533840179443 2.5591211318969727 2.5591211318969727
185 3.436502695083618 2.6205763816833496 2.6205763816833496
186 3.650317907333374 2.8543806076049805 2.8543806076049805
187 3.534362316131592 2.7006561756134033 2.7006561756134033
188 3.676438331604004 2.9742751121520996 2.9742751121520996
189 3.615107774734497 2.819303274154663 2.819303274154663
190 3.5081024169921875 2.746419668197632 2.746419668197632
191 3.4294114112854004 2.578014850616455 2.578014850616455
192 3.4024484157562256 2.605545997619629 2.605545997619629
193 3.317979097366333 2.5881335735321045 2.5881335735321045
194 3.1422579288482666 2.370891571044922 2.370891571044922
195 3.2232179641723633 2.4627418518066406 2.4627418518066406
196 3.277099132537842 2.4773223400115967 2.4773223400115967
197 3.1881134510040283 2.418214797973633 2.4182145595550537
198 3.2171127796173096 2.459620475769043 2.459620475769043
199 3.2603917121887207 2.4824769496917725 2.4824767112731934
200 3.2952797412872314 2.513357639312744 2.513357639312744
201 3.4194564819335938 2.6636500358581543 2.6636500358581543
202 3.1738600730895996 2.348991632461548 2.348991632461548
203 3.280057191848755 2.455960988998413 2.455960988998413
204 3.2104196548461914 2.379985809326172 2.379985809326172
205 3.3580541610717773 2.5492103099823 2.549210548400879
206 3.185250997543335 2.388500213623047 2.388500213623047
207 3.292518377304077 2.5107004642486572 2.5107007026672363
208 3.370105743408203 2.5997202396392822 2.5997202396392822
209 3.4343228340148926 2.637808084487915 2.637808084487915
210 3.2463021278381348 2.387486457824707 2.387486696243286
211 3.4090306758880615 2.6007447242736816 2.6007444858551025
212 3.249425172805786 2.4664769172668457 2.4664769172668457
213 3.196056365966797 2.399111747741699 2.399111747741699
214 3.312528133392334 2.496877908706665 2.496877908706665
215 3.262077808380127 2.430579423904419 2.430579423904419
216 3.2711236476898193 2.480663776397705 2.480663537979126
217 3.226381301879883 2.4300038814544678 2.4300038814544678
218 3.2222890853881836 2.404282808303833 2.404282808303833
219 3.26916241645813 2.437525987625122 2.437525987625122
220 3.1601922512054443 2.3275556564331055 2.3275556564331055
221 3.2083117961883545 2.3853092193603516 2.3853092193603516
222 3.231539249420166 2.380944013595581 2.38094425201416
223 3.2893004417419434 2.5079681873321533 2.507967948913574
224 3.2671027183532715 2.464568853378296 2.464568614959717
225 3.1241843700408936 2.354909896850586 2.354909896850586
226 3.245516300201416 2.4680984020233154 2.4680984020233154
227 3.2862305641174316 2.4375150203704834 2.4375150203704834
228 3.4968366622924805 2.73750638961792 2.73750638961792
229 3.2852115631103516 2.4979238510131836 2.4979238510131836
230 3.4271271228790283 2.648409843444824 2.648409843444824
231 3.3563473224639893 2.517280340194702 2.517280101776123
232 3.276306390762329 2.474543333053589 2.474543333053589
233 3.2729876041412354 2.4291539192199707 2.4291534423828125
234 3.1791956424713135 2.3547563552856445 2.3547565937042236
235 3.2156455516815186 2.432074546813965 2.432074546813965
236 3.166785717010498 2.2745001316070557 2.2745001316070557
237 3.1114866733551025 2.214048147201538 2.214048147201538
238 3.3223376274108887 2.4923672676086426 2.4923672676086426
239 3.2846953868865967 2.4850776195526123 2.4850778579711914
240 3.3376379013061523 2.5650076866149902 2.565007448196411
241 3.217486619949341 2.4132776260375977 2.4132776260375977
242 3.217442750930786 2.400982618331909 2.400982618331909
243 3.188434600830078 2.3061976432800293 2.3061976432800293
244 3.3087942600250244 2.517040252685547 2.5170397758483887
245 3.292100191116333 2.4907772541046143 2.4907772541046143
246 3.1330738067626953 2.3003180027008057 2.3003177642822266
247 3.2326676845550537 2.348456621170044 2.348456621170044
248 3.240126848220825 2.371985673904419 2.371985673904419
249 3.191784381866455 2.3682334423065186 2.3682334423065186
250 3.2441389560699463 2.403517723083496 2.403517723083496
251 3.2079098224639893 2.3691070079803467 2.3691067695617676
252 3.2685368061065674 2.454322099685669 2.454322099685669
253 3.2390010356903076 2.4740138053894043 2.4740138053894043
254 3.1630337238311768 2.385744333267212 2.385744333267212
255 3.010042190551758 2.1459829807281494 2.1459829807281494
256 3.172698736190796 2.2894821166992188 2.2894821166992188
257 3.224919319152832 2.3840959072113037 2.384096145629883
258 3.1538658142089844 2.2790465354919434 2.2790467739105225
259 3.269505262374878 2.4842965602874756 2.4842965602874756
260 3.340405225753784 2.510632276535034 2.510632276535034
261 3.175121784210205 2.303262233734131 2.303262233734131
262 3.09633731842041 2.2711546421051025 2.2711546421051025
263 3.0680525302886963 2.220719814300537 2.220719575881958
264 3.0724751949310303 2.190437078475952 2.190437078475952
265 3.0266013145446777 2.2114500999450684 2.2114500999450684
266 2.9791419506073 2.0939857959747314 2.0939857959747314
267 3.03725004196167 2.1575937271118164 2.1575937271118164
268 3.0421133041381836 2.175341844558716 2.175341844558716
269 3.044332265853882 2.1797327995300293 2.1797327995300293
270 3.0797979831695557 2.256179094314575 2.256179094314575
271 3.1161203384399414 2.188483476638794 2.188483476638794
272 2.991198778152466 2.039475917816162 2.039475917816162
273 3.0183777809143066 2.0919153690338135 2.0919153690338135
274 3.143537759780884 2.2808187007904053 2.280818462371826
275 3.120741367340088 2.2225375175476074 2.2225375175476074
276 3.0210797786712646 2.16930890083313 2.16930890083313
277 3.093249797821045 2.2028520107269287 2.2028520107269287
278 2.975325107574463 2.0434768199920654 2.0434770584106445
279 2.946422815322876 2.024570941925049 2.024570941925049
280 3.0727131366729736 2.1565914154052734 2.1565914154052734
281 2.924917459487915 1.9895405769348145 1.9895405769348145
282 3.0593013763427734 2.13034987449646 2.13034987449646
283 3.1286227703094482 2.2328622341156006 2.2328617572784424
284 3.04868745803833 2.1175742149353027 2.1175742149353027
285 2.999561071395874 2.0066983699798584 2.0066986083984375
286 3.0940334796905518 2.0722649097442627 2.0722649097442627
287 3.115997552871704 2.133958339691162 2.133958339691162
288 3.1516027450561523 2.1983108520507813 2.1983110904693604
289 3.0375778675079346 2.1127798557281494 2.1127798557281494
290 3.0065805912017822 2.0962820053100586 2.0962822437286377
291 2.9868667125701904 2.053615093231201 2.053615093231201
292 2.9202945232391357 2.004894733428955 2.004894733428955
293 3.1190483570098877 2.2891597747802734 2.2891597747802734
294 3.272383451461792 2.4219794273376465 2.4219789505004883
295 3.0776474475860596 2.2606022357940674 2.2606022357940674
296 3.0952515602111816 2.2591328620910645 2.2591328620910645
297 3.0824191570281982 2.22001576423645 2.22001576423645
298 3.1090574264526367 2.2842702865600586 2.2842702865600586
299 3.159773349761963 2.363210439682007 2.363210439682007
300 3.1207141876220703 2.319880247116089 2.319880247116089
301 3.132819414138794 2.376246690750122 2.376246452331543
302 3.0747342109680176 2.2701780796051025 2.2701778411865234
303 3.1993775367736816 2.4362478256225586 2.4362478256225586
304 3.172550916671753 2.4387457370758057 2.4387457370758057
305 3.025822877883911 2.179241180419922 2.179241418838501
306 3.0638372898101807 2.1411631107330322 2.1411631107330322
307 3.1250109672546387 2.2791974544525146 2.2791974544525146
308 3.0734028816223145 2.2308390140533447 2.2308390140533447
309 3.057751178741455 2.230391025543213 2.230391025543213
310 2.9996936321258545 2.1442246437072754 2.1442246437072754
311 3.0282323360443115 2.173192024230957 2.173192024230957
312 3.1272830963134766 2.3094892501831055 2.3094892501831055
313 3.1126110553741455 2.2603816986083984 2.2603816986083984
314 3.0058860778808594 2.093902111053467 2.093902111053467
315 3.0641820430755615 2.230175733566284 2.230175733566284
316 3.0454657077789307 2.1943295001983643 2.1943295001983643
317 3.077894449234009 2.231257677078247 2.231257438659668
318 3.1557164192199707 2.344897508621216 2.344897508621216
319 3.1660003662109375 2.3558361530303955 2.3558361530303955
320 3.3293182849884033 2.559896230697632 2.559896230697632
321 3.205233573913574 2.3765928745269775 2.3765926361083984
322 3.1105570793151855 2.2986254692077637 2.2986252307891846
323 3.1663713455200195 2.336397886276245 2.336397171020508
324 3.1041576862335205 2.3211939334869385 2.3211939334869385
325 3.050140142440796 2.2700934410095215 2.2700939178466797
326 3.106311559677124 2.3293771743774414 2.3293774127960205
327 3.1039719581604004 2.294914960861206 2.294914960861206
328 3.0546131134033203 2.2700107097625732 2.2700107097625732
329 3.0146565437316895 2.1368188858032227 2.1368188858032227
330 3.0996251106262207 2.3419418334960938 2.3419418334960938
331 3.0346522331237793 2.251803398132324 2.2518036365509033
332 2.978579044342041 2.172278642654419 2.172278642654419
333 2.9835638999938965 2.1556975841522217 2.155697822570801
334 2.9834017753601074 2.208019971847534 2.208019971847534
335 3.0160882472991943 2.2317981719970703 2.2317981719970703
336 2.9926493167877197 2.189304828643799 2.189304828643799
337 3.2428929805755615 2.4845492839813232 2.4845492839813232
338 3.0863864421844482 2.2660305500030518 2.2660305500030518
339 3.0434134006500244 2.259676694869995 2.259676694869995
340 3.0031373500823975 2.2024412155151367 2.2024412155151367
341 2.9750616550445557 2.1464779376983643 2.1464779376983643
342 2.957007646560669 2.1546573638916016 2.1546571254730225
343 2.970211982727051 2.089688539505005 2.089688539505005
344 3.0891809463500977 2.22699236869812 2.226992130279541
345 3.0495986938476563 2.204665422439575 2.204664945602417
346 3.0627996921539307 2.214484453201294 2.214484453201294
347 3.081806182861328 2.269178628921509 2.269178628921509
348 2.972292184829712 2.114637613296509 2.114637613296509
349 3.031141757965088 2.1309452056884766 2.1309452056884766
350 3.0650241374969482 2.2116897106170654 2.2116897106170654
351 3.080350637435913 2.1555280685424805 2.1555280685424805
352 2.980314254760742 2.114434003829956 2.114434003829956
353 2.93454647064209 2.12666916847229 2.12666916847229
354 2.9976236820220947 2.1651570796966553 2.1651570796966553
355 2.946636915206909 2.1458723545074463 2.1458723545074463
356 2.9898760318756104 2.1597938537597656 2.1597940921783447
357 2.975268602371216 2.1585254669189453 2.1585254669189453
358 3.159956693649292 2.3945441246032715 2.3945438861846924
359 3.0280776023864746 2.20412015914917 2.20412015914917
360 3.0885109901428223 2.247260332107544 2.247260332107544
361 3.112213611602783 2.292818307876587 2.292818069458008
362 3.1165578365325928 2.284555196762085 2.284555196762085
363 2.9546897411346436 2.1435863971710205 2.1435863971710205
364 3.0357933044433594 2.232375383377075 2.232375383377075
365 3.1392662525177 2.307034492492676 2.307034492492676
366 3.1650073528289795 2.3843436241149902 2.3843436241149902
367 3.1718862056732178 2.355971574783325 2.355971574783325
368 3.3175418376922607 2.5054423809051514 2.5054423809051514
369 3.2018985748291016 2.3413262367248535 2.3413262367248535
370 3.0728135108947754 2.1866583824157715 2.1866581439971924
371 3.2113656997680664 2.4189517498016357 2.4189517498016357
372 3.0986533164978027 2.274970054626465 2.274970293045044
373 3.1171112060546875 2.254371404647827 2.254371404647827
374 3.0809519290924072 2.198838710784912 2.198838710784912
375 3.177955150604248 2.3434345722198486 2.3434345722198486
376 3.1734328269958496 2.310303211212158 2.310303211212158
377 3.344696283340454 2.5638411045074463 2.5638413429260254
378 3.4270071983337402 2.6155383586883545 2.6155381202697754
379 3.318528413772583 2.4980483055114746 2.4980480670928955
380 3.3018569946289063 2.536071300506592 2.5360705852508545
381 3.258178472518921 2.414945363998413 2.414945363998413
382 3.233405113220215 2.4820539951324463 2.4820539951324463
383 3.258934259414673 2.5408811569213867 2.5408806800842285
384 3.2671539783477783 2.4371628761291504 2.4371628761291504
385 3.2526192665100098 2.4709041118621826 2.4709036350250244
386 3.2563507556915283 2.5176048278808594 2.5176048278808594
387 3.2137553691864014 2.5032083988189697 2.5032083988189697
388 3.302884578704834 2.5908138751983643 2.590813398361206
389 3.1657185554504395 2.431523084640503 2.431523084640503
390 3.18310546875 2.5061094760894775 2.5061094760894775
391 3.2103347778320313 2.4964237213134766 2.4964239597320557
392 3.1250720024108887 2.3576526641845703 2.3576526641845703
393 3.3539068698883057 2.6158993244171143 2.6158993244171143
394 3.144104242324829 2.384364366531372 2.384364366531372
395 3.200308084487915 2.432029962539673 2.432029962539673
396 3.2967212200164795 2.5234198570251465 2.5234200954437256
397 3.301564931869507 2.4938302040100098 2.4938302040100098
398 3.241032600402832 2.4464473724365234 2.4464473724365234
399 3.22442626953125 2.4484806060791016 2.4484806060791016
400 3.124892473220825 2.246312141418457 2.246312141418457
401 3.176701307296753 2.3266546726226807 2.3266546726226807
402 3.220839738845825 2.435525894165039 2.435525894165039
403 3.1636009216308594 2.3095667362213135 2.3095667362213135
404 3.2233834266662598 2.4052913188934326 2.4052913188934326
405 3.1829702854156494 2.364994764328003 2.364994764328003
406 3.1538302898406982 2.325087785720825 2.3250880241394043
407 3.302746534347534 2.5302541255950928 2.5302541255950928
408 3.1728107929229736 2.377089023590088 2.377089023590088
409 3.2505180835723877 2.4443728923797607 2.44437313079834
410 3.0562782287597656 2.2438812255859375 2.2438814640045166
411 3.2380411624908447 2.4476959705352783 2.4476962089538574
412 3.2936787605285645 2.4919795989990234 2.4919795989990234
413 3.169726848602295 2.37422776222229 2.37422776222229
414 3.097355842590332 2.275461196899414 2.2754616737365723
415 3.193077325820923 2.419706106185913 2.419706106185913
416 3.0321402549743652 2.1963555812835693 2.1963553428649902
417 3.1338441371917725 2.3576500415802 2.357649803161621
418 3.195378541946411 2.422856330871582 2.422856092453003
419 3.3436355590820313 2.5636398792266846 2.5636398792266846
420 3.3747034072875977 2.578223466873169 2.578223943710327
421 3.2956652641296387 2.5283384323120117 2.5283384323120117
422 3.2766432762145996 2.535579204559326 2.535579204559326
423 3.3255467414855957 2.5681710243225098 2.5681710243225098
424 3.3044943809509277 2.5156683921813965 2.5156679153442383
425 3.416280508041382 2.7126638889312744 2.7126638889312744
426 3.3822991847991943 2.6190431118011475 2.6190431118011475
427 3.224868059158325 2.456890344619751 2.456890344619751
428 3.3118016719818115 2.5467095375061035 2.5467095375061035
429 3.2851269245147705 2.5223774909973145 2.5223774909973145
430 3.378147840499878 2.6177544593811035 2.6177544593811035
431 3.3072099685668945 2.511542558670044 2.511542797088623
432 3.328289270401001 2.593029022216797 2.593029022216797
433 3.4259746074676514 2.730778694152832 2.730778694152832
434 3.371037483215332 2.636314868927002 2.636314868927002
435 3.325162887573242 2.5491268634796143 2.5491268634796143
436 3.3164894580841064 2.5703301429748535 2.5703301429748535
437 3.3729422092437744 2.627659320831299 2.627659320831299
438 3.387617826461792 2.6535556316375732 2.6535556316375732
439 3.4294509887695313 2.690565347671509 2.690565586090088
440 3.4231321811676025 2.713987112045288 2.713987112045288
441 3.2413947582244873 2.4951345920562744 2.4951345920562744
442 3.173109769821167 2.412731409072876 2.412731647491455
443 3.200056552886963 2.462045431137085 2.462045431137085
444 3.1888973712921143 2.3966329097747803 2.3966329097747803
445 3.0066299438476563 2.252676248550415 2.252676248550415
446 3.257396697998047 2.5365726947784424 2.5365726947784424
447 3.3403496742248535 2.62646222114563 2.62646222114563
448 3.3827176094055176 2.65580153465271 2.65580153465271
449 3.280677556991577 2.5320746898651123 2.5320746898651123
450 3.4369561672210693 2.7004079818725586 2.7004079818725586
451 3.4328606128692627 2.7383158206939697 2.7383158206939697
452 3.3606209754943848 2.6504433155059814 2.6504433155059814
453 3.303638458251953 2.5998387336730957 2.5998387336730957
454 3.49481201171875 2.812974452972412 2.812974452972412
455 3.2155380249023438 2.486309289932251 2.486309289932251
456 3.230102777481079 2.4569430351257324 2.4569430351257324
457 3.1790239810943604 2.4232702255249023 2.4232702255249023
458 3.117293119430542 2.3419649600982666 2.3419649600982666
459 3.2200708389282227 2.4935050010681152 2.4935052394866943
460 3.2500674724578857 2.4876415729522705 2.4876415729522705
461 3.342958688735962 2.6178531646728516 2.6178531646728516
462 3.2539308071136475 2.554260730743408 2.554260730743408
463 3.162945508956909 2.386544942855835 2.386544704437256
464 3.2013447284698486 2.463918685913086 2.463918685913086
465 3.1424920558929443 2.372744560241699 2.372744560241699
466 3.098365306854248 2.311660051345825 2.311660051345825
467 3.264017343521118 2.5208685398101807 2.5208685398101807
468 3.1036782264709473 2.341804027557373 2.341804027557373
469 3.070544958114624 2.3397696018218994 2.3397696018218994
470 3.124943494796753 2.38484263420105 2.384842872619629
471 3.3127200603485107 2.58990216255188 2.58990216255188
472 3.2717974185943604 2.524651288986206 2.524651288986206
473 3.299645185470581 2.5442166328430176 2.5442166328430176
474 3.1795668601989746 2.4563281536102295 2.4563281536102295
475 3.186816692352295 2.403141975402832 2.403141975402832
476 3.1690287590026855 2.4081578254699707 2.4081578254699707
477 3.0627315044403076 2.2316854000091553 2.2316856384277344
478 3.0288033485412598 2.229207754135132 2.229207754135132
479 3.3010692596435547 2.6060619354248047 2.6060619354248047
480 3.161928176879883 2.372636556625366 2.372636556625366
481 3.2774112224578857 2.43239164352417 2.43239164352417
482 3.1400959491729736 2.287893295288086 2.287893295288086
483 3.1551804542541504 2.340433120727539 2.340433120727539
484 3.119654893875122 2.3207874298095703 2.3207874298095703
485 3.1474411487579346 2.362382173538208 2.362381935119629
486 3.3672664165496826 2.600520133972168 2.600520133972168
487 3.2101874351501465 2.4140818119049072 2.4140818119049072
488 3.2513835430145264 2.5021398067474365 2.5021398067474365
489 3.307133436203003 2.542910099029541 2.54291033744812
490 3.307811975479126 2.508760929107666 2.508760929107666
491 3.0745770931243896 2.2355730533599854 2.2355730533599854
492 3.0931570529937744 2.275926113128662 2.275926113128662
493 3.235485553741455 2.3587663173675537 2.3587663173675537
494 3.2865219116210938 2.447678327560425 2.447678327560425
495 3.2035813331604004 2.3912079334259033 2.3912079334259033
496 3.265986919403076 2.4420270919799805 2.4420273303985596
497 3.132045030593872 2.315204620361328 2.3152048587799072
498 3.2323484420776367 2.418189525604248 2.418189287185669
499 3.1797308921813965 2.344029426574707 2.344029426574707
500 3.080481767654419 2.232248067855835 2.232248306274414
501 3.0645480155944824 2.215982675552368 2.215982675552368
502 3.158494472503662 2.356508255004883 2.356508255004883
503 3.143134832382202 2.2788243293762207 2.2788243293762207
504 3.127434253692627 2.344484329223633 2.344484329223633
505 2.9993672370910645 2.1099607944488525 2.1099607944488525
506 2.9612698554992676 2.1145710945129395 2.1145710945129395
507 3.0473482608795166 2.224213123321533 2.224213123321533
508 2.9910457134246826 2.1520254611968994 2.1520256996154785
509 2.955120086669922 2.1070737838745117 2.1070737838745117
510 3.071784496307373 2.1991472244262695 2.1991472244262695
511 3.064368963241577 2.2130773067474365 2.2130773067474365
512 2.9144952297210693 2.1004748344421387 2.1004748344421387
513 2.9458987712860107 2.0948269367218018 2.0948269367218018
