5 	 2.1058640480041504
6 	 1.388066053390503
7 	 1.1421573162078857
8 	 1.4608854055404663
9 	 1.4656562805175781
10 	 1.4469891786575317
11 	 1.0683059692382813
12 	 0.9492762088775635
13 	 0.7572816610336304
14 	 0.6927950382232666
15 	 0.5968345999717712
16 	 0.5753500461578369
17 	 0.6596345901489258
18 	 0.8295244574546814
19 	 1.1649352312088013
20 	 1.47965407371521
21 	 1.3104192018508911
22 	 1.4198110103607178
23 	 1.300614595413208
24 	 1.219880223274231
25 	 1.1540647745132446
26 	 0.8688479065895081
27 	 0.8599616885185242
28 	 0.9704112410545349
29 	 0.8382337689399719
30 	 0.7301562428474426
31 	 0.8943394422531128
32 	 0.9642972350120544
33 	 0.9899105429649353
34 	 0.8166594505310059
35 	 0.8687914609909058
36 	 0.998153805732727
37 	 0.9128968715667725
38 	 0.8508968949317932
39 	 1.026847004890442
40 	 1.1168012619018555
41 	 1.0200612545013428
42 	 1.112310767173767
43 	 0.9697650671005249
44 	 1.0506000518798828
45 	 0.8862444162368774
46 	 0.8537944555282593
47 	 0.8035719394683838
48 	 0.8126782178878784
49 	 0.8536340594291687
50 	 0.9514511823654175
51 	 1.325472354888916
52 	 1.2443187236785889
53 	 1.3129788637161255
54 	 1.5156495571136475
55 	 1.2623505592346191
56 	 1.1237848997116089
57 	 0.9783530831336975
58 	 1.1358022689819336
59 	 1.1167415380477905
60 	 0.8550686836242676
61 	 1.1665599346160889
62 	 1.4365451335906982
63 	 1.2584259510040283
64 	 1.1217905282974243
65 	 0.9597902297973633
66 	 1.1468743085861206
67 	 1.1253361701965332
68 	 0.9269229769706726
69 	 0.90380859375
70 	 0.6922280192375183
71 	 0.5747166275978088
72 	 0.4954841732978821
73 	 0.5007821917533875
74 	 0.644917905330658
75 	 0.8483728170394897
76 	 1.8458023071289063
77 	 1.092270851135254
78 	 0.9918022751808167
79 	 0.7481279373168945
80 	 0.6824327707290649
81 	 0.715270459651947
82 	 0.6567609310150146
83 	 0.5838212370872498
84 	 0.6573579907417297
85 	 0.6692205667495728
86 	 0.6755989193916321
87 	 0.6645416021347046
88 	 0.843100368976593
89 	 1.056933879852295
90 	 0.9969419836997986
91 	 1.316285490989685
92 	 1.0960825681686401
93 	 1.3417843580245972
94 	 1.5792384147644043
95 	 1.5243785381317139
96 	 1.3419182300567627
97 	 1.3585023880004883
98 	 1.0095340013504028
99 	 0.7520939707756042
100 	 0.6962102651596069
101 	 0.5700196027755737
102 	 0.544683039188385
103 	 0.5610567927360535
104 	 0.5685698390007019
105 	 0.6980989575386047
106 	 0.9947801232337952
107 	 2.3786306381225586
108 	 1.4162906408309937
109 	 1.246867060661316
110 	 1.0488979816436768
111 	 0.6429766416549683
112 	 0.6280504465103149
113 	 0.7347524166107178
114 	 0.7376671433448792
115 	 0.6922338008880615
116 	 0.7210260033607483
117 	 0.8471218943595886
118 	 0.9468615055084229
119 	 1.0120338201522827
120 	 1.201709270477295
121 	 1.3818864822387695
122 	 1.381406307220459
123 	 1.708776831626892
124 	 2.2979936599731445
125 	 1.6777609586715698
126 	 1.4749009609222412
127 	 1.2484147548675537
128 	 1.2115402221679688
129 	 1.1286917924880981
130 	 0.8938940763473511
131 	 0.7433308362960815
132 	 0.8280026316642761
133 	 0.8378009796142578
134 	 0.7022249102592468
135 	 0.6897034645080566
136 	 0.7783582210540771
137 	 0.7680486440658569
138 	 0.7522687315940857
139 	 0.8027523756027222
140 	 0.8600965142250061
141 	 0.8351888656616211
142 	 0.7621398568153381
143 	 0.7600727677345276
144 	 0.8582882285118103
145 	 0.7245616316795349
146 	 0.696907639503479
147 	 0.6400220394134521
148 	 0.5692594647407532
149 	 0.49767524003982544
150 	 0.5022965669631958
151 	 0.49775004386901855
152 	 0.5314456224441528
153 	 0.6322920322418213
154 	 0.8735448718070984
155 	 1.2962466478347778
156 	 1.1843152046203613
157 	 1.0808779001235962
158 	 0.8781493306159973
159 	 0.6032293438911438
160 	 0.546212375164032
161 	 0.5327423214912415
162 	 0.5839657783508301
163 	 0.5443308353424072
164 	 0.5081161856651306
165 	 0.5104216933250427
166 	 0.5260696411132813
167 	 0.44223129749298096
168 	 0.5084090232849121
169 	 0.6118088960647583
170 	 0.6882757544517517
171 	 0.6554957032203674
172 	 0.6740843653678894
173 	 0.769499659538269
174 	 0.9406601190567017
175 	 1.0080982446670532
176 	 1.1649941205978394
177 	 1.235861897468567
178 	 1.641211986541748
179 	 2.339930772781372
180 	 2.4627809524536133
181 	 2.696918487548828
182 	 3.197399139404297
183 	 3.3487138748168945
184 	 3.4484286308288574
185 	 2.9278485774993896
186 	 2.338660955429077
187 	 2.064249277114868
188 	 1.497550368309021
189 	 1.3338959217071533
190 	 1.5635613203048706
191 	 1.2837024927139282
192 	 0.9435749053955078
193 	 1.2550256252288818
194 	 1.2456644773483276
195 	 1.0658800601959229
196 	 1.026964783668518
197 	 1.1317564249038696
198 	 1.213390588760376
199 	 1.0762410163879395
200 	 0.8707684874534607
201 	 0.6818719506263733
202 	 0.5666193962097168
203 	 0.5863848328590393
204 	 0.5601674318313599
205 	 0.5202889442443848
206 	 0.45121145248413086
207 	 0.4489201009273529
208 	 0.44751882553100586
209 	 0.4947373867034912
210 	 0.6898292303085327
211 	 0.8983162641525269
212 	 1.4355112314224243
213 	 1.739846110343933
214 	 1.9503144025802612
215 	 2.126183271408081
216 	 1.9524246454238892
217 	 1.6291910409927368
218 	 1.4845327138900757
219 	 1.696130394935608
220 	 1.730044960975647
221 	 1.8183523416519165
222 	 2.254758834838867
223 	 2.2136998176574707
224 	 2.7944209575653076
225 	 3.4626617431640625
226 	 3.2878811359405518
227 	 2.383988618850708
228 	 2.381385087966919
229 	 1.8894141912460327
230 	 1.1775513887405396
231 	 0.8172950744628906
232 	 0.9176331162452698
233 	 0.8261551856994629
234 	 0.790835440158844
235 	 0.8156298398971558
236 	 0.886344850063324
237 	 0.8836244344711304
238 	 1.0651947259902954
239 	 0.8953951001167297
240 	 0.9183354377746582
241 	 0.7930823564529419
242 	 1.1551257371902466
243 	 1.5399975776672363
244 	 0.9931131601333618
245 	 0.6488089561462402
246 	 0.6950610280036926
247 	 0.6617153286933899
248 	 0.6505881547927856
249 	 0.8454912900924683
250 	 0.7800681591033936
251 	 0.8079866170883179
252 	 0.6905768513679504
253 	 0.5350143313407898
254 	 0.5091896653175354
255 	 0.47932031750679016
256 	 0.4185308814048767
257 	 0.45848560333251953
258 	 0.5835856795310974
259 	 0.5951082110404968
260 	 0.6020281314849854
261 	 0.7277694344520569
262 	 0.9132790565490723
263 	 0.771557092666626
264 	 0.9147161245346069
265 	 1.3025612831115723
266 	 2.081820011138916
267 	 1.5047675371170044
268 	 0.9982053637504578
269 	 0.9052927494049072
270 	 0.7919859290122986
271 	 1.1888984441757202
272 	 1.7368489503860474
273 	 2.967911720275879
274 	 3.5049850940704346
275 	 3.720730781555176
276 	 2.832775354385376
277 	 2.1824440956115723
278 	 1.8975517749786377
279 	 1.5112409591674805
280 	 0.8442802429199219
281 	 0.6395942568778992
282 	 0.5209860801696777
283 	 0.45527157187461853
284 	 0.475681871175766
285 	 0.48776865005493164
286 	 0.530540943145752
287 	 0.6420359015464783
288 	 0.6774191856384277
289 	 0.7903184294700623
290 	 0.7203189730644226
291 	 0.8619621992111206
292 	 0.9191431403160095
293 	 1.0059683322906494
294 	 0.9269800186157227
295 	 0.8455032706260681
296 	 0.8663686513900757
297 	 0.8615996241569519
298 	 0.8265561461448669
299 	 0.9429552555084229
300 	 1.0331958532333374
301 	 0.9863995313644409
302 	 0.9454299807548523
303 	 1.2886123657226563
304 	 1.2849650382995605
305 	 1.1160341501235962
306 	 0.977931797504425
307 	 1.059289574623108
308 	 1.428959608078003
309 	 1.3180350065231323
310 	 1.3864564895629883
311 	 1.1488226652145386
312 	 0.9388382434844971
313 	 0.9484090209007263
314 	 0.6804505586624146
315 	 0.6478001475334167
316 	 0.6004281044006348
317 	 0.5643178820610046
318 	 0.5640087127685547
319 	 0.5583783388137817
320 	 0.4959532916545868
321 	 0.5068683624267578
322 	 0.4273231029510498
323 	 0.4063270390033722
324 	 0.3962540328502655
325 	 0.40482866764068604
326 	 0.4724186658859253
327 	 0.5500151515007019
328 	 0.6988418698310852
329 	 1.1591731309890747
330 	 1.2893283367156982
331 	 1.0155657529830933
332 	 0.6863633394241333
333 	 0.6504441499710083
334 	 0.5775073170661926
335 	 0.5579745173454285
336 	 0.5580444931983948
337 	 0.5486919283866882
338 	 1.0504769086837769
339 	 0.8219794034957886
340 	 0.7108943462371826
341 	 0.7758733034133911
342 	 0.6973994374275208
343 	 0.6823424100875854
344 	 0.675432026386261
345 	 0.5444254875183105
346 	 0.503211259841919
347 	 0.44175830483436584
348 	 0.49317866563796997
349 	 0.5031608939170837
350 	 0.5133823156356812
351 	 0.6024576425552368
352 	 0.7942286729812622
353 	 0.9511293768882751
354 	 0.7270190119743347
355 	 0.7244978547096252
356 	 0.7140460014343262
357 	 0.6229248046875
358 	 0.6209632158279419
359 	 0.7664799094200134
360 	 1.14423406124115
