0 11.61398913166204
1 11.625870025115736
2 11.604400025985422
3 11.881518807734377
4 12.103963014604211
5 11.907559281457926
6 11.46624116459268
7 11.464256604057473
8 10.588683169809238
9 11.198135254768975
10 10.94104407004889
11 11.46222995864151
12 10.911306623550853
13 12.61884819209332
14 11.161659746477802
15 11.169565812456787
16 11.975289444589565
17 11.163550264787382
18 11.100224597008458
19 12.244930615664636
20 11.768240890673248
21 9.935485737656741
22 10.759632440742235
23 7.008880873515282
24 6.920953454758585
25 7.140609410707125
26 7.256057617406797
27 7.689445928169679
28 8.363849212890612
29 9.625986946211622
30 9.141689955483724
31 9.408775311116289
32 8.256932938235193
33 10.418293516119444
34 9.725890609820862
35 9.724469691932981
36 9.812815803884476
37 9.100298693817768
38 9.87131899274665
39 9.574280604158242
40 10.390148038825428
41 10.439538283391817
42 10.016783001071367
43 11.419981728188803
44 6.733820877615507
45 6.564140002094512
46 10.193684924480621
47 8.86648457798828
48 4.682562687736591
49 5.817686755361634
50 7.540983547679542
51 7.0700101124456936
52 6.494883665747361
53 7.701796944726687
54 6.840431384318893
55 7.929483083752776
56 9.588153533743986
57 8.748551455374402
58 6.879948950007877
59 8.534924733924262
60 9.663542179575694
61 8.887021518787519
62 8.687289448828965
63 10.934724879895152
64 9.643493153884338
65 10.15586865607208
66 11.877745022775876
67 8.53058327992513
68 9.75877008724943
69 10.940050963852421
70 7.552062700059876
71 7.545648152760502
72 7.695872735193081
73 6.734244114809569
74 6.834502110526097
75 7.028691047234188
76 6.6615913480232
77 8.842578700113629
78 8.739929130443535
79 8.593420586946502
80 8.560556642279133
81 8.891496767307537
82 7.9852569660338055
83 6.529542846209762
84 11.138839657370571
85 4.806700541113786
86 7.113432980579802
87 8.434034672189677
88 7.978367204228858
89 9.947834550223833
90 8.880329161193071
91 9.197293915950643
92 8.532953359786847
93 9.651686837470583
94 8.539780277944692
95 8.983543410700406
96 10.661709666131653
97 8.573513577839668
98 9.152457061409306
99 7.089134613054503
100 6.603095633304326
101 8.690369423834191
102 8.174522264868255
103 8.958878995682069
104 6.085902102504862
105 7.263884919453612
106 7.752312765692359
107 9.548153247534602
108 7.919054632993404
109 7.775459763599421
110 7.117087956668603
111 9.506178155303886
112 7.417502983448084
113 7.034396059800784
114 7.074127184895035
115 7.009514043601795
116 6.981058836964316
117 5.898789548645192
118 6.990326525523784
119 6.042199313530832
120 5.354481692739538
121 7.872753368563852
122 7.314405569133593
123 7.447768706526249
124 8.306133402825106
125 9.741289029065186
126 7.058393386715787
127 10.751073819643464
128 8.671711211371314
129 6.677184119972402
130 8.635291529439026
131 10.956728025202796
132 8.871018760794197
133 8.974329248468042
134 8.70689739761281
135 7.7144682591552405
136 8.057161991384419
137 7.444372008358148
138 6.890411676431249
139 7.660920042641534
140 7.589096308855624
141 6.912191716410765
142 6.469611227923845
143 7.057669578498147
144 6.475508965816024
145 9.17343964712892
146 10.077441764538467
147 6.6434090347357255
148 5.202670120348694
149 7.784959210236385
150 6.262290543964063
151 7.335425736926949
152 7.495919383663109
153 10.568902541788923
154 5.70841054139987
155 9.275128451819928
156 8.308118407096838
157 6.966667804422386
158 6.4469918645968
159 6.398072361211165
160 7.0754227915130175
161 7.378185303886646
162 6.669753609341683
163 5.631401081796059
164 6.6945824465785915
165 8.091400364351085
166 6.7138967271421155
167 8.349968403906274
168 9.748601422586553
169 5.384663830811815
170 6.481867332813527
171 6.428079049825594
172 9.201749979440217
173 9.682336724094379
174 9.910388572639501
175 6.60610828541604
176 6.74834131414597
177 9.252386671084453
178 8.669297242232076
179 8.545363045415101
180 8.814930181006805
181 9.260553138786474
182 9.103296866178853
183 8.141642828462668
184 8.648702185556088
185 7.746858384379737
186 5.712093890874672
187 6.52335955318658
188 6.68537713638365
189 6.294429033352923
190 6.6396567950933925
191 6.867843421883657
192 5.701912327714429
193 7.052567039405972
194 9.742748171622164
195 8.78978401149755
196 8.324044949875915
197 9.278313071142541
198 8.959135599996138
199 6.756915146629641
200 7.457709055321872
201 7.818224384302161
202 5.715014735888904
203 6.097933031630269
204 6.785171161449408
205 6.166326704632382
206 7.349608100257623
207 7.031279389885816
208 6.2138742287833155
209 6.503651697034983
210 8.225976322265256
211 9.33480000158842
212 9.101683508220237
213 8.69280313754735
214 10.476075072765344
215 9.016863274195464
216 9.424795757891355
217 7.9637215418315375
218 7.766764658650995
219 7.856254255283152
220 8.488638449458753
221 8.808202697812748
222 7.6130724282955775
223 8.320532028499676
224 7.283211959240926
225 7.329506791691862
226 7.384702093757257
227 10.533275751305338
228 8.530121485083649
229 8.501458345350404
230 6.915235306168276
231 6.572854638488173
232 7.235926245379743
233 8.728879668103664
234 8.816120938740124
235 9.61331153998514
236 8.499308917864697
237 9.755088558452059
238 9.347697899537224
239 9.084952837910798
240 9.526763727520539
241 9.465352777199247
242 9.793090822545492
243 8.754658701881315
244 8.851870929377672
245 12.32332859375199
246 9.047001111184496
247 7.879462205558762
248 9.825313326124235
249 9.740458251699618
250 8.410362176212756
251 9.473869301484502
252 9.366140021834797
253 8.394899492716249
254 7.952413837073135
255 8.699593876434397
256 9.976872267941198
257 10.113785663478986
258 8.818419741278793
259 9.094742237910653
260 9.120553659553723
261 8.850257562296019
262 9.291320295465377
263 8.530797164353833
264 9.436249233565153
265 7.974786536408514
266 8.049685161943335
267 10.38898789177823
268 8.469689593296861
269 8.178685460503106
270 8.27504729460902
271 8.261818262746866
272 9.354330439920806
273 8.837230843331806
274 8.330371619986169
275 8.997183202584814
276 7.9359781958038464
277 8.52050504308181
278 10.605404248621904
279 11.363635785590382
280 10.275560270784261
281 10.346016897392941
282 9.591785104713546
283 11.143128490362445
284 10.717719271419009
285 9.730656403806208
286 10.45448470992408
287 9.728706580478258
288 11.378107596271867
289 11.201481522664746
290 9.80187111178898
291 9.911426463129994
292 10.920767197466173
293 9.524781298834306
294 10.025742493087778
295 9.187864572937302
296 9.67235889916214
297 10.163145338277952
298 8.86080351354585
299 10.568184260584422
300 10.944982799226434
301 10.566045525651042
302 10.240075167845985
303 10.41400999394697
304 8.700852682727595
305 9.041522689223038
306 7.787418791436915
307 6.393568241063889
308 6.089328665839385
309 11.404325859356568
310 11.056028464494567
311 6.7672678988171375
312 6.67805695026711
313 7.21060129533717
314 6.934798454259089
315 6.470748497291854
316 6.357995395338594
317 5.467167598142544
318 6.216808682825103
319 6.987411980118695
320 8.297650902624484
321 5.13815216495995
322 6.232883130618477
323 7.848205930981979
324 6.623913149835733
325 9.591723560387942
326 8.954718295954738
327 9.217495328867749
328 8.782247868125808
329 6.736921540746326
330 8.162359146861816
331 7.942871140946991
332 6.7629213058957
333 6.6316450233250155
334 5.261666445217819
335 4.821102984757649
336 9.680306214717602
337 8.212835130939428
338 5.485915793257463
339 9.163932902426131
340 9.171056000182578
341 8.41518015533817
342 8.72541344346818
343 8.799722135976662
344 8.527798569274992
345 9.382084449549835
346 10.211308299525953
347 10.926026336257516
348 8.641341728973435
349 8.720070129814442
350 7.381072602226079
351 10.607814374073982
352 5.959164641836243
353 7.6699637351172445
354 6.120532920504361
355 6.911790419963962
356 6.683422189923172
357 9.58403712100959
358 10.088899768466058
359 9.72146910912634
360 10.37977181411014
361 6.878510555409824
362 5.907536104853013
363 6.37990842246775
364 8.588180518889146
365 5.164013629935443
366 5.515046816241575
367 5.627525054166505
368 4.768927491033232
369 5.70476948896941
370 5.157491096049348
371 5.593460069825939
372 5.697454776871058
373 5.82196450120904
374 8.958292666640356
375 5.919112787032745
376 6.339846035172534
377 5.40345734249765
378 4.900618698527574
379 6.199647431740769
380 4.799979412952196
381 6.707169244990858
382 8.898837980878051
383 10.439158201086114
384 7.411551617189851
385 9.820984025466371
386 10.482861290650588
387 9.541837083701576
388 9.448059221299738
389 9.676925560578125
390 11.152476374172192
391 9.006086933432021
392 11.066721139510939
393 10.199113624053998
394 11.612127912581629
395 9.222242431807365
396 10.2592215623358
397 9.983170045485908
398 9.929979449930117
399 6.053879627328221
400 9.902497813121133
401 9.259134688726126
402 8.693193934597488
403 11.401103672909388
404 9.73277831609992
405 10.414192767644797
406 9.072120424747748
407 8.7875794090113
408 9.74562692471443
409 10.62363120978928
410 9.568783490268357
411 8.146776039330328
412 8.84372672547552
413 9.627658931908968
414 8.876057508578313
415 10.347935187861825
416 9.426802953463197
417 10.126440810432616
418 12.437755991130414
419 9.014356831142125
420 8.831357444836504
421 9.014529316544854
422 9.385136396826317
423 9.093090957681822
424 8.080801758379565
425 8.693651642559523
426 9.553383768109448
427 10.035410924455322
428 5.7638632603539675
429 4.1579994960511355
430 7.335892937099855
431 4.244886284748424
432 8.825480151213007
433 7.093994007757637
434 7.556855794794025
435 7.927115566091355
436 8.613002795107503
437 5.400824639493407
438 9.166785710961268
439 7.9402669177547525
440 8.442489139892254
441 7.669140733940605
442 10.016841222515996
443 9.517028202718041
444 7.581805639753616
445 5.209758860613108
446 6.61579107211466
447 7.6331458385912825
448 5.682966181157588
449 4.733857618999777
450 6.9125662840393
451 6.368539540004511
452 6.993840124055559
453 5.808045589257224
454 5.952196004244475
455 4.898619823681296
456 5.964841463331539
457 5.282949256248765
458 8.444201617909279
459 8.359333537547798
460 10.026697636037172
461 8.495641286651765
462 8.958425171624441
463 9.329498697196785
464 9.3580036278361
465 6.394150660409856
466 9.175696728346121
467 6.604921266282788
468 6.615465431491765
469 4.614313372782561
470 5.718760562844774
471 7.387764720437455
472 6.739928827219354
473 6.617846588274771
474 7.344583071177513
475 6.908700252053705
476 8.003305499990171
477 5.287163509780336
478 5.780221755979379
479 5.608468803312951
480 6.961051640909766
481 5.949690324210928
482 5.929517383839786
483 7.49706510973287
484 7.86333100843312
485 7.807217166059753
486 7.134732366397774
487 6.8564598844642335
488 5.772725485900033
489 7.528767124324869
490 7.418177161410276
491 7.631035134382188
492 7.905126993203736
493 7.666193768220188
494 6.947381330476768
495 7.3684559745409
496 6.944104648088326
497 7.78699285051645
498 7.9317066873280355
499 7.37639280805356
500 7.38502395649964
501 8.708486142369969
502 6.63110187693185
503 5.62453670777267
504 6.558897419837925
505 5.211434399642817
506 7.4221377102424935
507 5.812853226344845
508 5.059010625418934
509 5.853182528493131
510 6.202492315572435
511 6.90568401714691
512 6.130419338173555
513 5.95207523847458
