0 3.7852959145997636
1 3.219121076702301
2 3.228960322240011
3 3.0027594509891373
4 2.7733240878025374
5 2.815916540948317
6 2.791810470547857
7 2.834349906180317
8 2.626660623100487
9 2.714189200336356
10 2.8305272099246563
11 2.80155100439492
12 2.7001130552038535
13 2.89649200684011
14 5.122401851399994
15 2.7673338432438443
16 2.8990529987074116
17 2.8469050646515894
18 4.090052495441713
19 3.7836302836647175
20 2.8711724757764108
21 2.9402661692731282
22 2.8736300654069797
23 4.649356736614236
24 3.252496404784327
25 4.507497489325008
26 3.081028611064393
27 4.971114108941742
28 2.8014589608056206
29 2.8173704556223553
30 4.98555341216261
31 2.696748502928619
32 2.6400449647260076
33 3.1286269866961534
34 2.771829614542736
35 2.65917804295227
36 2.7221728653460135
37 2.7486745583332026
38 2.818131270570514
39 2.958955904276598
40 2.8904793123228476
41 2.6093335986278476
42 2.8249234489450346
43 2.7152311401815266
44 5.119329650125762
45 9.447293403797548
46 4.371003155317727
47 5.204395066838373
48 9.058796100833469
49 6.561449818055365
50 4.0616664934359115
51 5.249804331656073
52 5.0315249566800455
53 3.044570306053104
54 2.9125973224635016
55 2.8661365552005256
56 2.8473553658553477
57 4.431206934583754
58 2.9571936410747712
59 2.818464112664168
60 2.7767203118141137
61 2.9969762623448384
62 2.722499161599362
63 2.890196454658788
64 2.7353647444172684
65 2.70082848373989
66 2.645590610880251
67 2.8366144347965423
68 2.68330725929823
69 2.8371933199335273
70 2.698317521923512
71 2.8003482755630467
72 2.834460480455517
73 2.7316793309741145
74 2.776297556441951
75 2.812668623839351
76 2.8124415318562943
77 2.7932973797427354
78 3.0088068435193747
79 2.7257292386800893
80 3.0390331302219695
81 2.6709208976520533
82 2.703781017311006
83 5.736320060654717
84 4.883739064020599
85 6.565026452671103
86 5.334911694009868
87 2.9158954614187085
88 3.217840357807261
89 2.73559476639702
90 2.7685894563452207
91 2.822636846762019
92 2.700335287676308
93 2.7979727284945177
94 2.6472517512255322
95 2.7807368003507795
96 2.7611599595024456
97 2.726894599988554
98 2.9638755141497772
99 2.7216067440405776
100 2.8579807161839725
101 2.863406466278964
102 2.764318894751297
103 2.594329723391397
104 2.846847530990695
105 2.705995001550039
106 3.0523340198394298
107 2.8624503630070572
108 6.107149234018555
109 5.111516273186412
110 6.888795137196428
111 5.915590048468577
112 2.80374861827724
113 2.8032282062755627
114 2.6068677046548543
115 2.792478778726827
116 2.7994864884042996
117 2.9932618070496
118 4.208977426345107
119 2.61170026005927
120 3.1529325898251668
121 2.627271002260795
122 2.9745138620474427
123 2.5744678315577443
124 2.606411609728025
125 2.7736702600525986
126 2.705367612266799
127 2.791970276820096
128 2.6930617072415823
129 2.700913323663051
130 2.9049533410555255
131 2.7115108582574448
132 2.7141950134744968
133 2.788666389519095
134 2.853048565293964
135 3.2809401499832513
136 2.662081174302627
137 2.986822473073058
138 2.626772045933967
139 2.726139588292287
140 2.6483743445010037
141 2.8841465336034187
142 2.7909207333789667
143 2.6451585729135885
144 2.7245774421304843
145 2.811921373823042
146 2.5762161760029145
147 2.6136554668449916
148 6.469737003744009
149 2.800471155883575
150 2.880767481487949
151 2.935919886045664
152 2.9860865157633567
153 4.355797195158707
154 5.736960325466999
155 2.636599848446948
156 2.660313973341398
157 2.83217336300233
158 2.9621408313157236
159 2.6375676716067775
160 4.662281671808523
161 4.667161044884974
162 2.9553589664119597
163 5.185782632736772
164 4.93438379719097
165 2.7438321868386835
166 2.823969468677278
167 2.7831119483394904
168 2.9202291343400035
169 2.7755196645959117
170 4.503419287076142
171 4.743449136392165
172 2.759276775584335
173 2.8293710218724923
174 3.105638339315204
175 2.816172094743615
176 2.908377390652823
177 2.8944042672761987
178 2.783804734917328
179 2.6797655900055006
180 2.66050148024492
181 2.7394347929249676
182 2.814524405981246
183 2.7376102354858394
184 2.7817954121273045
185 2.7790745821699354
186 2.663680214853965
187 2.784339572889494
188 2.870200121436602
189 2.8026778519632596
190 2.9431110182055407
191 2.7281720089418933
192 2.734810903684298
193 2.851966096926484
194 2.840590159527915
195 3.049593112449279
196 2.792579797169029
197 2.8334155559511864
198 2.662483001586269
199 2.9950422683109386
200 2.7546791999486877
201 2.86016737055177
202 2.7790773239024342
203 2.670152055674686
204 3.1109124390799994
205 2.8022972528824335
206 2.7896074660117
207 2.8680872971191147
208 2.7990944693874615
209 2.8310586216376965
210 2.7872123248879754
211 2.872569198989175
212 2.6261242465758565
213 2.7997428231471684
214 3.0505298954449644
215 2.6231132846114638
216 2.725450695344912
217 2.918851398140712
218 2.655176537948549
219 2.852275862146478
220 2.9157283222895676
221 3.0010018736171005
222 2.8093891303744454
223 2.6102355746564667
224 2.774585884772391
225 2.8544266722548386
226 2.615504867479658
227 2.6515465461716277
228 2.9066866706663275
229 2.859860138460731
230 2.692279173242152
231 2.8192926279296295
232 2.629302516607779
233 2.862835123376069
234 2.692252549292298
235 2.894714376934943
236 2.826760544717754
237 3.0644582137114567
238 2.8438351343225485
239 2.7456784170223982
240 2.7755575572765085
241 2.692774408017766
242 2.8159532585870863
243 2.9016773500647597
244 2.9657768076041897
245 2.649781869453873
246 2.6930240741693843
247 3.183111242750575
248 2.8267004079792692
249 2.877165769956862
250 2.9112027558621345
251 2.8856165473640485
252 3.010413313446261
253 2.8402577372622213
254 2.753457079147562
255 2.687450227138832
256 2.8197293019679015
257 2.9747865591983484
258 2.7785782092757727
259 2.6798520247874813
260 2.77253246468095
261 2.5814952047878155
262 2.6555482898290284
263 2.8506885281350183
264 2.934461293595803
265 2.747410041885584
266 2.9067613870575366
267 2.8217873007766885
268 2.6817549415867905
269 2.7056596690770878
270 2.7790578467396956
271 2.7144474865891346
272 2.8352014660853317
273 2.9004736524552617
274 2.8511087964360518
275 2.656640295865542
276 2.8549757950601693
277 2.7516374449479923
278 2.958829438486869
279 2.7470940654607454
280 2.856373172539605
281 2.917372065140248
282 2.7301402669702233
283 2.7382887819354145
284 2.8180745546968624
285 2.7225625761864825
286 2.6870485331237375
287 2.797646811862827
288 2.865302460802685
289 3.0585551418606216
290 2.8802051085926768
291 2.59428168476725
292 2.625605534090917
293 2.85456932813481
294 2.8569093931411027
295 2.6965328450168164
296 2.6716864042533106
297 2.7636348972249367
298 3.0417297316382137
299 3.031416343745318
300 2.853448890928627
301 2.78486902343991
302 2.7476117388988857
303 3.0987145783904535
304 2.686970521344551
305 2.7939188544235636
306 4.119536661581274
307 3.6251468593156972
308 4.449770566133028
309 3.284300999169124
310 3.738735219000479
311 3.847336361440997
312 8.7146556363011
313 4.947741758532256
314 6.7006268052025755
315 4.355634662225588
316 4.759822282642778
317 4.925851046924981
318 4.624759886369778
319 4.566769824587999
320 3.0694036180289967
321 5.549703261054202
322 4.795536433038883
323 4.324497397949575
324 4.117547000354935
325 2.70474759591759
326 3.9865978129357504
327 3.5118883663392158
328 3.459259546674572
329 4.8396736441749635
330 3.1119889424191296
331 2.865540337792021
332 4.870782885832565
333 4.766517336775982
334 4.529488198747965
335 5.4717968844465625
336 2.968307172009292
337 2.902706049350285
338 4.802456648898426
339 4.040295306759862
340 3.07142077465291
341 3.196209000306343
342 2.700322226062772
343 2.8956308090073715
344 2.5670549920364403
345 2.8658676399340086
346 2.711536126761761
347 2.7243000178138352
348 3.787859362187186
349 3.2098120987394267
350 4.252292249605224
351 2.7361096356425967
352 3.9483878154586685
353 4.415237594323661
354 5.1102321040414935
355 4.906656091725346
356 4.201805225839031
357 2.7076848433176584
358 2.8240098429497182
359 2.6550773830603287
360 3.357745873985525
361 5.895234547523077
362 4.057358057811052
363 4.610508130181949
364 2.876680656833596
365 4.799977754789774
366 3.680766559102046
367 4.843947958090951
368 4.5339584630939145
369 5.5938763543363335
370 3.808117939609113
371 5.36608641854945
372 4.231996691700804
373 4.887559287398526
374 2.9926100996199123
375 5.611876097094295
376 4.497212680707335
377 2.8425067350272695
378 3.263460949562575
379 2.7616701077448687
380 5.19182996186988
381 3.7351198760614563
382 2.842635046049869
383 2.843743760648738
384 3.0925975927810754
385 2.7771104501208734
386 2.679909549976518
387 2.6286062677777795
388 2.7484441019004446
389 2.8257184626286374
390 2.736539806553054
391 3.017503454418271
392 2.837230860264973
393 2.820737180461174
394 3.177856275371257
395 2.8349151029214843
396 2.780652185404621
397 3.035632432823435
398 2.6345909402980987
399 5.7820079966839755
400 2.7209339024554473
401 2.8478587343292556
402 2.8371728398980434
403 2.7307725010352315
404 2.671611228486839
405 2.729085801291219
406 2.7540085001506003
407 2.813604217541587
408 2.7851732666639517
409 2.664275927632962
410 2.7589136143047046
411 2.6074869702784547
412 2.8129071530294234
413 2.700248424264643
414 2.6721470129757128
415 2.7029847699306804
416 2.8377041853902276
417 2.6140481265124067
418 2.710863122618332
419 2.82728627359276
420 2.6144290321634807
421 2.915324306023075
422 2.6066384800945896
423 2.7702796907109186
424 2.86880347103257
425 2.651753237350727
426 2.6249704569846615
427 2.8721080708988844
428 5.000904562107074
429 4.130237888815063
430 2.825821765900243
431 4.995064099774766
432 2.7146864743561387
433 2.886376441117421
434 2.6622115654022793
435 2.7925847772074763
436 2.674854699670827
437 2.77259684688912
438 2.65492399332984
439 2.916820792926641
440 2.6485760657423545
441 2.681106770832855
442 2.7665416274770602
443 2.751858046173333
444 2.725155990670652
445 5.99392259328536
446 6.628303054362357
447 6.486854150781493
448 8.84699228482702
449 8.658225273179038
450 7.3155367752918705
451 5.238961174313481
452 5.8516785721514175
453 6.217870943364011
454 5.133292912466316
455 6.647510254078766
456 4.38045282459303
457 4.079271927071882
458 2.906651168980982
459 2.6966858113060943
460 2.7984638012762164
461 5.420108106537255
462 2.967671133629373
463 5.160047652187961
464 2.9339007489352293
465 6.083877928951586
466 6.714748970722063
467 6.491158535744425
468 10.181073864474339
469 8.376911702222406
470 8.557994804088668
471 4.936171481322083
472 6.85366353447579
473 7.597153682814764
474 5.799085298697808
475 6.965512897290467
476 2.7485762805291456
477 6.50931640567861
478 7.85439844903148
479 3.7469773189272755
480 4.354666242672355
481 2.8825206186256724
482 7.079595670658149
483 2.7803128485204773
484 3.2880466706463403
485 2.7905868438694914
486 2.712489103902869
487 2.723353577594874
488 3.214609847696219
489 2.8925774010612084
490 2.7034252573501676
491 3.124810458276606
492 2.8686323286547832
493 2.939073983443587
494 2.81807111888703
495 2.8290786698812562
496 2.815243730437636
497 2.7691943546839743
498 2.6820459179735523
499 3.2041340075484865
500 2.905612472281532
501 2.7492789591090996
502 2.903633136545169
503 3.820576218300241
504 4.5900909010897335
505 5.019568589800363
506 2.6611713949434153
507 4.88840028665596
508 3.6042958722641583
509 3.7365239696578274
510 5.116100664629892
511 3.0177054358959796
512 3.187138026601011
513 4.445047174203204
