0 9.726359504104892
1 9.904731319199117
2 9.90337333536539
3 10.024459238685406
4 9.915704910247587
5 9.877366227545389
6 10.613918497426011
7 10.978542208935506
8 10.984292160928444
9 11.426202634282504
10 10.913318675689728
11 11.12282957649891
12 12.584506348692756
13 11.390662487255486
14 12.3146555436355
15 11.296740440323779
16 10.772993477622187
17 11.804210187367305
18 11.221456461955382
19 11.095875145251082
20 11.324078403176516
21 11.571678819827618
22 12.127146094986838
23 11.50478094250955
24 13.365999716416004
25 12.012839624810653
26 10.784398506638887
27 10.96458368381302
28 14.42254168445121
29 14.17060099571537
30 12.26531644917735
31 11.504788460446523
32 11.218321688351566
33 12.901139264471142
34 10.837554863925552
35 12.685412434876238
36 12.349027029058178
37 12.909829247738584
38 13.988004286505687
39 13.495427285134657
40 14.475167554025937
41 14.757687410683337
42 14.067783170125013
43 14.552712361061168
44 16.736911744783093
45 17.90478981842089
46 17.35203177337509
47 19.300680758339418
48 12.731262062522118
49 9.311331523128924
50 9.069783653411925
51 9.511598467038962
52 11.611751657572533
53 9.779579530950299
54 9.670437461432533
55 9.974876719933535
56 9.732585043063771
57 10.605814665596949
58 9.521444339792778
59 10.035630811264934
60 9.413466791926584
61 9.346497292336092
62 8.531862897905839
63 9.207437653674598
64 8.927326804696737
65 10.328420192113825
66 9.114473261953286
67 11.031610370803989
68 9.748767593953259
69 9.84035253050283
70 9.56268716646487
71 9.206128738672302
72 10.645849471480943
73 10.09054668479522
74 10.098321280627168
75 9.777130555897228
76 9.829468233045729
77 9.518719581125278
78 8.805184235301953
79 9.287547274071162
80 9.112753924704608
81 9.549596718051895
82 9.031736195336777
83 10.085114677282888
84 9.111748571418675
85 9.530986366833268
86 9.44923644830171
87 8.6239521125604
88 9.644597653769557
89 9.679991468784957
90 10.564488972585563
91 10.565155449836913
92 10.77181969432773
93 9.91660173422723
94 10.712820546796141
95 10.842351579849586
96 10.621830417330681
97 9.96350128331526
98 10.324444749478971
99 10.42124638603059
100 8.974375788417301
101 8.834266586077476
102 8.675631677830093
103 8.996580194713438
104 9.951473946907228
105 9.921355687261956
106 9.422539891420817
107 8.014501465791279
108 8.76580748309761
109 8.830121140034615
110 8.249451026854166
111 8.801260383755185
112 8.049862472275931
113 10.360178061303454
114 9.587535506980181
115 9.629456414781911
116 8.9010409327872
117 9.917110664388968
118 9.62131275707254
119 9.995778760522864
120 10.577861804587982
121 8.318584162047975
122 8.682494198524903
123 8.597627313732309
124 8.815640405692818
125 8.684858198584562
126 10.455137708992678
127 9.367574178271658
128 9.537661930887342
129 10.356636211745888
130 9.97298113104455
131 8.981789889441137
132 9.107820545620461
133 9.556607005124958
134 9.122047676429377
135 9.392211509783449
136 8.280693923994344
137 10.18328747834409
138 10.657369013513383
139 9.911550944250973
140 8.931011177845722
141 9.049940657403068
142 10.381728333452246
143 9.678185373966478
144 9.389044058991525
145 9.943538290140788
146 9.940334565970069
147 9.921609552054576
148 10.65532231931907
149 9.962844625317071
150 9.147193066604872
151 10.300123499924721
152 9.743746449706068
153 9.519200419371753
154 9.008267747600085
155 7.7119416528553835
156 9.993978416793578
157 9.517197093497327
158 9.802827181826503
159 10.60413909196402
160 10.319050059340894
161 10.419115353500361
162 10.872483526259195
163 8.969283706930213
164 9.390537157564102
165 8.850396425962392
166 10.834837433229788
167 10.26748302284894
168 9.883174872635431
169 9.60213986837043
170 9.196177937865732
171 9.56985838230051
172 9.595732846325083
173 10.184863147681062
174 9.465070765897496
175 9.3590551436265
176 9.756862394300583
177 8.977983376962966
178 9.599483708351384
179 10.336639396599908
180 8.786389434100032
181 9.29546731739119
182 10.369996494077261
183 10.627483429426935
184 9.534327180964796
185 9.23382718637377
186 10.207091495477275
187 9.932996471191005
188 9.593887733212599
189 10.619822104337787
190 9.853168831000382
191 10.712034334660448
192 10.495305124232337
193 10.311413010964618
194 9.711626823389729
195 10.481948743412353
196 10.041872028526114
197 8.685848408012689
198 10.412308127693853
199 9.599086841508898
200 10.965610636893228
201 9.789590689281452
202 10.634890348876802
203 10.359185760478434
204 9.809726575064822
205 10.190079277628264
206 9.566068072339764
207 9.434732723343304
208 10.029658578109931
209 9.822177920154541
210 9.521256620820095
211 9.530817998735237
212 9.996632104539806
213 9.4077355309646
214 9.733099092511747
215 9.96309256206588
216 9.131593667518729
217 9.70868422243208
218 9.70183042894405
219 9.913446663836595
220 9.903490426636461
221 9.290806727992873
222 10.992691655993049
223 11.055071251729524
224 10.52276719952122
225 10.359766307422566
226 10.103758908121018
227 9.678126354236369
228 10.492811010939509
229 9.80183677336539
230 9.785340942589745
231 10.693587721129255
232 8.62281732653544
233 9.29467858085185
234 9.346380411830744
235 8.428356326840136
236 9.030206408073933
237 9.213958867488593
238 9.436084011419338
239 10.149548549711291
240 9.287105776355604
241 9.564188207880052
242 10.261218449838605
243 10.321370868029488
244 9.029620782968134
245 10.575779557009422
246 11.071004231954122
247 12.672628393669434
248 10.696896156538829
249 10.618352899829121
250 10.257681153581101
251 8.598847061261823
252 9.163865344315521
253 9.433513188178553
254 9.556407986240277
255 9.869953054464588
256 9.349851865104624
257 8.53554328196305
258 8.584699964129145
259 8.02662865016027
260 9.19046845455712
261 9.20474486112425
262 8.296250642114918
263 9.074190547658999
264 10.611895785475488
265 10.58628005792916
266 9.017781077691062
267 9.339051263759616
268 10.350701383490454
269 10.516601668586885
270 10.53235307147287
271 9.616295785521645
272 8.563039813738337
273 8.860657765828305
274 10.41171516220117
275 9.107513316568971
276 11.10771868010719
277 9.374588032210482
278 8.87952764497702
279 10.08870882399793
280 9.42969927766324
281 9.012347241498627
282 10.65000870856571
283 9.264002923726501
284 9.953910949646424
285 9.473139574806702
286 8.958598489242794
287 8.86722193272491
288 9.33043134350707
289 8.91677232887651
290 9.218751465594792
291 8.841995525876547
292 9.759778744217314
293 8.860639880859198
294 8.866894995414349
295 9.552279241796102
296 9.03324153576015
297 9.966989590173048
298 9.378842921360011
299 8.823978734862584
300 10.348006217794953
301 9.64509678401362
302 8.902254834121969
303 8.80545425931689
304 9.624200928263477
305 9.481882803229722
306 9.59923627743453
307 9.468357744874979
308 9.979659169640492
309 9.86192670973146
310 10.04471487527278
311 9.553406359598037
312 9.333560278444132
313 10.74936166100763
314 9.763584778354645
315 9.928836972661939
316 9.62052489957371
317 9.715421182030493
318 9.470554674799189
319 10.161283639941024
320 9.272853427531276
321 9.422179460734178
322 9.937851407559378
323 9.873755978621142
324 9.572277118833219
325 9.78075794737778
326 10.000913259195874
327 9.646581391573124
328 9.745853966411044
329 9.849155403340186
330 9.823569530293634
331 9.795275347000969
332 10.584516432838706
333 9.709428218242284
334 9.457506583783475
335 10.540379653833945
336 9.868505518504925
337 9.493108438717027
338 10.013103615925797
339 10.01976158690171
340 9.528736018601771
341 9.218587599279259
342 9.528136973999304
343 11.689177084235942
344 9.879461966981605
345 10.054678017832245
346 9.83887802217807
347 9.813528170559454
348 9.989583707693054
349 9.896860579865299
350 9.125954295776094
351 9.67949549869418
352 10.04253902985226
353 11.8434380975011
354 10.315894519323106
355 10.686400183512198
356 10.427992205557366
357 9.572642147183766
358 10.222564203123609
359 9.482937559340726
360 10.760513915607687
361 11.596276408513248
362 12.318538610979187
363 11.630329404532421
364 12.511255281482091
365 12.17648445713989
366 12.605302489732747
367 11.823036467032162
368 12.490387896299495
369 12.950967054707043
370 10.961624888345009
371 12.098822251738744
372 11.983425596017243
373 12.481304835365874
374 12.867160174123853
375 10.731018008089906
376 11.767519256009074
377 12.118326393025146
378 11.61657575901766
379 11.700909622324495
380 10.161356938565753
381 11.012763400162298
382 11.694973918263871
383 10.101401275904008
384 8.964549712538851
385 9.387824666427948
386 12.294951893772154
387 12.03205577383438
388 13.416780785477421
389 9.664553098053174
390 10.337868883170914
391 9.920153260265359
392 10.580027113916707
393 12.390892203111457
394 14.52338990552862
395 12.252019780686908
396 12.819415349604466
397 12.409878238629688
398 12.439260146379478
399 10.33438859864742
400 12.082936094181774
401 12.294294758455072
402 11.152178611068255
403 11.317544301972035
404 12.132246042068736
405 12.275822064175493
406 11.946403487179628
407 12.37565827215929
408 11.4051459689911
409 12.508607426723179
410 11.836798512243208
411 11.745273849173623
412 12.2488935326153
413 9.566062095572342
414 11.790422213157889
415 10.8843681739491
416 9.879602156271742
417 9.549177602018299
418 10.449943458774127
419 10.565512741438711
420 9.344067541701019
421 8.512540652870829
422 8.938833189896659
423 9.213366767770083
424 9.21069661750382
425 8.799295913635317
426 8.921847635386401
427 9.500681721359967
428 8.902639492866275
429 10.261383580444978
430 8.298751808235924
431 10.411522079413448
432 10.617863420706431
433 8.900773255003113
434 8.812867393435534
435 8.7543631454314
436 10.553022754816157
437 10.80055826180169
438 10.317045928090705
439 9.644957271951347
440 9.461065188979768
441 8.509215382885715
442 9.398893584201325
443 8.428853940066288
444 10.452956294112681
445 9.834637431148241
446 9.02826298259234
447 10.34576750297534
448 9.487545744499805
449 10.042723189174877
450 10.07803172152193
451 8.560736125867585
452 9.318344408544021
453 11.104160358564025
454 8.763235353466209
455 9.061074505301665
456 8.77872046673929
457 8.4470857361086
458 9.796134498374865
459 10.231597517339276
460 9.772817323573541
461 9.07674205243465
462 9.088335089641197
463 10.050656884593506
464 10.636032582327758
465 9.972533385116952
466 10.510078699954988
467 10.738003382810541
468 10.17286497389832
469 11.010308926248598
470 9.400155869405936
471 10.609596852158958
472 9.360840069610514
473 9.824988808910952
474 12.744217267971234
475 9.802710129807124
476 10.580966379026291
477 9.204164872419346
478 10.072441634841866
479 9.348919351179683
480 10.335038076004736
481 10.644694533129927
482 10.020899479307463
483 9.405107876063584
484 9.832882488088469
485 9.455892002908104
486 10.172998564268655
487 10.81500628746866
488 9.990620356170059
489 10.831443026922242
490 9.501191885170963
491 10.161364824598635
492 10.197931438800664
493 9.42393375212764
494 10.776178984598165
495 10.264740337136574
496 10.267670799958266
497 9.103269136943466
498 9.747002051215565
499 9.881064451761606
500 9.682160301994355
501 10.216583432145644
502 10.261787395981354
503 9.69285111362197
504 9.72447083168498
505 10.056176808198156
506 10.16762181655175
507 9.642831510598151
508 9.703522145555048
509 9.91349845044896
510 9.161033296679392
511 8.793565570069632
512 9.152950313798467
513 8.567258041877892
