0 2.5376435359987566
1 2.576690725253217
2 2.600907069303256
3 2.4374955144269577
4 2.480209893210623
5 2.5393771320537883
6 4.00198898376436
7 4.164929626456701
8 4.441896438682274
9 4.838935253834374
10 4.8605679265196065
11 4.8996010016852845
12 7.4679946870899165
13 6.856545043464288
14 5.824356632942764
15 5.460271642454326
16 6.02023020592015
17 5.617428091821252
18 5.751740822631111
19 5.372605121213039
20 5.032194528613118
21 5.2958386450497335
22 6.647627350927998
23 5.651497225412826
24 7.9482358325335385
25 5.458003293969617
26 6.618451373175734
27 5.705736851015815
28 8.928297577452232
29 8.317648990821944
30 6.699630370659079
31 6.640155681141211
32 5.791721292180912
33 8.115431347890453
34 6.816958591870831
35 8.374274841097735
36 9.116265570995644
37 8.43054896843542
38 9.24824097368716
39 9.202877594519578
40 8.74591248934978
41 8.976238978280472
42 8.485117117336467
43 8.988353670867827
44 9.473213227885214
45 12.876450379873377
46 11.781355770425705
47 13.900468188808752
48 6.864291093009129
49 2.6355894580775856
50 2.648771813566599
51 2.589227530272642
52 2.6153156838558527
53 2.542608933453464
54 2.5469539177702982
55 2.7203641677084858
56 2.558385981044275
57 2.6358378760390946
58 2.5441841878984133
59 2.566914025424525
60 2.5322983774757355
61 2.6294142668445466
62 2.6335564380624366
63 2.6855359826110896
64 2.552995729659268
65 2.6164710104713502
66 2.636484263196516
67 2.588656558108995
68 2.609185371321838
69 2.5994736979597106
70 2.634428645329613
71 2.6448013781258846
72 2.6696896291898633
73 2.587845182554039
74 2.743267644847084
75 2.642909585748451
76 2.766371233701318
77 2.6584493558293474
78 2.6059179582473364
79 2.614634601025448
80 2.6272406761460343
81 2.532025833119267
82 2.6077880181448188
83 2.6078157215893856
84 2.7459810335840427
85 2.7604949263998133
86 2.543039509941235
87 2.550450783395547
88 2.666708716914672
89 2.5045504783785564
90 2.5809831140853374
91 2.7356126420456737
92 2.7832035259300913
93 2.6419038074876724
94 2.6710835518175298
95 2.6313963354304986
96 2.817800354243178
97 2.5728942986807155
98 2.623076079336014
99 2.597726615099069
100 2.503556155642187
101 2.682749295750904
102 2.710170628669269
103 2.6234683008351056
104 2.722571134795495
105 2.59156498818521
106 2.6860985822287637
107 2.6233598479879974
108 2.5342689153686484
109 2.68055394719913
110 2.6325525905213176
111 2.6875112135017667
112 2.609226150064351
113 2.6535532172287737
114 2.6743236451997223
115 2.552961827805531
116 2.6275309122629906
117 2.7182060121815352
118 2.63959816061427
119 2.5988211742793648
120 2.6346490039798303
121 2.679894750175703
122 2.6798759195663777
123 2.6807965199101917
124 2.6759284505749372
125 2.6077545629321865
126 2.6292833019193047
127 2.6403072114841377
128 2.66829110745928
129 2.6322233568419406
130 2.582667530295179
131 2.6015694439264303
132 2.596461237368607
133 2.5957357658135947
134 2.6338927601449815
135 2.664772345400009
136 2.7104668484724677
137 2.7248616567369566
138 2.6541476057340456
139 2.555859362097731
140 2.5125186990683925
141 2.5583350701239587
142 2.5978047364718244
143 2.6212370501335687
144 2.6397542846186686
145 2.774230122530855
146 2.6736222700213146
147 2.5990421643243766
148 2.568024811089392
149 2.707173803306549
150 2.6367404851554674
151 2.6693208844606016
152 2.721690503952455
153 2.5918875532770813
154 2.8724991331074516
155 2.6873465192411716
156 2.7108552919259097
157 2.5822948386120355
158 2.5800840936316742
159 2.5921673799251117
160 2.6275831115273687
161 2.5903199327660307
162 2.534996575347082
163 2.5579057018748825
164 2.6295393804132923
165 2.6561837319223973
166 2.6563448723687313
167 2.5733863091838476
168 2.5530072288470853
169 2.6681893761483293
170 2.613520381895881
171 2.7162417520031785
172 2.556164185316186
173 2.5799459386567563
174 2.552387323515819
175 2.5654718826646503
176 2.612574557983444
177 2.77350783953394
178 2.584208110574251
179 2.8749628133992657
180 2.7350247853706775
181 2.72328264839864
182 2.5763498772952063
183 2.610494108415356
184 2.6550154227306706
185 2.851713980084714
186 2.653260064351593
187 2.5862143909515716
188 2.6138543477802627
189 2.620695759405779
190 2.868661315524752
191 2.7035213313708617
192 2.5905558873817207
193 2.607719691955614
194 2.6624524874763535
195 2.6079487914998207
196 2.608951373198308
197 2.5212763955053585
198 2.700081946648482
199 2.607544428236062
200 2.5755214113038343
201 2.665422079569257
202 2.5786218531682326
203 2.625589032332183
204 2.643610233253087
205 2.5982657665036726
206 2.505459278139047
207 2.676068009581267
208 2.625739888113023
209 2.6040344233531263
210 2.827680097072215
211 2.6488335310072118
212 2.6218683289011593
213 2.4933010736028596
214 2.7910659995951095
215 2.6871868020364937
216 2.710434468493058
217 2.6424144514028143
218 2.631465951736284
219 2.752743711803311
220 2.5367085576783137
221 2.639902340132851
222 2.6031986461845333
223 2.7673666314395047
224 2.656850192164836
225 2.697397096801987
226 2.6302800665722614
227 2.600307709392806
228 2.664980652295493
229 2.6634714720360253
230 2.6480254048683336
231 2.683338946115536
232 2.7888166269042873
233 2.6199434445413274
234 2.597086707278108
235 2.6898890108333875
236 2.7489814347508466
237 2.665752818855712
238 2.6491853071743745
239 2.6746023267468004
240 2.6713252008787487
241 2.6663991148875064
242 2.760210762720925
243 2.633607219565319
244 2.5387115491792387
245 2.755929601308362
246 2.6085132132386533
247 2.686314718244828
248 2.7116226967961565
249 2.6075527593543306
250 2.6155453928894956
251 2.562086091921967
252 2.6270685609077824
253 2.546772957072235
254 2.807218696410061
255 2.662810520721695
256 2.51652285651034
257 2.678523936453686
258 2.7120010725527166
259 2.652293859719584
260 2.6967568581780816
261 2.6311017829389205
262 2.6238385028755533
263 2.7414108573987552
264 2.6450838185268926
265 2.608508806845552
266 2.5563708077251834
267 2.563446056562659
268 2.6080705469398646
269 2.6750246614419466
270 2.5637115345912838
271 2.6613744612747263
272 2.836752581198984
273 2.6097033082654795
274 2.621605745026632
275 2.570557161473532
276 2.642590172369317
277 2.6259865031738263
278 2.55161985952408
279 2.614810718838073
280 2.7048776528800818
281 2.6763908747180802
282 2.5959888063035987
283 2.7535524210765048
284 2.527019532641151
285 2.6353720259192883
286 2.53882331526295
287 2.670400128676755
288 2.7041202887362705
289 2.6155333717224822
290 2.781663308814932
291 2.648314447050007
292 2.6475667823590476
293 2.914682454805552
294 2.7059029428045256
295 2.646350252672505
296 2.707349812693773
297 2.5815052880472185
298 2.5975156320418114
299 2.572321001149704
300 2.5245239405594457
301 2.6309648994696015
302 2.654424979121934
303 2.719321054847748
304 2.6779016356508887
305 2.6335063772419307
306 2.617512661081887
307 2.647880730949346
308 2.629365493927377
309 2.7076350338111395
310 2.5689376964219837
311 2.604803518326105
312 2.5764966205025646
313 2.612942390877518
314 2.636505434858119
315 2.6446643303968376
316 2.6648527205227386
317 2.7546657595739625
318 2.6282426641246244
319 2.617304513381972
320 2.607351375606882
321 2.6573492641503043
322 2.6258754105421294
323 2.6193356445962492
324 2.585473861401855
325 2.6218059049165925
326 2.7098435942191554
327 2.6348787984523576
328 2.548046543496572
329 2.633170377869057
330 2.706625330532815
331 2.606955051697336
332 2.548076917301608
333 2.6054924919907076
334 2.533473023161397
335 2.595257451791764
336 2.7193364621048386
337 2.53373880398821
338 2.6606164964995522
339 2.602618698298933
340 2.701294704297911
341 2.7820979516403472
342 2.7047781841787377
343 2.710808884756378
344 2.4492575304083672
345 2.560310078884943
346 2.7151910353939472
347 2.6065050272563632
348 2.7343263729681837
349 2.6699134873253954
350 2.58674659315311
351 2.634674176155539
352 2.5499483866281976
353 2.6365442980601754
354 2.640061026738532
355 2.5282163265486215
356 2.4895625944805246
357 2.617255902069252
358 2.7265073038350454
359 2.570122708763722
360 2.612701048330278
361 2.583899966090904
362 2.517904266655574
363 2.6488166376615765
364 2.7183829157334665
365 2.5780440152391373
366 2.658810608603604
367 2.5413722067873197
368 2.6507190127916513
369 2.7777672661201667
370 2.6428529388203787
371 2.681307021882936
372 2.4906295604544697
373 2.5478727005747523
374 2.843963965704965
375 2.619319138445946
376 2.533489308338297
377 2.6900431086908427
378 2.705242428355368
379 2.6147113278464804
380 2.6449814886695
381 2.7667579442554513
382 2.64238443345587
383 2.61159044690579
384 2.548257744356426
385 2.651103835082969
386 2.6423970267681507
387 2.6756774914516948
388 2.674893054621909
389 2.69426431312632
390 2.555058898061259
391 2.7097963232215774
392 2.6092030343771886
393 2.633476724697118
394 2.7212787574363793
395 2.7255565097127445
396 2.5513387281970434
397 2.6052509272595255
398 2.6332226280236046
399 2.696432498148908
400 2.854928710939374
401 2.5632003168475133
402 2.5654602392011014
403 2.5458554740169688
404 2.666141158564984
405 2.513256184682059
406 2.679221514724192
407 2.647607697431294
408 2.646208612327959
409 2.6975619125747627
410 2.5866354134028127
411 2.5207146253546817
412 2.628904233341277
413 2.529745282568238
414 2.4762207064696735
415 2.5473570565707893
416 2.668355763433019
417 2.6099508688900994
418 2.5585922665932386
419 2.6000111297143964
420 2.635468740480316
421 2.6854455333473792
422 2.6295544573264995
423 2.461048522012756
424 2.662498120158339
425 2.564644046457926
426 2.5175927120110693
427 2.64220872784741
428 2.5789663528437283
429 2.6547585049867184
430 2.6741054635850747
431 2.6140207710620462
432 2.760472379255941
433 2.607243996169782
434 2.6945569544627057
435 2.628700103425268
436 2.641350784191476
437 2.599045804247266
438 2.695552649430843
439 2.55676645029209
440 2.498534098650453
441 2.596751916291248
442 2.601255362326771
443 2.7153972789055514
444 2.638731078131553
445 2.7431568829187434
446 2.665118605028028
447 2.6272121522079077
448 2.7062133167145954
449 2.5561935492054095
450 2.657801004776272
451 2.719173771848889
452 2.6188636175533966
453 2.7473314266366224
454 2.7485929542805265
455 2.597166499015754
456 2.7302921480380884
457 2.611577394294018
458 2.673963064989628
459 2.656499565248296
460 2.7778110281764135
461 2.665716280631258
462 2.6007894559722597
463 2.7721560376259453
464 2.643083775692554
465 2.520491425145848
466 2.626638665804198
467 2.6750170231358776
468 2.654876153629113
469 2.6414402815344604
470 2.5803211890987106
471 2.646611421186373
472 2.6454557215059396
473 2.7334308401897403
474 2.6595105783007433
475 2.6830917262951606
476 2.6343642503388525
477 2.6296469632527546
478 2.6603468752574795
479 2.655437554423109
480 2.647240066076576
481 2.590292806905895
482 2.7256139728254696
483 2.6330968110091613
484 2.5740427783753477
485 2.5920511455183055
486 2.5494178833249923
487 2.70371799342539
488 2.7031340521078455
489 2.6584908789291113
490 2.625345310196833
491 2.6478882562856407
492 2.583879830782936
493 2.5936281656528157
494 2.6027773739242654
495 2.6293473618209924
496 2.7006072738939584
497 2.5942890267450776
498 2.59980619196162
499 2.5425762664275524
500 2.630586984596392
501 2.608862188653666
502 2.5817855044370086
503 2.6631579951384543
504 2.7401856346671845
505 2.671816142548088
506 2.645809355612225
507 2.622215792747867
508 2.7280847691703234
509 2.6505516303010155
510 2.59095532273093
511 2.588156377843855
512 2.5969959465703223
513 2.621679830025695
