0 15.426628018597302
1 15.630202449550781
2 15.71614159134754
3 15.837703207699885
4 16.66410953527518
5 16.52812321316839
6 16.517872345673556
7 16.653175217881323
8 16.1314227181698
9 16.173929666080685
10 16.58029834063822
11 17.275429025867684
12 17.20141007644555
13 17.997055891287356
14 17.09727945694557
15 16.708348474222728
16 18.04595410335098
17 17.23417072685994
18 18.164071741124808
19 18.02373060814899
20 17.336253290226477
21 16.607783104537525
22 16.996654436161222
23 14.029090815138893
24 13.024596440232733
25 14.19279569380099
26 13.900857968081448
27 14.338053750014778
28 14.885215827120449
29 16.332888638469857
30 15.232688343619127
31 15.416012254772614
32 14.77338030196475
33 16.02560331308162
34 15.741718735657098
35 16.162088681519222
36 15.986730068811905
37 15.230781440255377
38 16.2908645626954
39 15.641266484039988
40 16.68384150735756
41 17.65079866955876
42 15.36523929012084
43 16.944319063970962
44 14.498553599564637
45 14.43129011410626
46 15.608719790976822
47 15.35839884375407
48 14.431165617369464
49 13.994150253675265
50 15.175931294037055
51 15.834331438716239
52 14.37983324430309
53 16.018068156358126
54 16.589018961248584
55 16.88147277564802
56 17.725910219246543
57 16.631966375533626
58 15.223608846085043
59 17.114320854273913
60 16.464240694021093
61 16.040494652636642
62 16.7484294459407
63 17.271785297657466
64 17.187936734342593
65 17.19836214882329
66 16.762731882880498
67 17.13720706627762
68 17.41717696095527
69 17.190806746920554
70 15.266518428178362
71 15.292290584057218
72 14.735449743010529
73 16.162663489468926
74 15.980865751828366
75 16.039710546479675
76 15.78693426534992
77 16.8234242820744
78 16.8581669010091
79 16.54181586849385
80 16.267816888598475
81 16.64043697105191
82 14.383419808457235
83 15.534463274976202
84 17.246665044771035
85 13.546391342027597
86 15.520445820130446
87 15.685549009401388
88 17.61361255480037
89 17.02064343787845
90 17.08621154402313
91 16.62040082591247
92 16.829987001916017
93 16.175962117520637
94 15.353363545935274
95 15.477365656548201
96 17.259694852546083
97 15.917221641608192
98 16.5465209615386
99 15.544060925075938
100 15.230466462413286
101 14.836550795288527
102 15.107194392577858
103 16.537567144410016
104 14.756587438113243
105 15.044505315423615
106 14.595574037868284
107 15.891327089898912
108 15.438562339235485
109 15.681622251220324
110 14.199900561074685
111 14.577576073389514
112 14.344722927152215
113 15.368420693560305
114 15.914858120301032
115 13.897499480639244
116 14.562747035030444
117 14.949795453406354
118 15.055243845102291
119 15.070610204800643
120 14.685178295873643
121 15.274321921231598
122 14.215004322038787
123 14.960201322190636
124 14.440837999749963
125 15.117211362282239
126 14.22227861513168
127 15.988085504461754
128 14.791749212255354
129 15.803255723949318
130 15.089276989950232
131 16.612126276107638
132 16.164112847950115
133 15.876851690852002
134 15.583869915379136
135 15.721461437689433
136 15.70300348251007
137 14.88443871592842
138 15.160877628132829
139 14.852707443325256
140 15.633605804797872
141 15.36937412900911
142 15.786552918039511
143 15.431267380804787
144 14.675333891688343
145 15.875783414657596
146 17.35221147593492
147 14.917899678730798
148 14.588629261300149
149 16.09991821348717
150 15.079441232212046
151 15.836221701375521
152 14.99922752327924
153 16.171451653522674
154 13.848216593640487
155 15.907607034323458
156 14.20391946744135
157 14.587775613770464
158 15.756864675182126
159 16.052390591718016
160 15.86527163619037
161 16.006219040088663
162 16.55767624753232
163 14.927942793402764
164 15.01275121347697
165 16.66074460123659
166 15.913592114123299
167 17.038198153931724
168 17.180947676827923
169 14.955443992763353
170 14.967888740590867
171 14.218774352439775
172 17.290249643660182
173 17.400891039316715
174 15.584112370910297
175 15.333055600911342
176 14.655711111633378
177 15.409538079141777
178 16.317245139938446
179 15.814549720957505
180 15.260651250270275
181 15.956387209533641
182 15.586410174062127
183 16.640153231556894
184 16.332200527861684
185 14.966273727176612
186 14.462692809677897
187 14.515121949393434
188 15.159886269072851
189 14.954878765634685
190 15.39492059806517
191 15.10841685114736
192 15.35341990067802
193 15.235996606719102
194 16.90998968211415
195 15.90458652397975
196 15.616991662613655
197 16.379657946527658
198 17.116258591871404
199 15.385454576636695
200 16.3057324319298
201 14.914991025391465
202 14.575873023108587
203 15.099882960528396
204 14.474144752488979
205 14.200573450900839
206 14.765024128435094
207 14.460513917403855
208 13.95693787245402
209 15.291601747626963
210 15.48656974537209
211 16.158473930070592
212 16.774940798916937
213 14.54049031284841
214 17.010598111930683
215 15.922851268829943
216 16.303246647846503
217 15.723839667941425
218 16.16499208315699
219 15.023848329551116
220 16.654894468563654
221 15.93842560457156
222 15.413047469201434
223 16.924429989792316
224 16.209169551913558
225 16.03119691912434
226 16.423426684408376
227 17.565991559060457
228 16.585644721398115
229 16.213201073367802
230 15.052279735936468
231 16.05221482282191
232 14.988229433572048
233 16.76671046280627
234 16.681923511866838
235 15.908483021293627
236 16.005629682785326
237 16.501144351009604
238 15.035870504130916
239 16.476944080167122
240 16.43009593266296
241 17.725234944832945
242 17.6776220239329
243 16.676612325605394
244 16.85883407586738
245 17.078774643089655
246 17.730493280705716
247 17.071807885596222
248 17.849721693815514
249 18.154059688627605
250 17.013975097554464
251 16.772166382647942
252 17.95483217205124
253 17.029105727158623
254 17.296448009277608
255 17.254392177669263
256 17.59487985849812
257 17.70741016531254
258 16.70622787905023
259 16.786932953020017
260 15.635928028034101
261 17.406794062241694
262 15.821985084281861
263 16.020281046461932
264 17.759897971464472
265 16.497953283389176
266 15.509291298756594
267 17.80412649383584
268 16.930683198560182
269 15.629467522293455
270 17.442361455531024
271 17.08670766508344
272 16.447889186841746
273 16.20196596110832
274 17.587819746519234
275 16.75657414069213
276 16.80968699125738
277 15.896941301317739
278 17.06634931749204
279 17.618513896213546
280 16.326841964236042
281 16.444041116480243
282 15.976094482644495
283 17.706677773484177
284 17.146532069637058
285 16.895590714185584
286 16.65665239257226
287 15.300699728222023
288 17.762149867689512
289 16.205041614600486
290 16.55003989246726
291 15.636408712264814
292 15.773930317033459
293 16.82677908254778
294 17.276013496073382
295 16.42486475032806
296 17.0664506712329
297 16.111524828860194
298 15.938366878553607
299 16.861066238450636
300 17.710918160304356
301 17.465461851885333
302 17.090118387977174
303 18.190013716880358
304 15.521626791701364
305 15.216832852423332
306 14.488222109464454
307 13.669110116609247
308 13.916433351791218
309 16.257526833328047
310 15.795864695608996
311 13.500061834641976
312 13.474545821821549
313 14.300037166124214
314 13.123166501532129
315 12.552330925890091
316 13.308805723028831
317 12.868318633435502
318 14.063657099328577
319 14.264451880686401
320 14.843331709126497
321 12.27048102836257
322 13.370575529304007
323 12.479649786653376
324 12.57377689903973
325 15.76016935047524
326 15.601026211922845
327 15.058679809197283
328 15.178582099197918
329 13.1910117534438
330 14.29625847399784
331 14.910304928989447
332 12.630470203403446
333 12.865122947655724
334 13.177992112296387
335 13.645329948646149
336 16.516912863571076
337 14.980739320858786
338 12.268162515384931
339 14.78712347039057
340 14.867387487152769
341 14.488982759435354
342 14.368852318759766
343 15.423661724854014
344 14.53811678312297
345 15.426623659625383
346 16.098036674955157
347 16.24026302328462
348 14.23013876683841
349 15.240139532597189
350 13.46442859527414
351 16.55839092863675
352 13.08804400043314
353 15.412778541636733
354 13.405740441368032
355 13.81248251451917
356 13.385765210923772
357 16.139740581077337
358 16.58794460192894
359 16.654213566749462
360 15.837868008883381
361 14.060410321202763
362 14.350099998806282
363 14.124363612729088
364 16.151768773577864
365 13.331781729874896
366 14.172164186998868
367 13.722113750541475
368 14.302306011651156
369 13.173784739045773
370 12.653287975556855
371 14.072090031459302
372 13.18126049291364
373 14.003984590598241
374 16.55031483459093
375 13.88216081842318
376 14.913117360605526
377 14.929254318341634
378 13.602042128417434
379 13.826990895280801
380 11.9984510273786
381 14.018908532938482
382 15.07655150483492
383 16.871862450292372
384 14.145752867629152
385 16.18454731192062
386 17.257087069237095
387 15.866943112710693
388 16.646558573487624
389 15.805394390327839
390 17.20135065709808
391 16.3693974476527
392 16.802404854091318
393 17.211866282744346
394 17.611037923934564
395 16.88681421936963
396 16.66621589397186
397 16.643362078915214
398 16.175772786183884
399 11.967590355763429
400 16.119883726489704
401 15.946193093860982
402 15.258489450482122
403 18.077234973500136
404 15.903250042856218
405 17.270855577898516
406 16.741754816467914
407 16.32630576654596
408 15.683427277800071
409 18.056580068268637
410 15.033318065645249
411 15.646858888196093
412 15.425832343846867
413 15.628599367010754
414 15.798499254013983
415 17.99775158253474
416 15.630703248566967
417 17.052762836882273
418 17.683264701840454
419 15.81443613733413
420 13.640229134061626
421 15.322859226401226
422 16.039610595328757
423 16.140366478805465
424 16.55720820656011
425 15.986164873994907
426 15.92325392902448
427 18.36814104628613
428 14.266904718885208
429 13.756479646128895
430 13.560258435568032
431 13.690413729951317
432 16.941305497699023
433 15.779196463055488
434 16.40240395523934
435 15.436741274632428
436 14.908565833713505
437 14.371864712526262
438 15.323041436037904
439 15.86498437052885
440 14.508170757943326
441 16.233229807798107
442 17.86043691915423
443 16.22942034748381
444 15.688249724235302
445 14.19541878111038
446 14.375903942272753
447 17.134528235822433
448 14.032657457192219
449 13.669609112180472
450 16.196545939894992
451 15.182955384181168
452 14.924388601493602
453 13.256943069066514
454 14.561051664546362
455 13.262718297586954
456 13.812460967465368
457 13.814179769617152
458 16.27178921007058
459 15.554869510997012
460 16.854211291756265
461 16.512770644267988
462 16.48451983035609
463 17.14364418125852
464 18.29443963152168
465 15.541942563419749
466 18.67661530390855
467 17.047722490789663
468 14.636410295498989
469 15.180484126236749
470 14.16223272840945
471 16.114713439843793
472 14.392770473759242
473 14.84702533255244
474 15.76914691235246
475 15.36777697595384
476 15.821290604626855
477 13.59388531429958
478 13.970315155098277
479 14.68363235756968
480 14.976323791480338
481 14.39633209653589
482 14.013776242449014
483 15.456273573392231
484 16.05264788134238
485 16.613159503729257
486 15.37433796465532
487 16.507002161426442
488 14.76205258439172
489 16.280824082893695
490 16.03889682119053
491 16.56649840508285
492 14.596807653262575
493 15.505718435035037
494 16.271829018566205
495 14.983961305833846
496 16.470505295577368
497 15.121717233209761
498 16.161753466690463
499 14.756794832250005
500 15.080681535173975
501 15.47169023109668
502 15.069290696049757
503 13.757910950450048
504 13.880918665141023
505 13.188588543575973
506 14.587607631882959
507 13.074304175605322
508 13.249509089031417
509 12.714234137492726
510 14.23005849326204
511 14.88548014021931
512 13.651421475276882
513 13.90572355705208
