0 3.183876026212533
1 2.6512859198920578
2 3.2267824857687857
3 2.9950558222491983
4 3.1737363610218097
5 2.8318721628106798
6 3.0052529289139165
7 3.2504713787677915
8 3.1544322533656843
9 2.880657749242735
10 3.2147341969142347
11 3.0331674728639775
12 2.8401757016919382
13 2.574530605678308
14 2.701719259230747
15 2.8849301820660136
16 2.645217753615802
17 2.6838794092603195
18 2.7205266796499643
19 2.7082546562135006
20 3.1337666092515484
21 2.6915248385337067
22 2.602215771589269
23 2.5974946876784966
24 2.6352434569011263
25 2.6486277473236792
26 2.934825202462855
27 2.6456365353905267
28 2.5275927159786984
29 5.503868413385629
30 2.6818449927066967
31 2.5590658660014736
32 2.88377804786927
33 2.5373323861652075
34 2.5836520419998092
35 2.7336593868068935
36 2.882681118781432
37 2.8156293824051493
38 2.6615538882244323
39 2.6816619238577464
40 5.9891557284801085
41 10.848925807107976
42 9.257541887186346
43 8.648700637206993
44 12.33297985339004
45 13.366702592353553
46 10.929046275241884
47 15.55653253490975
48 8.036746091249857
49 2.615393900102317
50 2.5944788745087943
51 2.6252326950699993
52 5.292086284920573
53 2.6375824149724547
54 2.6931004731782116
55 2.626061689976064
56 2.539953713548181
57 2.561745999304441
58 2.6830866687697044
59 2.6388753305947295
60 2.958721353281369
61 2.6697714746036434
62 2.656163501744554
63 2.654696955633946
64 2.537612721334443
65 2.6377664630293083
66 2.5306165787845645
67 2.7779128541408067
68 2.6898237379918606
69 2.653502359470252
70 2.64655273525674
71 2.704657620940049
72 2.623855812666727
73 2.5257869045323367
74 2.63961263026294
75 2.5728018704440694
76 2.5214684125431406
77 2.51950100517778
78 2.679594075984599
79 2.6177089646131835
80 2.648319807341454
81 2.7379723855897526
82 2.674484730943423
83 2.6010184926159323
84 2.705574986296639
85 2.588300524977311
86 2.7904246478523316
87 2.6054776792262877
88 2.626479785789575
89 2.986836659989835
90 2.7635776018098843
91 2.7015907969422672
92 2.5224214988025486
93 2.5904792390934785
94 2.5173593722857057
95 2.625991418193213
96 5.284121521900245
97 2.570479382162112
98 2.648814329520491
99 2.887318768966355
100 2.5934708090493297
101 2.6409955260982927
102 2.6669457120217768
103 2.6540626484577445
104 2.594528416838931
105 2.5900495035517475
106 2.6211805953545944
107 2.9918548882278087
108 2.684006096195792
109 2.7210116718943853
110 2.6679430933810053
111 2.7892717143592884
112 2.6779969778407793
113 2.6583252365325793
114 2.5968483664922406
115 2.7865835373721453
116 2.829291821777192
117 2.685831038356461
118 2.6866463668955514
119 2.689681830810148
120 2.9277737660291794
121 2.6112011412696576
122 2.697935735874575
123 2.6127928540137018
124 2.6080363836799405
125 2.7249122234748793
126 2.699676402979337
127 2.8050559256971734
128 2.619387568836395
129 2.55735882790705
130 2.5171291248658694
131 2.6815390650409467
132 2.836889772616508
133 2.6535402581958984
134 2.686907686140848
135 2.633863274237425
136 2.7887978941686615
137 2.5883762707565126
138 2.6559276384709105
139 2.735553374127484
140 2.9538924958522403
141 2.6567745367656856
142 2.600618001297705
143 2.7266569097558113
144 2.788748515679084
145 3.0424788783985837
146 2.6628213690656817
147 2.630553871922861
148 2.6112219080844534
149 2.635705665447731
150 2.6836121287802857
151 2.6483837460129194
152 2.527293859668688
153 2.6524303176108908
154 2.618515110421135
155 2.816527043998337
156 2.659776230440156
157 2.5317622668249835
158 2.6403410098518454
159 2.630816631413247
160 2.746635596296732
161 2.5757523213168882
162 2.6221118557453185
163 2.5165687605285374
164 2.6337680801345775
165 2.9208982245918986
166 2.714104972124898
167 2.568913359028869
168 2.7125158884618137
169 2.565507676071916
170 2.5521149999220714
171 2.6542862124646502
172 2.8064456590704836
173 2.5787305434229073
174 2.8063400379087944
175 2.6507602999306026
176 2.6378349501688527
177 2.586808607358516
178 2.6186256251849738
179 2.6656060877506964
180 2.5858821756628916
181 2.738007439871605
182 2.644603364273808
183 2.6939173555406053
184 2.5771803028038027
185 2.6697437847053105
186 2.56291150065894
187 2.7067977534912697
188 2.6293387043742475
189 2.7608933950745485
190 2.662856835302458
191 2.6884068871753657
192 2.748154653181318
193 2.662042887205535
194 2.6075270476667285
195 2.714665135206898
196 2.562220948321885
197 2.5863217666734544
198 2.9185122374558308
199 2.7299865063181787
200 2.7680793308079643
201 2.671460437896796
202 2.617958236972767
203 2.761589346375885
204 2.6215408824188335
205 2.581768673682731
206 2.6531765665517755
207 2.618145900198229
208 2.5511119100977755
209 2.6130165141738257
210 2.589751760813156
211 2.7062848647807907
212 2.8247595277720134
213 2.88895049356119
214 2.7297238719999046
215 2.611170172422513
216 2.659870213649398
217 2.5471150215596525
218 2.612913618603789
219 2.637030426456111
220 2.6564776110822046
221 2.676315273439032
222 2.5516014691931943
223 2.679194778262746
224 2.562996740170182
225 2.640627114448577
226 2.60179328635939
227 2.6913688805479694
228 2.6117638682248168
229 2.6577073296892246
230 2.798290925249764
231 2.8822303075779243
232 2.6175149125383217
233 2.609930315626157
234 3.0145881417955684
235 2.8158865861482805
236 2.7366244968859106
237 2.7344090338281544
238 4.9781941218809695
239 5.662648826252026
240 4.53147243105592
241 3.8680407849035743
242 4.9719848514819285
243 4.960815401488999
244 3.5458809263788322
245 5.93731682214197
246 4.530072634568875
247 6.372194299116214
248 4.734950938600744
249 2.7385394496339033
250 2.546006221965527
251 2.652507358922697
252 2.717926553516866
253 2.566299817899251
254 2.672145234837218
255 2.612763912474207
256 2.8531614791469364
257 2.6888789773403485
258 2.7619313885350816
259 2.6966991334572246
260 2.7816347808187327
261 2.6456252690499356
262 2.780245700818063
263 2.7562357138202054
264 2.737430230048645
265 2.582487078171555
266 2.5119399519552785
267 2.603262082795069
268 2.5892971700894143
269 2.7381880130188683
270 2.6542710389060074
271 2.802431127579255
272 2.5851095352453743
273 2.757947169693352
274 2.5255682869645186
275 2.590306470298355
276 2.634392841947597
277 2.7166156325262856
278 2.8991458611769856
279 3.4173826132847673
280 2.6153632394938593
281 2.5843859087815235
282 2.8464322695071957
283 2.640427496123485
284 4.012925861020536
285 2.692781175738222
286 3.4798982425255613
287 2.697898388604019
288 2.8243387524734116
289 3.0801953581200108
290 2.6643955677668907
291 2.7219889052482107
292 2.8561177221949063
293 2.499714165482945
294 2.808180582859473
295 2.653516188232136
296 2.81046395449199
297 2.5319818113368084
298 3.2694321324803575
299 2.738733586454477
300 3.528751795568024
301 2.6925420566273526
302 2.761707491074861
303 2.786813642963372
304 2.746815524447568
305 2.9533760329509318
306 2.725053005112701
307 2.84099622912562
308 2.8791252875598605
309 2.630547679479154
310 3.935629812570355
311 2.684197584359715
312 2.561014323899433
313 4.140827724177371
314 2.5306542761135336
315 3.1047761169490222
316 3.503482836482501
317 2.805773940572939
318 2.7863505201571015
319 2.634562330222882
320 2.7615038520856965
321 2.6534383862963957
322 2.6908143621702396
323 3.296368812006196
324 2.625052469541556
325 2.8065338916898948
326 2.636381725162398
327 2.6704672232110997
328 2.641040360792569
329 2.6554829946021132
330 2.671462262677669
331 2.964827453928028
332 4.437103390624381
333 2.6408891811050834
334 3.718990025752116
335 2.705552576109043
336 2.7775896920290277
337 2.7775521912009333
338 2.8807120978085554
339 2.860966338872331
340 2.611456078392695
341 2.8789279892039166
342 4.235178868006597
343 2.5836563256291374
344 2.951943584807986
345 2.893562784530347
346 2.937813845703833
347 2.931666741877003
348 2.8999149180973434
349 2.787957034844375
350 2.8057181219663305
351 2.7331126936723327
352 2.7910767513059045
353 2.537520546386255
354 4.91399902186818
355 3.6920315446940846
356 2.8793040025991634
357 2.8217853551491405
358 2.7765772212237696
359 2.7738306915918614
360 2.898346877766449
361 2.607453043419801
362 2.5758946007534993
363 2.7377523742549905
364 2.593742356759719
365 2.719877921301442
366 4.2613236054949635
367 2.6759261094821523
368 2.8527057509163494
369 2.7688268794346174
370 2.594043068960798
371 2.597099941772222
372 2.6954821629938963
373 2.5934159120419733
374 2.663664373606457
375 2.9159712030082487
376 2.6270920599032186
377 2.53245205914615
378 2.4912705478053634
379 2.6222164327318955
380 2.5783756850702506
381 2.5917057860848205
382 2.6881265674584847
383 2.6869700990141414
384 2.64456669446347
385 3.1552584716301526
386 4.300832255283659
387 2.591961463114654
388 2.634550214055691
389 2.6234215318808864
390 4.0164844708955805
391 4.684882324464824
392 2.6752019915657534
393 2.6764950338420883
394 4.257067275804451
395 2.753771608905399
396 2.913480287959834
397 2.5994574517235765
398 2.5286069417645294
399 3.1790554636757262
400 2.625122237369028
401 2.891734889796669
402 2.8860459391565816
403 4.268343260719969
404 4.845304526106396
405 2.713633446775648
406 4.0630843113894
407 2.5650969998048194
408 3.334026677731679
409 2.664125368916433
410 2.710179121689363
411 2.821482815927697
412 2.6902917876392194
413 2.8078830765323555
414 2.812479367342559
415 2.7883659643459926
416 3.0615145761450844
417 5.6073977703921125
418 5.145340034799823
419 2.765320883487293
420 2.6125538511434216
421 2.9138967827389712
422 2.668091314209898
423 2.6367478076809445
424 2.7740014615215305
425 2.6171138491606225
426 2.712647000292956
427 2.736362236630482
428 2.9189118041701874
429 2.599788447542871
430 2.7484366491879593
431 2.6808237425375583
432 2.753452349872559
433 2.879289730437603
434 2.89910321844689
435 2.633489210830193
436 5.1648703700067635
437 5.902802170666187
438 6.320514192404656
439 5.358525210607082
440 5.156635198355239
441 2.6893835592475286
442 2.767202419493698
443 2.678991592350929
444 2.4744777045759307
445 2.556430747020309
446 2.739126694930448
447 2.5115278812166983
448 2.741305616967894
449 2.8058906773300687
450 2.702725145340496
451 5.4377741728882105
452 6.006943599922753
453 4.287205500146402
454 5.444057570555959
455 3.068275360755013
456 2.9710942719443976
457 2.900875328970848
458 2.818584578781112
459 2.618179281826539
460 2.612257938474495
461 2.6714564294410508
462 2.582390775562146
463 2.6550852688709172
464 2.659241993740831
465 2.559846135350091
466 2.6654000650073937
467 2.686694452180854
468 2.6184950570928383
469 2.605840367891559
470 2.686563859202399
471 2.76343069811353
472 2.516486598850249
473 2.684693817275011
474 2.6261064780512355
475 2.544654214622597
476 2.695933360724772
477 2.6732225255509636
478 2.8394271048526774
479 2.638911540118305
480 2.5483286435640857
481 2.6825345612232296
482 2.6744076169148374
483 2.6167111153037093
484 2.826482261707593
485 2.9337657594932494
486 2.5945183867498045
487 2.841386485126103
488 2.700400528527902
489 2.732239472780086
490 2.687702847511058
491 2.732888280195535
492 2.7311602306277614
493 2.672704159065065
494 2.764635148025882
495 2.6827314727143885
496 2.7548964655091908
497 2.6871766894697693
498 2.8053316885924913
499 2.8811662670681066
500 2.927264406425677
501 2.9945281043687353
502 2.589572758719369
503 2.4757976921436664
504 2.836880475347372
505 2.622085735781519
506 2.6315366139206398
507 2.569975079369449
508 2.6200042061205298
509 2.6606704111362913
510 2.5189904765376268
511 2.462985763293051
512 2.580989368536319
513 2.6904503715262758
