0 6.498521743799401
1 6.656386258116275
2 6.825075489659677
3 6.646567633718933
4 6.9370186594041865
5 6.755566924301374
6 6.886099418922596
7 7.160040072890771
8 6.984104112731742
9 6.738546752984852
10 7.002151812464083
11 6.84860047727578
12 6.829835001787859
13 6.415160449248595
14 7.036698004180653
15 6.061580119412324
16 6.116127386781129
17 6.543135338999892
18 6.310796721628054
19 6.1085679708075755
20 6.658181848675037
21 6.040769136518802
22 6.788912190914712
23 6.096897432865358
24 6.399268494707279
25 6.576159439229658
26 5.748279286058229
27 5.992639091534001
28 6.945846401807914
29 5.814410793002082
30 6.865393145473844
31 5.542707573259822
32 6.911794166593917
33 5.898253711560988
34 6.4941984073975245
35 6.740071217005888
36 7.2316067755307465
37 6.177217950464352
38 7.114658861448935
39 5.686802396819701
40 6.854070106307374
41 7.304623935809254
42 6.599631447478441
43 7.349844942684734
44 4.7712232593824755
45 6.759820419512739
46 5.326310966945374
47 7.70347112354461
48 2.8056196080972557
49 3.267711995982155
50 3.5783939100777062
51 4.30695179976263
52 3.118545306139855
53 3.5208526653611245
54 3.8048190872327567
55 3.321877758074744
56 3.3017356276176715
57 3.712276769162534
58 3.604724795876507
59 3.5741353087219716
60 3.6171810283161108
61 3.5349315193134934
62 3.1863610137911142
63 3.2093470993824162
64 3.3958689000422493
65 3.4865174486579296
66 3.5818493174521504
67 3.9361853350440033
68 3.19547408133307
69 3.8165041444780985
70 3.152428369664309
71 4.102001009021435
72 3.9127070532199055
73 3.388767606593728
74 3.3250285157824875
75 3.1995589482218496
76 3.5001903292680043
77 3.298181885171246
78 3.3788517484337754
79 3.492089811418639
80 3.371316941695168
81 3.0551684930374035
82 4.0631186399922194
83 3.991257962395064
84 3.3158052515327276
85 3.6070078649035127
86 3.423433802943421
87 4.117930798729995
88 3.2735639888887462
89 3.264913166814438
90 3.983356197617179
91 3.5716399324011516
92 4.5950180178166375
93 3.625474065584216
94 3.286589873717543
95 4.183793604157912
96 3.2731476520907257
97 3.645795063870795
98 3.4562333247433275
99 3.324200666294171
100 3.2543069873518555
101 3.589163866947604
102 3.231390922825447
103 3.2210866528610436
104 3.9027779585650966
105 3.297258706013938
106 3.4295183910367135
107 3.541785087537801
108 3.811999265796611
109 3.3373747163541148
110 3.2901258821242676
111 3.149777338102571
112 3.54428730668005
113 3.8150829357525167
114 3.3738664809427257
115 3.2153819318070376
116 3.5002427765277258
117 3.602741248808933
118 3.2169486146515283
119 3.4434472621336667
120 3.548466919916174
121 3.212803999034682
122 3.5339836924104056
123 3.397418442342388
124 3.428710793731087
125 3.4731290382164954
126 4.2247446230511185
127 3.476650693547489
128 3.331218160668294
129 3.3247599575562234
130 3.3895840178436125
131 3.4929313506866992
132 3.287698250504861
133 3.409095594282306
134 3.5658297604551863
135 3.289349693066176
136 3.2653785828791073
137 3.4930679185896185
138 3.6455451909296777
139 3.2644056777624515
140 3.355131025919451
141 3.286663100178179
142 3.3134667985547757
143 3.1729401495655387
144 3.6083634700040874
145 3.2579842155253704
146 3.763171916901162
147 3.685924603280404
148 3.8867275366957554
149 3.1794214935010148
150 3.5080665314480024
151 3.308773002459725
152 3.4605147285473925
153 3.3935824022371692
154 3.20732141613999
155 3.575280491916261
156 3.0273900384043086
157 3.234296678660957
158 3.2126551669662153
159 3.5899475427607714
160 3.9270019037460857
161 4.333998147378135
162 3.484972715347722
163 3.1992987201422287
164 3.194960490658106
165 3.2866401622685655
166 3.7432548416826648
167 3.69472986120282
168 3.380626516438467
169 3.6027645358568594
170 3.9672392342775282
171 3.5869685040543415
172 3.4713164870250477
173 3.2918421535320594
174 3.7718625627441558
175 3.392270536584795
176 3.2291658070065115
177 3.4652077873553218
178 3.3764395483211853
179 3.55829522359699
180 3.217088682479587
181 3.3874615852678103
182 3.7695640407118747
183 4.145103846138915
184 3.3246330070201604
185 3.31185626381392
186 3.710079548517568
187 3.191295520535132
188 3.3476124205197038
189 3.959951610776893
190 3.53169930622532
191 3.8981441484554935
192 4.160544176801704
193 4.237322866128998
194 3.396258896773235
195 4.3560886816527695
196 3.470944737386917
197 3.858770290354008
198 3.921937756714572
199 3.270904264076265
200 4.142520977842076
201 2.9598083436757667
202 4.339423866866878
203 4.005533869852193
204 3.5982184156217714
205 3.52819473476752
206 3.167015064536521
207 3.242146331773224
208 3.5374065637580605
209 3.455440386640727
210 3.139023167409962
211 3.6093061847123185
212 3.744161321052483
213 3.1881179106307016
214 3.8407302167077866
215 3.439544802339478
216 3.2881329979910348
217 3.197260033307633
218 3.576586616577568
219 3.3992241707574604
220 3.428506503336266
221 4.481111217998291
222 4.375063910444338
223 3.6025339768823783
224 4.4274763849836445
225 4.064361924948093
226 3.9346633800957855
227 3.35610351996798
228 4.456143291849983
229 3.5316402171804087
230 3.1709911638101302
231 3.948289808720522
232 3.21999143758864
233 3.233302390416789
234 2.927234546130146
235 3.323192586723292
236 3.528863551158289
237 3.3556768263504777
238 3.4353469638894656
239 2.5377253138072713
240 2.5890700457516953
241 2.6637963789919676
242 3.5259647007956314
243 2.6332863927428325
244 2.65452620486896
245 2.8012293679301044
246 2.8143272870800353
247 2.6763296178781357
248 2.4776325391310716
249 4.21557169720589
250 3.2698446195238047
251 3.870093740783193
252 3.5577528572309336
253 3.407657802038021
254 3.614448758374082
255 3.2574368761408907
256 3.557070166112179
257 3.555573316493776
258 3.421089882347682
259 3.477196913743559
260 3.8033868603684153
261 3.2093326865499603
262 3.8911752771073878
263 3.315987071493007
264 3.7718853754856436
265 3.9821656502508134
266 5.686983857565056
267 3.3641666503602137
268 4.119435003497811
269 3.901125677955331
270 3.970870406607413
271 3.579545803464063
272 3.306116341484195
273 3.763108265761421
274 4.418904833366198
275 3.5097877420643293
276 3.9403536138990205
277 3.61832237649646
278 6.8577529215004915
279 8.093577330463344
280 8.050556816774856
281 7.026474232630792
282 6.244683452105856
283 6.324881814770428
284 7.37949328003927
285 7.507371429032511
286 8.111171896120908
287 6.647991512481411
288 5.976027292431658
289 7.348000090397754
290 6.97202462780584
291 6.882824289710201
292 6.366837518986494
293 6.4078871005170015
294 5.544845711792326
295 6.450466668715106
296 6.179178277981695
297 7.279899279321166
298 6.972076314721305
299 6.893425664270674
300 5.798181048332682
301 6.487177601228156
302 6.008820662062303
303 5.632026643343561
304 6.386652023195456
305 6.444213879194083
306 6.61028250114911
307 6.115545257277514
308 6.122229584340552
309 6.80533315769886
310 6.113702300422326
311 6.825421720770514
312 6.024724733547232
313 5.631862949898554
314 6.521663277241851
315 6.747132336179625
316 6.298281955195582
317 6.427333802661371
318 7.323140195859545
319 6.290122876628582
320 6.18638170458729
321 6.09674205032482
322 7.1218051173273205
323 6.737329170749124
324 7.446972674799373
325 7.03005940687177
326 6.832529270493142
327 6.433841152015817
328 7.024876701379888
329 7.34053612700557
330 6.756611639070109
331 7.245414590142561
332 6.915425431260295
333 6.322860210717873
334 5.7536944372193455
335 7.19280856796569
336 6.638149842161425
337 5.947103902798746
338 6.951471257266815
339 6.7119812983156
340 7.278192382082757
341 6.671210336355252
342 5.8497981398916785
343 6.636870709028252
344 6.376888514369884
345 6.1088952115856445
346 7.093977056475684
347 6.75825180267204
348 6.53274271552484
349 6.233459506250942
350 6.5859855653807475
351 6.162909936313402
352 7.013925944265722
353 7.291537215771678
354 7.124122449536407
355 6.262255748649964
356 6.199873990727509
357 6.999560583550633
358 6.645204254896107
359 6.287155598058514
360 6.1809433309311705
361 6.754599623151808
362 7.381327012572381
363 6.850491806669423
364 7.284759515905374
365 7.064053383481621
366 7.4591278002466295
367 6.949094240730804
368 7.624645962764939
369 7.798685834722249
370 6.780049238620963
371 6.725842223842129
372 6.585075424699394
373 7.162052000380689
374 7.8228357563016235
375 6.803831138959814
376 6.939267173004608
377 6.815702450797606
378 6.4375367267162495
379 6.814923856631167
380 7.586409004406911
381 7.723604769275348
382 7.579185134212097
383 5.588962582950579
384 5.9641660220914545
385 6.680668937133423
386 7.188501533104386
387 7.5724951197264305
388 7.705698161957633
389 6.320024143758558
390 7.5754195190724865
391 8.075399018759587
392 7.736784531738934
393 7.8671710903811425
394 8.433973635358695
395 7.375693543453786
396 8.254873306014222
397 8.194898371345833
398 7.976132838497679
399 8.312919048125327
400 7.668314608083899
401 7.828956719004508
402 6.870270067311598
403 6.276765316013965
404 7.138199302971525
405 7.356422510192947
406 7.121951466036636
407 7.181116113976629
408 8.155259333892037
409 7.67516356374758
410 6.507745063540567
411 7.42724317755858
412 7.292277265470758
413 6.358499205872167
414 6.385693755527586
415 6.209601822962572
416 6.233730517489817
417 7.7099611964532055
418 5.253376409711712
419 6.34803987321977
420 6.332177884024606
421 6.594798126335393
422 4.503222994273909
423 4.112531798320116
424 4.137448112000827
425 3.993563879743511
426 4.177962456084257
427 3.2059882820343177
428 5.710557441105969
429 4.227256172911041
430 5.515283079273191
431 4.074495440018743
432 5.28614859214719
433 5.955031526224387
434 5.538369495966
435 3.7778351168918403
436 5.444388179190626
437 2.6503204739734794
438 4.35747555487735
439 3.357071618273781
440 4.534316401684979
441 5.7621283415607225
442 4.629513230911637
443 4.249581205028442
444 4.140695754883715
445 3.745913598189198
446 4.86479642887849
447 4.454097891240927
448 3.75796830452321
449 4.340553056102391
450 6.038628539776385
451 7.9840314735039675
452 8.173361834478484
453 6.702351205732076
454 7.104722857642049
455 6.170474467019235
456 6.142233855543539
457 5.878798619549455
458 3.3323787873127704
459 3.3782936596916846
460 3.2602061602154153
461 4.516103427740481
462 4.501712353740521
463 3.7374056188516596
464 4.06881495535595
465 4.258420176458729
466 4.178815565911424
467 5.074691325572864
468 3.544107494630896
469 4.395638080052023
470 3.3990113295155036
471 3.5879790104024525
472 3.453771133794164
473 3.421326375316987
474 4.823195242951177
475 4.068562080989023
476 3.9039191230497354
477 4.049207400392142
478 3.656032545149252
479 4.31342269331931
480 3.6574775488578646
481 4.591036107336697
482 3.5348214674822676
483 3.478088502649298
484 3.5449201332965368
485 3.4436074703988333
486 3.702274320148006
487 3.8132634102879552
488 3.546036293697375
489 4.283473158063473
490 3.1131515666636607
491 3.5029389667885966
492 3.91946115948974
493 3.443912401833794
494 3.9138764822267738
495 3.457140389147342
496 3.6983155518337965
497 3.577489686177067
498 3.1460598904282984
499 3.411892396893076
500 3.644945807386198
501 3.504658986337695
502 3.5357186733233696
503 3.2715150812723213
504 3.0044135536542216
505 3.2881350203288537
506 3.4433244258109634
507 3.4365468636932954
508 3.6527934063127456
509 3.324748679634552
510 2.9215136203115804
511 3.1019073253213505
512 3.3920362387665666
513 3.349323611802236
