0 2.6735513876967403
1 2.7244499715694785
2 2.6521225792798786
3 2.80584592154445
4 2.7945445680124745
5 2.9156361815134155
6 2.9544673601283797
7 2.8733373346295217
8 3.306430790690808
9 2.864775300962985
10 2.8582325910043167
11 2.9008508124734727
12 2.781417293990861
13 2.817960449248326
14 2.7636495538525154
15 2.788640043053614
16 2.774771064286632
17 2.78150383963174
18 2.7917368384643977
19 2.8545989165845596
20 2.849440320752028
21 2.6368657101720996
22 4.104018753088288
23 2.8439254759752397
24 4.21921989738173
25 2.925026967306036
26 5.334425422610282
27 5.159109259301938
28 5.54851536439204
29 4.261311115991545
30 4.755072146162315
31 2.908079713980498
32 2.882762387033164
33 2.7556303028338665
34 2.6432140125975545
35 2.8136020898159315
36 2.82856589620549
37 2.8489327304603953
38 2.8619588134172376
39 2.7865190019678456
40 2.9653609018217306
41 2.6805517828983905
42 2.7639710836083458
43 2.790411272399865
44 2.931594734185067
45 4.835216630909994
46 3.09993797927071
47 2.8447662732248253
48 4.152776970474697
49 5.0350494349871
50 3.085719056709688
51 2.706572315067602
52 6.284053457964959
53 2.870592463143594
54 2.925025315866224
55 2.8143492167426256
56 2.78449311419053
57 2.8673478976441187
58 2.8928649908623045
59 2.931648087224731
60 4.727611219072508
61 4.926311917684398
62 2.7103013442322768
63 2.8430828919864704
64 5.071088903657892
65 3.0190685153073
66 2.6515791465349325
67 2.7559543539594547
68 2.7836247719148033
69 2.6902241992474565
70 2.708794116604671
71 4.65918064535824
72 5.21847260044365
73 2.6081181158835287
74 3.0281504157800136
75 2.761511333266038
76 2.918559745914542
77 2.891088581487684
78 2.9408567643883043
79 2.9455946634343944
80 2.8269410865833597
81 2.702816391845151
82 2.717567623652591
83 2.660507470946582
84 2.8284341568165456
85 4.565047752442313
86 2.6286759016699652
87 2.805473231224499
88 2.8857217956855634
89 2.792126920128575
90 2.689212763582965
91 2.658155454940173
92 2.7242163952112883
93 2.7730705427103195
94 2.7550359048312894
95 2.6912535157746182
96 2.7980357800985556
97 2.679002059540609
98 2.6585737095290534
99 2.7271083992601257
100 4.517615433389111
101 2.7479982364402287
102 2.730284295091912
103 2.6767855784497887
104 2.806284288280407
105 2.6714256918120705
106 2.6328176117747195
107 2.877208127986443
108 2.6842840167095536
109 2.6381178848693434
110 2.8359805415652373
111 2.69534186561327
112 4.0219260891474296
113 2.698503850726163
114 2.734086109602912
115 2.7085054996015816
116 2.7432875008031408
117 2.666750038542753
118 2.764843952186755
119 2.8723758246831532
120 2.7549999819258915
121 2.910240096931717
122 2.7245447003073884
123 2.632102317766026
124 2.728341494035085
125 2.7404699902206735
126 2.695544182603278
127 2.7062460109372606
128 2.889548304457006
129 2.7752405609175006
130 2.76440286962439
131 2.6908599504245334
132 2.8220956044886205
133 2.844420374150086
134 2.8056419111299253
135 2.841570943128509
136 2.8494709487997048
137 3.067762144910323
138 2.779181849907429
139 2.7452420237421653
140 2.7753370558060433
141 2.757195332100303
142 2.563745151151217
143 2.7340027135317464
144 2.8210683458391164
145 2.680472035106882
146 2.742580489673298
147 5.347683214895484
148 2.786843695513893
149 2.694404686657541
150 2.9834725469043306
151 2.911524556648769
152 2.925304814841365
153 2.7768671378347696
154 2.6420303726565093
155 3.039727109444786
156 4.446413090478967
157 4.573831421074205
158 4.337023056311893
159 3.8853205167175795
160 2.641394139651972
161 2.7942003791878784
162 2.9060845218415223
163 2.8238994967363515
164 2.651925705455581
165 2.881849325171424
166 4.569512315898896
167 2.9119733730841477
168 2.737587059899569
169 2.932399204841769
170 4.122125590591267
171 2.700455186769488
172 2.7236777132622296
173 2.7274952922294005
174 2.8773540222117404
175 2.7282146350755307
176 2.8219616703846797
177 2.8794632594842273
178 2.764565771995575
179 2.758222854567643
180 2.929548132555695
181 2.692651775128195
182 2.7231998998967417
183 3.0075461475427536
184 2.962556926830177
185 2.6955830269291443
186 2.7585657119649363
187 2.786504644941401
188 2.7083620891857505
189 2.768130320002517
190 2.766389149741647
191 2.792996770744099
192 2.654994312086713
193 2.844187885529164
194 2.6465409104993545
195 2.9822798625750817
196 2.7835827001892204
197 2.845147428057537
198 2.946669741569746
199 2.6937326378057347
200 2.754397151900995
201 2.8115533114620455
202 5.117238778884431
203 4.650250706549018
204 4.648527146730362
205 4.7642280196789795
206 2.8053815833677462
207 2.7324978401418516
208 2.77661683957352
209 2.8618952980130494
210 2.8248689317592564
211 2.614279747023715
212 2.808697315513698
213 2.7455341357401304
214 2.8017831415699512
215 2.8339793626997882
216 2.8435899857987352
217 2.6770339916807835
218 3.074197816477022
219 2.7456234803562243
220 2.81676071358855
221 2.7946196761664743
222 2.795031193623018
223 2.7346602552978014
224 3.0190372947999315
225 2.954600349631751
226 2.8350836515092275
227 2.8242338090143577
228 2.7064303413502544
229 2.7399426743220134
230 2.7389587793482235
231 2.7199737460994764
232 2.7219815878313374
233 2.963909207858676
234 2.8472695109311505
235 2.7338828342056054
236 2.8551456964982203
237 2.73799862082548
238 2.787267092431627
239 2.863926766316242
240 2.810576348453047
241 2.634163686910115
242 2.7540351304559056
243 2.814028112075215
244 2.9795055422963506
245 2.929456039676271
246 2.754701402258114
247 2.774006350596857
248 2.8723661824056768
249 2.704459925604974
250 2.828341061936895
251 2.8585317673398594
252 2.8270589189756716
253 2.8557012847230356
254 2.6775764012799135
255 2.734295007935812
256 2.8178124712051997
257 2.8623877509526463
258 2.8413354310831873
259 3.0027706398085865
260 2.9687224056735286
261 2.775472520595271
262 2.7544141084084206
263 2.780038359541145
264 2.7258962165676763
265 2.898298404741227
266 2.792046386776912
267 2.749350699370462
268 2.772772812651577
269 2.910301389816343
270 2.957214123952225
271 2.9132703411037024
272 2.7478416871932665
273 2.755598996115146
274 2.7938582703873753
275 2.876204970694393
276 2.8961421044178435
277 2.71628725884095
278 2.6933271185669847
279 2.87987357685829
280 4.964353027487559
281 2.839772038472043
282 2.7435535246328704
283 2.6886463737971518
284 2.7527989470596452
285 2.8264526142803916
286 2.9455035327047767
287 2.7341417811153073
288 2.836641790470333
289 2.7902937139964603
290 2.8390259139896545
291 2.6545607058734655
292 2.7881904590759268
293 2.86636617677296
294 2.7527464922886
295 2.8403018376648017
296 3.075358324181556
297 2.894058357071252
298 2.7116168222633954
299 2.6047151679606766
300 2.763366015089158
301 2.7586029852224003
302 2.7820721859714057
303 2.8270388247534366
304 2.6820433849454735
305 3.9417866130258656
306 3.0884348271518687
307 4.122768355379553
308 8.901561824229413
309 7.1080589296693875
310 7.990485947393289
311 7.922516133625915
312 8.832196291942829
313 8.638842261689895
314 7.679748916851039
315 8.52812952829994
316 9.342042045119602
317 9.311396014406197
318 6.853854451702822
319 8.013185119342435
320 7.776159107716798
321 9.445635650779241
322 8.258995695519218
323 8.738509098009134
324 6.405695123724753
325 7.611249677888197
326 6.998559156141498
327 9.031148793197312
328 7.402012476258016
329 7.1438628515669
330 6.550716102418252
331 7.595545939824502
332 8.603836407531649
333 7.997936250981354
334 6.564527688707576
335 7.884677111975557
336 6.942354195893954
337 7.494771903849407
338 7.960808400257079
339 8.048571746893174
340 7.038935265549914
341 7.186995913774089
342 7.514621582801038
343 8.514779835970668
344 7.09771738521644
345 6.750063358922164
346 7.128989895276472
347 6.4849089478132
348 6.7681655906048155
349 5.290791536870823
350 6.355030975159658
351 6.6324085789015355
352 7.059132964634933
353 6.047869260815581
354 8.845070650147989
355 6.372693076745944
356 8.866373354022576
357 7.808795655690546
358 7.67601240120394
359 7.184536030466455
360 8.206945117681585
361 8.137069762568233
362 8.50598750153784
363 7.862321466635249
364 7.742089005328733
365 7.034607895774675
366 8.215276238092063
367 8.02090559861389
368 8.41779328965055
369 8.01811124330578
370 7.528740503352449
371 8.215189460118026
372 8.711254169832301
373 9.412218869532063
374 8.586216786895006
375 4.222193302887958
376 4.354475756849001
377 5.3870721607525685
378 6.0171095470979665
379 6.095865281065762
380 6.578312754183937
381 4.98860205896199
382 3.9055271849664193
383 3.935646233078803
384 5.052369878249468
385 4.571681328512905
386 6.159144074063894
387 5.005118406671216
388 5.7634548608383405
389 5.566998620480487
390 4.362743052076035
391 4.7331520504681155
392 5.977926007041117
393 4.719618797539562
394 5.2273569627583605
395 6.956683953725825
396 6.359993903375803
397 5.754652327256428
398 6.801389225481978
399 8.710070421697042
400 7.326075259760016
401 6.226921995343323
402 6.756195091049508
403 5.950517450285254
404 6.3328044602258835
405 4.805149717463405
406 5.779243382175733
407 5.765024772968266
408 6.096825902955285
409 3.2784925176681314
410 6.560418849625085
411 6.108904298524459
412 5.391751487632409
413 6.002887911513186
414 4.895667846773438
415 3.6959835609815173
416 4.502414764725189
417 4.796772454077568
418 4.518954954526855
419 5.564288019616461
420 5.16228406530423
421 4.980100067151842
422 5.027840637204453
423 4.506016999739255
424 6.706538823653056
425 6.789851815814518
426 6.236890539228463
427 5.7091848045156794
428 7.104263855867971
429 7.084139994624053
430 5.49486905762011
431 7.435897527653497
432 4.725044405849019
433 7.128779435688935
434 7.42030485394034
435 5.803702341687779
436 5.212379369559893
437 6.603477472934652
438 6.099781560789302
439 6.173771571814303
440 6.095435155622652
441 5.259284193407949
442 4.737523874284094
443 5.661564619640421
444 4.764966275421791
445 3.710483981902995
446 3.643002442030133
447 2.9138500221341603
448 6.656639980709515
449 8.325049781184756
450 6.694337724654389
451 8.436136737613472
452 6.398629115877495
453 7.06325511771366
454 2.7337734423833906
455 4.626363682877825
456 4.719107716608853
457 3.4026787893873216
458 2.8294998678290724
459 2.7955529075409107
460 2.9572090585632975
461 2.721854911393526
462 2.700218093681766
463 2.8758862346888208
464 2.8498639447822165
465 2.9873599090568557
466 2.756729206595501
467 3.885902403180511
468 2.830009295062494
469 4.62661615111424
470 2.775662391197072
471 2.7422074516084805
472 3.0304044800521814
473 2.7811025742889486
474 2.689810769716621
475 2.915516841128266
476 2.9146487257832407
477 2.7346957470437894
478 2.6815693265948166
479 4.76102360308299
480 2.690113170816283
481 3.0276221884416206
482 3.05945848087101
483 4.5304875411317065
484 2.9294177844000315
485 2.9017299185958434
486 2.775449703753326
487 2.716599945207174
488 2.7009266274015453
489 2.6006612051068574
490 2.7257231547537195
491 2.6677148763618197
492 2.926040032682583
493 2.756060791924334
494 2.8180617916772457
495 2.5869652200107858
496 2.7026154800778426
497 2.645595252952786
498 2.9061665907806655
499 2.71689392592806
500 2.7805027525155537
501 2.7480404591675573
502 2.774540207800144
503 2.820763843485138
504 2.7219448326641054
505 2.651001791500204
506 2.783038480264602
507 2.8993444554176335
508 2.6226829922936923
509 2.850229908414294
510 2.6097402964455707
511 2.9732338033519623
512 2.6944546893853842
513 2.9076915935829253
