0 3.8872329907154293
1 3.768622713996701
2 3.8170850400685032
3 3.8763736668716215
4 4.0751309041722505
5 4.327491040455566
6 4.431170446797555
7 4.734700647479072
8 5.2683972392303
9 4.864577055364752
10 5.61034923647243
11 5.452198562077879
12 3.7371795379107953
13 3.1147450931388505
14 3.658884539745897
15 2.7262490413456604
16 3.265588312011144
17 2.584774343796336
18 4.100119329882982
19 2.8412995510847603
20 2.8364468300716466
21 2.763894814924992
22 2.8617730260737657
23 2.9283248357898106
24 3.1696423203367745
25 3.0039687403016555
26 2.6550038947775656
27 2.8830491284465043
28 3.376337732613314
29 3.3653204272777275
30 2.810683666333334
31 2.806916700824916
32 2.9831579720144505
33 2.5771476302060683
34 3.4536807817360837
35 2.9832562009455685
36 2.978864533461146
37 3.002937130342759
38 2.9017245094314585
39 2.8622513384272055
40 3.016261390444551
41 2.736271400408651
42 3.268950066572382
43 3.4162090485571195
44 4.812550640513555
45 4.5499881658061945
46 2.8460321842496703
47 5.141818309444667
48 6.291130703276796
49 5.261792374157742
50 4.721007850390168
51 7.200596906306739
52 7.767034088437947
53 5.496625478308072
54 6.7289920791309425
55 6.731828898246377
56 5.567210716570298
57 6.5138310927110235
58 4.873938841152922
59 6.66469252552182
60 4.49584703701873
61 5.279578066293787
62 5.702347375153417
63 5.110659558640173
64 6.102420720197207
65 6.196289409574044
66 5.826121519915101
67 7.0288403519501435
68 6.069529405518969
69 5.566426248806304
70 5.402765594091772
71 4.632218703550488
72 5.531432841734945
73 6.149796135455714
74 6.175108371632608
75 6.857440844441161
76 6.442819185423233
77 5.487036791320548
78 4.699581174210366
79 5.67438386213633
80 6.511180471101992
81 6.102024423244524
82 6.141249600755222
83 7.287787114631241
84 5.7783361313758554
85 5.698048016468114
86 5.270394404749469
87 5.55826766524522
88 5.144883245902339
89 4.884659555816411
90 5.897985208609395
91 5.684191488250208
92 5.497928278924608
93 5.250931914442078
94 6.754942562053003
95 8.33889390080937
96 5.093700489425026
97 6.789136612734305
98 6.081853530873487
99 6.255896696006532
100 6.206538065618113
101 6.286505978708841
102 5.799882168618874
103 6.091033843065919
104 6.150964792857935
105 6.201112337801942
106 5.854890756066298
107 4.788681838115339
108 5.438767307848526
109 5.527816911334587
110 5.657020258516467
111 5.120669360686038
112 4.321422769433133
113 5.594270337292881
114 5.764629781196117
115 6.272184927433619
116 4.366840905030252
117 6.037169403652576
118 6.594711216408036
119 5.743048707682449
120 6.970587430861006
121 5.7690538635698525
122 4.993426439209341
123 6.242640092739012
124 6.992604423651289
125 4.817283849354399
126 5.40340635914794
127 5.042429900287022
128 4.872668669286882
129 5.946011409708707
130 5.455087956970229
131 5.0171192331875245
132 4.821798579536771
133 4.85970949091254
134 5.030835092046171
135 6.191994381531562
136 5.155020218310731
137 5.605642384477844
138 6.457727384069665
139 5.010902941919819
140 5.72976317357481
141 6.297887234982863
142 5.473172813824149
143 5.847346347627241
144 5.105228396772969
145 5.449978693083486
146 5.257301127659592
147 6.4597843761175655
148 5.876681869353983
149 6.022659028222863
150 4.886921705348136
151 5.622467501297599
152 5.34443018702932
153 4.687653044126897
154 5.243969348109164
155 5.218577360857195
156 5.750031577217009
157 5.153659638362712
158 5.749261017622915
159 6.907789555292989
160 6.539324131319877
161 6.134741739579611
162 6.750389909425222
163 5.930461960227373
164 6.485917698218907
165 7.011929899506212
166 6.254039285621913
167 6.707144203497158
168 6.031225046125393
169 6.302933793932844
170 5.7749657695663235
171 4.744279772505652
172 6.059701668958932
173 5.996133329374502
174 4.8708628691946565
175 4.503978656491761
176 4.974869985892904
177 4.696924146526631
178 4.853689915453074
179 5.184239575654881
180 5.431210207594265
181 5.121288999805002
182 6.232551017197862
183 5.664482410566876
184 5.998486355864808
185 4.945888350265493
186 6.013249829168017
187 5.479006965948821
188 5.718247162637262
189 6.193084509487491
190 6.177920974822229
191 6.710053669057323
192 6.696074615820094
193 6.46336165796489
194 4.817504947804821
195 6.4843521575111245
196 6.594846722460465
197 5.625500715366715
198 6.766868309941724
199 5.652688746706564
200 6.848326434998157
201 6.268301353490796
202 6.256849835230648
203 6.769758734308037
204 6.07575491886809
205 6.656836023509785
206 5.03417072021638
207 5.104297031302268
208 5.352599583245786
209 5.48946441257588
210 4.77967461975192
211 5.027901070263212
212 5.44763674568776
213 6.056930887203807
214 6.719103055770573
215 6.298973750819386
216 5.633346634306784
217 6.17362069758379
218 5.600725341813057
219 4.889782003843038
220 6.267656211821346
221 5.271555325951671
222 7.138875928815624
223 6.341968181601979
224 6.663723049013521
225 6.392534731535696
226 6.686649361092277
227 6.372607217840401
228 6.763337762464296
229 6.548925336718756
230 4.996630769067186
231 6.919014171542127
232 5.41274038176998
233 5.768375408820161
234 5.602346119453237
235 4.7918115415420655
236 5.508769178285753
237 6.506268626052104
238 6.001664357917497
239 5.238719625732157
240 5.969560730361318
241 5.361125811507332
242 5.570808492490441
243 6.45759361667852
244 5.802381901115854
245 4.859124760318334
246 7.100622608854568
247 7.491201661683858
248 6.591290110836599
249 6.662012274110645
250 5.677279861603561
251 5.308755307947789
252 6.092416974057832
253 5.685149295820308
254 5.633595653930418
255 6.1737144170868055
256 4.988508578810967
257 4.5006437168532045
258 4.24833612056423
259 4.858348116999358
260 4.6410828176816885
261 5.7216569037597464
262 4.807967902444664
263 5.09540569625308
264 6.258146131289223
265 6.933414514930392
266 6.87215355958718
267 6.257091802938828
268 6.909844187941621
269 6.6123162565370786
270 7.098710693358954
271 6.696655835488774
272 6.536818716668836
273 6.6799301539901546
274 6.959888758805037
275 4.8677592877785445
276 7.034862607433719
277 5.579418469421243
278 4.352733634439707
279 5.103789858624483
280 5.644949515407597
281 4.391914117911069
282 5.420661779065149
283 4.410059365370808
284 4.889472403882976
285 4.658501245902602
286 5.127115251654252
287 4.311054769984963
288 5.080923435273275
289 4.339707816987385
290 4.028318807865353
291 4.499634253592563
292 4.6328167183161
293 4.775554511529304
294 4.059323553300905
295 5.195227869825273
296 4.67201696836654
297 5.26737888522725
298 4.56822832725247
299 4.676508077116134
300 4.928163805195401
301 4.750967901476344
302 4.413143742105579
303 4.660424412432788
304 4.491215770979344
305 4.779635801668788
306 4.658148015973935
307 4.601580179832588
308 5.072132150574862
309 4.992686150449429
310 4.617254727648745
311 4.909674790121919
312 5.274361765866467
313 6.107102999248325
314 4.822806988966574
315 4.794308248448741
316 5.2910120342497
317 4.656835834568605
318 4.85330026763954
319 4.819753853420218
320 4.202685387357314
321 4.44908357875634
322 4.976503033037796
323 4.643877325588335
324 4.9044205882715985
325 4.873897531041457
326 5.924554800681853
327 4.787697232763271
328 4.874603955339699
329 4.548945101011903
330 4.86280060132116
331 5.028735004012923
332 5.214093329251206
333 4.525323903568482
334 5.004398238071678
335 5.572633961325008
336 5.808876245729365
337 4.830611136051248
338 5.246799386756521
339 4.803498923847184
340 4.835574147535687
341 4.76097639830359
342 3.6159184019902795
343 5.658608691070545
344 4.834224601969752
345 4.962957581976396
346 5.507767327106091
347 5.5248573504278164
348 4.809170535638547
349 4.710682005674661
350 4.72945977516801
351 4.362152035344409
352 4.981235752953072
353 6.603342618123756
354 5.180032175947377
355 5.262236725478002
356 5.172444820073638
357 4.8510598827618425
358 5.06931962861249
359 4.986333859936293
360 5.221819408219425
361 4.60464530044911
362 6.948266476276206
363 5.125002895204226
364 6.747416894477423
365 6.637969759559094
366 6.989467850225505
367 6.977951057606481
368 7.279417278583458
369 7.495943212465244
370 7.057596953776844
371 6.9655574652071115
372 7.242852284236955
373 6.636476296328225
374 8.428177481260915
375 6.11151760306277
376 7.103795822169292
377 7.3972928909531515
378 7.077092424871128
379 7.039461202958645
380 5.392035756835707
381 6.808708376520543
382 7.218320124429971
383 4.512340549306916
384 4.243307497324513
385 4.473236302694814
386 6.63515188506259
387 6.698609835275874
388 8.811476931712363
389 5.250411027856051
390 5.565056361227905
391 6.801362501979882
392 6.384432451242968
393 8.122068907444628
394 7.799807482996378
395 7.60409765039695
396 7.43723170793625
397 7.4816219943408235
398 7.693790465089742
399 6.179340685527276
400 7.135592654392778
401 7.855558229715024
402 6.302084323270696
403 5.551072304463637
404 7.472258156900088
405 7.5399785202751355
406 6.84095479435846
407 6.5702734075826426
408 6.504076954493434
409 6.716757802804637
410 6.350800770876881
411 6.921876830953924
412 6.418326687117324
413 5.142579105448775
414 4.904521761940007
415 5.437086504937214
416 5.143713706275089
417 4.793664396857323
418 4.753821884426393
419 5.875609179524587
420 4.45800553940195
421 3.9734167506564235
422 5.402014727370502
423 4.716733986520742
424 4.664798096621021
425 4.278101170025444
426 3.972160350662445
427 5.412323363567387
428 4.820440986413097
429 6.139801986685019
430 5.6598747052684795
431 6.1900938528155205
432 6.786985957483726
433 5.219504999717335
434 5.843311127498416
435 4.159274881623893
436 5.53240022839121
437 6.364790547111507
438 5.4284436455817575
439 4.937834728197469
440 6.423578790628413
441 5.596452422944401
442 6.204396096330798
443 5.878705840782088
444 6.439386693532773
445 6.217703196258219
446 4.504674299134103
447 6.338226480572536
448 5.282739217643668
449 6.659207070795076
450 5.365377691487641
451 4.911847507579031
452 4.323902830036457
453 5.335093481578677
454 4.371254747674942
455 4.186594765675708
456 4.527751001800351
457 5.039695488032564
458 5.806564106103102
459 4.770049859164906
460 5.045142119809975
461 4.797765385190762
462 4.528018861270362
463 6.168707662473239
464 6.638351017864746
465 6.300825477066278
466 7.034620464836376
467 7.2068388842660855
468 5.916068694587196
469 6.942267555453073
470 4.836589081328099
471 6.300017507924702
472 4.615358183115315
473 5.300628438338439
474 7.141310997400416
475 5.572700222236811
476 5.508399462110324
477 4.80535813488791
478 5.275855620245035
479 4.813385032686535
480 5.366395455172506
481 5.86275167897153
482 5.430121603214653
483 5.250488964332669
484 5.276775619902357
485 5.314169115062051
486 6.123702703110993
487 7.053544300815347
488 6.00800837024719
489 6.766268943451569
490 6.2131694910704
491 5.92521265848928
492 5.180927248311795
493 5.789598441187561
494 6.3104859722369575
495 5.45554397462225
496 6.054156911469642
497 4.735295573968295
498 5.188155737015089
499 4.894290298144781
500 5.394540776305086
501 5.0990691531479975
502 5.624425594125514
503 4.88600172652201
504 5.183645211231085
505 4.769191353170109
506 4.962677051019186
507 4.897394254506051
508 5.861754651277892
509 4.9596100866977775
510 5.137301947059193
511 5.289709300938879
512 5.024423909529199
513 5.394155034149085
