0 3.154640565010271
1 2.889113003930347
2 3.0051338817713944
3 2.8467963709569633
4 2.774093069162028
5 2.576109701981305
6 2.683833454563573
7 2.602322567799808
8 2.62664338325817
9 2.7050242043236863
10 2.578002559873519
11 2.606033623704845
12 2.7327256385032226
13 2.5539749107679657
14 2.629103096394295
15 2.587667853051895
16 2.6752143166187996
17 2.642358653638174
18 2.6015092376600037
19 2.5439762032554705
20 2.6182978565023447
21 2.7568872615416087
22 2.601313105507652
23 2.6422239752339713
24 2.6483201602926565
25 2.6454044545020268
26 2.640065191929707
27 2.6712974362309883
28 2.6913774620679742
29 2.5938915822883044
30 2.7437803455741143
31 2.587799826625708
32 2.5978135668505677
33 2.687180704038184
34 2.5550687748849445
35 2.6366373598514268
36 2.5345400321055735
37 2.750505050233065
38 2.649478677377783
39 2.6822116569378873
40 2.7588529909849595
41 2.6183510019990446
42 2.5654661272601764
43 2.655614305238764
44 2.8896106980146476
45 2.8136104605153234
46 4.94097755862032
47 2.707745462307947
48 2.544210076941296
49 2.7060750513638436
50 2.650469271671204
51 2.622127874752091
52 2.806867250703752
53 2.633775524699487
54 2.683440664261484
55 2.6673164473735107
56 2.702065458515407
57 2.6393371088493778
58 2.5083308637213597
59 2.619631125733448
60 2.899793893615719
61 2.50708139281947
62 2.6476486159528547
63 2.756852647584732
64 2.613746523274967
65 2.5369225168293963
66 2.6235958010100107
67 2.7577114220311802
68 2.6151803642327303
69 2.6313797384537327
70 2.648124314916641
71 2.6234307924371736
72 2.596874737642502
73 2.6559180867630134
74 2.597578171227676
75 2.5448360301140935
76 2.6164015065749147
77 2.635124335378639
78 2.7081548322388587
79 2.559693879259168
80 2.5835347834679423
81 2.7663253249296695
82 2.6136837506324118
83 2.7153375124254953
84 2.7949815012246324
85 2.722525842101397
86 2.6719226432348164
87 2.8597179039184586
88 2.8163476273022203
89 2.5792103195657936
90 2.7233676908872524
91 2.7056102481693727
92 2.5963223942059175
93 2.730528026972548
94 2.554203381188614
95 2.6440417509547287
96 2.576754054518555
97 2.6866009944215303
98 2.7897684977047126
99 2.7771744222665666
100 2.5444018257374315
101 2.5455153711698286
102 2.8439840655552246
103 2.7599117691759303
104 2.607008151472794
105 2.7788526530741358
106 2.5922314785808553
107 2.7136367428209516
108 2.77689096293518
109 2.75607058187956
110 2.5621809132450646
111 2.663208383567345
112 2.8059356627289
113 2.5983414594773877
114 2.6931677750191443
115 2.6374253235167635
116 2.531107575812607
117 2.7001856409468243
118 2.6244337562067903
119 2.821363082990478
120 2.6685838226089547
121 2.5575404681078346
122 2.6286423722561927
123 2.569633382330335
124 2.5272255180597476
125 2.7044435472022177
126 2.6827452459071446
127 2.6356455803257224
128 2.6535914405392074
129 2.5383719313653965
130 2.664211944915868
131 2.6418773835535547
132 2.6925781823097035
133 2.6729766363493805
134 2.8123954012612224
135 2.6239302630913746
136 2.712833898452904
137 2.686780396909396
138 2.72459349149688
139 2.6579504310141293
140 2.553129575870515
141 2.872438310279378
142 2.9424918385835577
143 2.7845226044055496
144 2.568229976915228
145 2.7612677872794804
146 2.674039617159908
147 2.586064249713199
148 2.636272085140181
149 2.59727116882107
150 2.827812652113624
151 2.6891857589570756
152 2.552074750222354
153 2.6346113792151624
154 2.492691421270722
155 2.5552503619997973
156 2.578065390809763
157 2.7277238600075657
158 2.757440628105123
159 2.7195051779123953
160 2.6035102874711455
161 2.502864460314227
162 2.695162157212227
163 2.6839701517319527
164 2.623625116374212
165 2.8187133835437184
166 2.6036721846011512
167 2.5749731893478365
168 2.59326696262423
169 2.5233932542483988
170 2.6426161980385494
171 2.629769122153373
172 2.6059459985600766
173 2.5601179523703532
174 2.8237621261938544
175 2.6803986336075156
176 2.6577398370467145
177 2.588907485365213
178 2.745816550056895
179 2.75424238696158
180 2.6375881068716507
181 2.628211765698884
182 2.711893790723165
183 2.605422982083282
184 2.8311812924141075
185 2.587535283711632
186 2.804288227665877
187 2.685881844988163
188 2.493742702384556
189 2.5577363042111902
190 2.725085215317281
191 2.592608584692863
192 2.737577878745414
193 2.527328138380032
194 2.678742646532452
195 2.530797128022667
196 2.634011301733584
197 2.733539256682275
198 2.6542799419425243
199 2.6508126588601684
200 2.569802515376315
201 2.7549150542353473
202 2.702706183838983
203 2.786460064545137
204 2.5993270019947765
205 2.6380306250875587
206 2.674497673052586
207 2.6663349093674924
208 2.675557386867386
209 2.690432529885531
210 2.5872723323177533
211 2.7150952208262162
212 2.6835553801608434
213 2.6399625329290854
214 2.716639301774595
215 2.5644693095988873
216 2.842086508239132
217 2.5325388353403215
218 2.7115856281693738
219 2.6023650342952203
220 2.5938258857113716
221 2.7329029670625755
222 2.7221059761091935
223 2.7497358857361487
224 2.618946545863961
225 2.566330979050072
226 2.6854082125771446
227 2.6396867533956896
228 2.6014024524541113
229 2.5538182525079005
230 2.736961410390944
231 2.597017326892794
232 2.592036669781976
233 2.838689648700436
234 2.710768373007691
235 2.5893991122031585
236 2.593351299078506
237 2.5051900413073604
238 2.6215443431699788
239 2.718410023815148
240 2.5757441285782017
241 2.630134114292869
242 2.6363825169125046
243 2.5390928449960906
244 2.710445447339581
245 2.767090091092962
246 2.688147517312749
247 2.6008962676113336
248 2.5757094083929957
249 2.6513618212715233
250 2.766790036050076
251 2.685259688346306
252 2.548697431495326
253 2.7180917566063436
254 2.551682033746465
255 2.6078010958638465
256 2.7401263748021534
257 2.593898870309724
258 2.6518304590681594
259 2.5694595835023852
260 2.6767900731510514
261 2.467487304541219
262 2.5744990386276005
263 2.7478823057917134
264 2.685491615694108
265 2.6628756441994215
266 2.562418393947909
267 2.6969693581741976
268 2.5833846419130495
269 2.6917087471998102
270 2.6937703941418714
271 2.6085634173681553
272 2.5921813830673477
273 2.6729550705191514
274 2.5581492979742624
275 2.658126406737795
276 2.6571049599943777
277 2.6011400376672555
278 2.6548910559202947
279 2.6615001754583725
280 2.590050046313006
281 2.627705452782226
282 2.5986459562212056
283 2.7651397849358728
284 2.535842512742449
285 2.5762084681149013
286 2.8632552068656163
287 2.719379216537037
288 2.699004880682365
289 2.5811297696888755
290 2.754295414890916
291 2.713712334690244
292 2.679333560791365
293 2.5368723887377858
294 2.616272959583278
295 2.669963951122692
296 2.6404161614055868
297 2.627699798898504
298 2.5613129029396946
299 2.6549756828396642
300 2.72819724786427
301 2.5473507627173393
302 2.6977467762958858
303 2.5496003521734685
304 2.5367644621545287
305 2.6323984840594616
306 2.5452311366300235
307 2.795246279163009
308 2.70789652862711
309 2.68607769449061
310 2.6195904140265887
311 2.75304973287672
312 2.5415935184286877
313 2.696208668058197
314 2.5826806852440494
315 2.4983611787909807
316 2.558332614328954
317 2.721891646823725
318 2.7594944789132834
319 2.649566573508932
320 2.7767138815699255
321 2.5687240282859256
322 2.70445940312333
323 2.5538528631996247
324 2.7595959144123436
325 2.501709383579069
326 2.6885562706018793
327 2.659880471503853
328 2.533964987434695
329 2.807710754082109
330 2.6029574941887295
331 2.613898809657696
332 2.6470736951374034
333 2.5650137262738615
334 2.588642845522481
335 2.6545576446618586
336 2.53517317708304
337 2.6439669873543643
338 2.603687966481859
339 2.6684850955683657
340 2.7429430473212877
341 2.639084945833542
342 2.636096143496873
343 2.756048751779066
344 2.6267325311767564
345 2.558021997443131
346 2.60364165172673
347 2.6308979379644284
348 2.836007161391192
349 2.6600916793914102
350 2.6349694781355724
351 2.7332674968795687
352 2.690059046800894
353 2.7620206229162996
354 2.5973878089033073
355 2.6332789743312484
356 2.8099803835948927
357 2.703746678596343
358 2.549277265944952
359 2.57223940358675
360 2.565345586134693
361 2.5489108019314513
362 2.6500298470742534
363 2.6324212202750075
364 2.591340861849399
365 2.7493035678902276
366 2.653373331643434
367 2.603115198077093
368 2.601031302267246
369 3.233625320387849
370 2.6809730287718385
371 2.5150385355908074
372 2.5982691836312433
373 2.639086175229942
374 2.78492405704885
375 2.5773178959421412
376 2.759872741687002
377 2.5765977176464823
378 2.6033967741579978
379 2.5743061011945545
380 2.7631154067580095
381 2.6947660820356143
382 2.611004827483079
383 4.496629305529227
384 2.581121234609235
385 2.7217516023902255
386 2.668884304759951
387 2.6794641404085007
388 2.729267962002999
389 2.6614006817432645
390 2.774710017929967
391 2.530191920294874
392 2.669059804900043
393 2.6041883565681947
394 2.57662651332054
395 2.736187844961192
396 2.794660441745232
397 2.806217908109519
398 2.631446951047234
399 2.8497956037888494
400 2.532609834384352
401 2.8194237262237385
402 2.888368873838569
403 2.871713725807651
404 2.529769440726478
405 2.570028440765101
406 2.4948718697602716
407 2.7098822098578053
408 2.9890718927901654
409 2.483552341500032
410 5.487538153618374
411 2.785930640931404
412 2.572666791455552
413 2.515506669331677
414 2.564982988209067
415 2.720185743688285
416 2.7183345768212352
417 2.77346460569774
418 2.734739223026227
419 2.5712772857593587
420 2.7110143594850356
421 2.640300235622938
422 2.5988605589550287
423 2.8606822269568237
424 2.690331711807122
425 2.7267933509668554
426 2.6995251416194073
427 2.77288857672267
428 2.5412783127867127
429 2.588500523330519
430 3.2700990280232944
431 2.644355019655662
432 2.6996701352021026
433 2.735710251933233
434 2.6749291312162855
435 2.737805577482718
436 2.4617827356052646
437 2.5994236124818286
438 2.634842416298024
439 2.597606566510869
440 2.783452891122654
441 2.6749636885966885
442 2.5476663662469337
443 2.565140677403514
444 2.664106420824909
445 2.8670591887169543
446 2.6476605376512476
447 2.551201159766052
448 2.7783252369793052
449 2.5418292805259832
450 2.8000050290672513
451 2.6203732295747546
452 2.5376625034571005
453 2.6944032048125406
454 2.655244515557507
455 2.573905728427408
456 2.607616986496738
457 2.5911755865594968
458 2.5311053527108234
459 2.8010718616668635
460 2.66307625730071
461 2.630441667970829
462 2.7159349027670454
463 2.641921509238467
464 2.622028262309831
465 2.641769208141945
466 2.5994164134642017
467 2.7368558349575802
468 2.670739449108994
469 2.6473895635602234
470 2.63016152573293
471 2.591145962456915
472 2.510510655281266
473 2.591651085452266
474 2.6501994692831117
475 2.71341875938109
476 2.6840082665066194
477 2.611983357096922
478 2.6214580848726547
479 2.8273203820056163
480 2.583467949010888
481 2.637487417575684
482 2.658875328939037
483 2.6181861602292202
484 2.5833323352977016
485 2.6058480016455827
486 2.571065706894502
487 2.803647500409188
488 2.7245694488225665
489 2.5908921289463693
490 2.5487746967954346
491 2.848240154816937
492 2.6547299465153515
493 2.6471006794099377
494 2.6090477642480416
495 2.6211189843045
496 2.527985576300938
497 2.732061210828866
498 2.6746475370995566
499 2.7412439990502966
500 2.717785966818421
501 2.512519806677123
502 2.707404786196402
503 2.6144798335273465
504 2.6254960589033063
505 2.721469757783719
506 2.6978508559653895
507 2.611514589540139
508 2.6291437983957424
509 2.5520831957424566
510 2.512739493832271
511 2.5000107188086393
512 2.703215640049495
513 2.6902774556002984
