1 0.198152557015419 0.056135814636945724 0.056135810911655426
2 0.5822464227676392 0.12249526381492615 0.12249525636434555
3 0.6319214105606079 0.15694497525691986 0.15694497525691986
4 0.6698663830757141 0.19226354360580444 0.19226349890232086
5 0.7501680850982666 0.26323622465133667 0.26323625445365906
6 0.780382513999939 0.2844286859035492 0.2844286859035492
7 0.7686050534248352 0.2705184519290924 0.2705184519290924
8 0.7789714336395264 0.2649548351764679 0.2649548053741455
9 0.7684308290481567 0.26213526725769043 0.2621352970600128
10 0.8519870638847351 0.33378416299819946 0.33378416299819946
11 0.8442177772521973 0.32558688521385193 0.32558688521385193
12 0.8915097117424011 0.34273281693458557 0.34273281693458557
13 0.9035617113113403 0.320955365896225 0.3209554851055145
14 0.8810088038444519 0.33193066716194153 0.33193060755729675
15 1.1285808086395264 0.5243871808052063 0.5243874192237854
16 1.1877095699310303 0.5516624450683594 0.5516624450683594
17 1.1910299062728882 0.5188162326812744 0.5188162326812744
18 1.1914188861846924 0.510968804359436 0.510968804359436
19 1.1906789541244507 0.5480523109436035 0.5480523109436035
20 1.5557258129119873 0.9832879304885864 0.9832879304885864
21 1.6281583309173584 1.0005978345870972 1.0005978345870972
22 1.7570686340332031 1.116696834564209 1.1166969537734985
23 1.7610063552856445 1.1349831819534302 1.1349831819534302
24 1.8629677295684814 1.2774090766906738 1.2774090766906738
25 1.887265682220459 1.255911111831665 1.255911111831665
26 2.293886423110962 1.651203989982605 1.651203989982605
27 2.2648847103118896 1.5749080181121826 1.5749080181121826
28 2.209836483001709 1.5636934041976929 1.5636935234069824
29 2.1459767818450928 1.4971035718917847 1.4971036911010742
30 2.1318135261535645 1.4988703727722168 1.4988703727722168
31 2.054924726486206 1.3936337232589722 1.3936338424682617
32 2.1992061138153076 1.5702053308486938 1.5702053308486938
33 2.279632091522217 1.641860842704773 1.641860842704773
34 2.2950732707977295 1.7002133131027222 1.7002133131027222
35 2.3036513328552246 1.6103657484054565 1.6103657484054565
36 2.3187499046325684 1.7039885520935059 1.7039885520935059
37 2.3875067234039307 1.7842270135879517 1.7842270135879517
38 2.2904419898986816 1.6607251167297363 1.660725474357605
39 2.2802069187164307 1.6163004636764526 1.6163005828857422
40 2.2458465099334717 1.616679310798645 1.616679310798645
41 2.2488467693328857 1.5888111591339111 1.5888111591339111
42 2.1752266883850098 1.5249873399734497 1.5249873399734497
43 2.297333240509033 1.6204187870025635 1.620418906211853
44 2.318899154663086 1.640118956565857 1.640118956565857
45 2.1505484580993652 1.4279603958129883 1.4279605150222778
46 2.2788050174713135 1.6347922086715698 1.6347920894622803
47 2.256392240524292 1.6029977798461914 1.6029977798461914
48 2.327214002609253 1.6389796733856201 1.6389796733856201
49 2.2459380626678467 1.5784541368484497 1.5784541368484497
50 2.1545186042785645 1.4235113859176636 1.4235115051269531
51 2.2121493816375732 1.487760305404663 1.487760305404663
52 2.3145675659179688 1.575685977935791 1.575685977935791
53 2.269766330718994 1.5199203491210938 1.5199202299118042
54 2.2261791229248047 1.531987190246582 1.531986951828003
55 2.2977545261383057 1.5966323614120483 1.596632480621338
56 2.359251022338867 1.668931484222412 1.668931484222412
57 2.5806548595428467 1.8491837978363037 1.849183440208435
58 2.5120019912719727 1.8102134466171265 1.8102134466171265
59 2.277986764907837 1.6194661855697632 1.6194661855697632
60 2.2447516918182373 1.5288130044937134 1.5288127660751343
61 2.2366044521331787 1.480168104171753 1.480168104171753
62 2.438978910446167 1.6932179927825928 1.6932179927825928
63 2.3336410522460938 1.5792937278747559 1.5792937278747559
64 2.377697467803955 1.584928035736084 1.584928035736084
65 2.529435634613037 1.8291717767715454 1.8291717767715454
66 2.404020071029663 1.6442276239395142 1.6442277431488037
67 2.444382667541504 1.6187479496002197 1.6187477111816406
68 2.516545295715332 1.7137812376022339 1.7137812376022339
69 2.3957772254943848 1.595982551574707 1.595982551574707
70 2.4162120819091797 1.609293818473816 1.6092936992645264
71 2.5000646114349365 1.6785295009613037 1.6785295009613037
72 2.441791296005249 1.7009345293045044 1.7009345293045044
73 2.434095859527588 1.6545403003692627 1.6545403003692627
74 2.3996472358703613 1.6102404594421387 1.6102404594421387
75 2.4090347290039063 1.6236646175384521 1.6236644983291626
76 2.370469570159912 1.5842034816741943 1.5842034816741943
77 2.550319194793701 1.717151165008545 1.7171509265899658
78 2.625689744949341 1.8854656219482422 1.8854655027389526
79 2.416443347930908 1.6867597103118896 1.6867597103118896
80 2.469470262527466 1.6458327770233154 1.6458327770233154
81 2.3549489974975586 1.5521328449249268 1.5521329641342163
82 2.374272108078003 1.58488130569458 1.5848815441131592
83 2.390650510787964 1.6066467761993408 1.6066468954086304
84 2.3263676166534424 1.5738130807876587 1.5738130807876587
85 2.271947145462036 1.393100619316101 1.393100619316101
86 2.305429220199585 1.4942774772644043 1.4942777156829834
87 2.2934679985046387 1.4891012907028198 1.4891014099121094
88 2.241617441177368 1.3934555053710938 1.3934553861618042
89 2.3464934825897217 1.4966967105865479 1.4966967105865479
90 2.324496030807495 1.4839915037155151 1.4839915037155151
91 2.33752179145813 1.5264281034469604 1.526427984237671
92 2.346644639968872 1.4671179056167603 1.4671179056167603
93 2.4617652893066406 1.5532540082931519 1.5532540082931519
94 2.4327175617218018 1.5906569957733154 1.590657114982605
95 2.4592692852020264 1.6028351783752441 1.6028351783752441
96 2.291412115097046 1.4258267879486084 1.4258267879486084
97 2.356895923614502 1.5486822128295898 1.5486818552017212
98 2.328845739364624 1.4927576780319214 1.4927576780319214
99 2.2681996822357178 1.4210407733917236 1.421040415763855
100 2.267946243286133 1.4022858142852783 1.4022858142852783
101 2.288257122039795 1.4736367464065552 1.4736367464065552
102 2.1921164989471436 1.341118335723877 1.3411184549331665
103 2.324178457260132 1.5403926372528076 1.5403926372528076
104 2.3043713569641113 1.4959787130355835 1.4959787130355835
105 2.4551069736480713 1.6040456295013428 1.6040458679199219
106 2.448793411254883 1.670215368270874 1.6702152490615845
107 2.350987434387207 1.5169597864151 1.5169597864151
108 2.478219985961914 1.566603183746338 1.566603183746338
109 2.469968318939209 1.6227537393569946 1.622753620147705
110 2.4988625049591064 1.6430546045303345 1.6430546045303345
111 2.5066328048706055 1.6974307298660278 1.6974308490753174
112 2.5034005641937256 1.6316144466400146 1.6316144466400146
113 2.4202046394348145 1.585403323173523 1.585403323173523
114 2.3291537761688232 1.5461758375167847 1.5461758375167847
115 2.287583112716675 1.4534448385238647 1.4534448385238647
116 2.389333963394165 1.6273906230926514 1.6273903846740723
117 2.413577079772949 1.5555037260055542 1.5555038452148438
118 2.4820985794067383 1.7115020751953125 1.7115020751953125
119 2.4933784008026123 1.6208637952804565 1.6208637952804565
120 2.4461028575897217 1.601403832435608 1.6014035940170288
121 2.5277178287506104 1.7299128770828247 1.7299127578735352
122 2.4193246364593506 1.5831196308135986 1.5831196308135986
123 2.497312068939209 1.704356074333191 1.704356074333191
124 2.348781108856201 1.5269126892089844 1.5269125699996948
125 2.418142318725586 1.5620211362838745 1.5620211362838745
126 2.5484137535095215 1.7201379537582397 1.7201379537582397
127 2.5448787212371826 1.792611837387085 1.792611837387085
128 2.463247537612915 1.6710978746414185 1.6710978746414185
129 2.4357528686523438 1.6349717378616333 1.6349713802337646
130 2.4735970497131348 1.6545979976654053 1.6545979976654053
131 2.5724105834960938 1.764700174331665 1.764700174331665
132 2.48799991607666 1.5841296911239624 1.5841296911239624
133 2.470745086669922 1.6802064180374146 1.6802064180374146
134 2.414306163787842 1.660641074180603 1.6606409549713135
135 2.374572515487671 1.586925983428955 1.586925983428955
136 2.4243342876434326 1.627679705619812 1.627679705619812
137 2.4517838954925537 1.6306629180908203 1.6306629180908203
138 2.5372939109802246 1.6765575408935547 1.6765575408935547
139 2.4521965980529785 1.5696463584899902 1.5696464776992798
140 2.3723995685577393 1.561568021774292 1.5615681409835815
141 2.4641993045806885 1.6994619369506836 1.6994619369506836
142 2.4838225841522217 1.6567109823226929 1.6567107439041138
143 2.3806052207946777 1.6179087162017822 1.6179087162017822
144 2.3517048358917236 1.550386667251587 1.550386667251587
145 2.4059085845947266 1.6353588104248047 1.6353588104248047
146 2.472839117050171 1.6695185899734497 1.6695185899734497
147 2.310883045196533 1.5079313516616821 1.5079313516616821
148 2.3278486728668213 1.4993417263031006 1.4993418455123901
149 2.382957935333252 1.5999428033828735 1.5999428033828735
150 2.3709847927093506 1.5624135732650757 1.5624135732650757
151 2.436279773712158 1.669745922088623 1.6697458028793335
152 2.3845603466033936 1.6394239664077759 1.6394239664077759
153 2.4509921073913574 1.7139850854873657 1.7139850854873657
154 2.4095513820648193 1.6581841707229614 1.6581841707229614
155 2.404522657394409 1.6556459665298462 1.6556456089019775
156 2.4880619049072266 1.742418885231018 1.7424191236495972
157 2.3996684551239014 1.6534526348114014 1.6534526348114014
158 2.481051445007324 1.681105613708496 1.6811057329177856
159 2.4027655124664307 1.5387343168258667 1.5387343168258667
160 2.438662052154541 1.6337318420410156 1.6337318420410156
161 2.3553431034088135 1.5066903829574585 1.5066903829574585
162 2.3809261322021484 1.5288875102996826 1.528887391090393
163 2.3767900466918945 1.557212471961975 1.557212471961975
164 2.491058111190796 1.5906939506530762 1.5906938314437866
165 2.3123953342437744 1.4462088346481323 1.4462084770202637
166 2.479827404022217 1.5822527408599854 1.5822527408599854
167 2.5095317363739014 1.628697395324707 1.628697395324707
168 2.422825813293457 1.5321778059005737 1.5321775674819946
169 2.6227567195892334 1.8090158700942993 1.8090158700942993
170 2.560192346572876 1.690281867980957 1.690281867980957
171 2.3631529808044434 1.4786185026168823 1.4786183834075928
172 2.366184949874878 1.4712417125701904 1.4712417125701904
173 2.332914352416992 1.468843936920166 1.468843936920166
174 2.3241806030273438 1.4430415630340576 1.4430418014526367
175 2.364824056625366 1.5139821767807007 1.5139821767807007
176 2.3033061027526855 1.426722526550293 1.426722526550293
177 2.4748668670654297 1.6236445903778076 1.6236447095870972
178 2.4525508880615234 1.5488700866699219 1.5488700866699219
179 2.3910553455352783 1.6020197868347168 1.6020197868347168
180 2.397265911102295 1.5481982231140137 1.5481982231140137
181 2.3745920658111572 1.4493186473846436 1.449318289756775
182 2.404693365097046 1.4531139135360718 1.4531141519546509
183 2.608957290649414 1.7395952939987183 1.7395952939987183
184 2.463879346847534 1.6006112098693848 1.6006112098693848
185 2.53066086769104 1.7098102569580078 1.7098101377487183
186 2.477560520172119 1.6259040832519531 1.6259039640426636
187 2.5498476028442383 1.7130497694015503 1.7130497694015503
188 2.374171257019043 1.4805961847305298 1.4805961847305298
189 2.6845855712890625 1.833048701286316 1.833048701286316
190 2.6261489391326904 1.7073675394058228 1.7073675394058228
191 2.6779122352600098 1.7535456418991089 1.7535456418991089
192 2.504058599472046 1.5925363302230835 1.592536449432373
193 2.587644100189209 1.604154348373413 1.6041542291641235
194 2.510878562927246 1.5075390338897705 1.5075390338897705
195 2.630314826965332 1.6759692430496216 1.6759692430496216
196 2.557934284210205 1.618931770324707 1.6189320087432861
197 2.526571273803711 1.649269461631775 1.649269461631775
198 2.4910764694213867 1.579305648803711 1.579305648803711
199 2.3158090114593506 1.3358064889907837 1.3358064889907837
200 2.4664809703826904 1.5166760683059692 1.5166761875152588
201 2.4736475944519043 1.5604922771453857 1.5604920387268066
202 2.390155792236328 1.4548977613449097 1.4548977613449097
203 2.5761334896087646 1.7013660669326782 1.7013658285140991
204 2.453843832015991 1.5578752756118774 1.5578752756118774
205 2.4192564487457275 1.5125641822814941 1.5125640630722046
206 2.4364359378814697 1.4880982637405396 1.48809814453125
207 2.5051937103271484 1.6354378461837769 1.6354377269744873
208 2.5352511405944824 1.682121992111206 1.682121992111206
209 2.491584539413452 1.6752887964248657 1.6752887964248657
210 2.4556148052215576 1.582876205444336 1.582876205444336
211 2.513528823852539 1.6909171342849731 1.6909171342849731
212 2.556823492050171 1.7626029253005981 1.7626029253005981
213 2.5219385623931885 1.7048693895339966 1.7048693895339966
214 2.5490684509277344 1.7071861028671265 1.7071861028671265
215 2.5121915340423584 1.7055200338363647 1.7055200338363647
216 2.6253578662872314 1.7493211030960083 1.7493211030960083
217 2.695462226867676 1.8325119018554688 1.8325119018554688
218 2.6592493057250977 1.8563203811645508 1.8563205003738403
219 2.525430679321289 1.6475551128387451 1.6475552320480347
220 2.4863810539245605 1.664046049118042 1.664046287536621
221 2.5845210552215576 1.7003008127212524 1.700301170349121
222 2.5657925605773926 1.7284518480300903 1.7284518480300903
223 2.635589599609375 1.8093143701553345 1.8093141317367554
224 2.433469295501709 1.543431282043457 1.543431043624878
225 2.497321128845215 1.6583600044250488 1.6583600044250488
226 2.4700684547424316 1.5610374212265015 1.5610374212265015
227 2.57108998298645 1.779453158378601 1.779453158378601
228 2.5486299991607666 1.7161309719085693 1.7161309719085693
229 2.4754977226257324 1.6024125814437866 1.6024123430252075
230 2.5781073570251465 1.7532027959823608 1.7532026767730713
231 2.6080737113952637 1.7637449502944946 1.7637449502944946
232 2.4859964847564697 1.5812348127365112 1.5812348127365112
233 2.4804537296295166 1.7039978504180908 1.7039978504180908
234 2.4996845722198486 1.6917890310287476 1.6917890310287476
235 2.485748767852783 1.675970196723938 1.6759700775146484
236 2.7221269607543945 1.9153761863708496 1.9153761863708496
237 2.647864818572998 1.8465907573699951 1.8465907573699951
238 2.5394041538238525 1.776458740234375 1.776458740234375
239 2.6728947162628174 1.8492072820663452 1.8492072820663452
240 2.524813175201416 1.71436607837677 1.71436607837677
241 2.716106653213501 1.9513276815414429 1.9513278007507324
242 2.6751484870910645 1.831831693649292 1.831831693649292
243 2.675398111343384 1.8853800296783447 1.8853800296783447
244 2.620957851409912 1.753712773323059 1.7537126541137695
245 2.7622811794281006 1.9767937660217285 1.976793885231018
246 2.7347941398620605 1.8956084251403809 1.8956084251403809
247 2.70504093170166 1.8835854530334473 1.8835854530334473
248 2.6589980125427246 1.8817375898361206 1.8817375898361206
249 2.7290985584259033 1.9218242168426514 1.9218242168426514
250 2.8327367305755615 1.9780458211898804 1.9780458211898804
251 2.7661492824554443 1.9715808629989624 1.9715808629989624
252 2.803692102432251 1.9459477663040161 1.9459477663040161
253 2.636418104171753 1.7414876222610474 1.7414876222610474
254 2.693702220916748 1.8499033451080322 1.8499033451080322
255 2.69655179977417 1.8702181577682495 1.8702181577682495
256 2.5646579265594482 1.767134189605713 1.767134189605713
257 2.6710703372955322 1.8665529489517212 1.8665529489517212
258 2.632967233657837 1.8816739320755005 1.8816739320755005
259 2.5229790210723877 1.7212344408035278 1.7212344408035278
260 2.5169904232025146 1.6782021522521973 1.6782021522521973
261 2.490410566329956 1.6017084121704102 1.6017084121704102
262 2.593289852142334 1.7316093444824219 1.7316093444824219
263 2.642845869064331 1.8129886388778687 1.8129886388778687
264 2.6708617210388184 1.9129481315612793 1.9129481315612793
265 2.7510392665863037 1.8975077867507935 1.8975077867507935
266 2.8567330837249756 2.0443055629730225 2.0443053245544434
267 2.565551519393921 1.7386573553085327 1.7386573553085327
268 2.871189832687378 2.0127100944519043 2.0127100944519043
269 2.6200268268585205 1.7511138916015625 1.7511138916015625
270 2.6714367866516113 1.8301119804382324 1.830112099647522
271 2.568539619445801 1.7108772993087769 1.7108772993087769
272 2.7588605880737305 1.9145570993423462 1.9145570993423462
273 2.6506478786468506 1.799604058265686 1.799604058265686
274 2.671355962753296 1.8090366125106812 1.809036374092102
275 2.6328413486480713 1.7226738929748535 1.7226738929748535
276 2.672420024871826 1.8628898859024048 1.8628898859024048
277 2.558384656906128 1.6948050260543823 1.6948050260543823
278 2.362879514694214 1.479434609413147 1.479434609413147
279 2.39489483833313 1.5888923406600952 1.5888928174972534
280 2.510138750076294 1.626679539680481 1.626679539680481
281 2.6256604194641113 1.8668310642242432 1.8668310642242432
282 2.6359336376190186 1.8041085004806519 1.8041085004806519
283 2.5967657566070557 1.7822996377944946 1.7822996377944946
284 2.5240368843078613 1.6912034749984741 1.6912033557891846
285 2.550934076309204 1.6512327194213867 1.6512327194213867
286 2.4872870445251465 1.5777695178985596 1.5777695178985596
287 2.542463779449463 1.6399831771850586 1.6399832963943481
288 2.596463680267334 1.7212402820587158 1.7212401628494263
289 2.7436938285827637 1.8620092868804932 1.862009048461914
290 2.6018643379211426 1.6778614521026611 1.6778615713119507
291 2.5857465267181396 1.6761401891708374 1.6761401891708374
292 2.5107879638671875 1.5753101110458374 1.5753099918365479
293 2.6726279258728027 1.75844407081604 1.758443832397461
294 2.618556022644043 1.6554030179977417 1.6554028987884521
295 2.510152816772461 1.5988227128982544 1.5988227128982544
296 2.5010297298431396 1.641740083694458 1.641740083694458
297 2.5135459899902344 1.646724820137024 1.646724820137024
298 2.5150017738342285 1.6238794326782227 1.6238794326782227
299 2.568955659866333 1.673704743385315 1.673704743385315
300 2.4419896602630615 1.5847182273864746 1.5847182273864746
301 2.4618618488311768 1.4846829175949097 1.4846830368041992
302 2.5105042457580566 1.5923582315444946 1.5923582315444946
303 2.4395456314086914 1.5161515474319458 1.5161515474319458
304 2.4071388244628906 1.4627968072891235 1.4627968072891235
305 2.4300835132598877 1.5757880210876465 1.5757880210876465
306 2.4703190326690674 1.568631887435913 1.568631887435913
307 2.473562002182007 1.6018940210342407 1.6018939018249512
308 2.439681053161621 1.5790318250656128 1.5790317058563232
309 2.538689136505127 1.7014621496200562 1.7014621496200562
310 2.423491954803467 1.5521063804626465 1.5521063804626465
311 2.5982348918914795 1.835357427597046 1.8353575468063354
312 2.4507439136505127 1.599673867225647 1.599673867225647
313 2.5933587551116943 1.724971890449524 1.724971890449524
314 2.609973430633545 1.7339255809783936 1.7339255809783936
315 2.4494423866271973 1.6194627285003662 1.6194628477096558
316 2.434481382369995 1.5493232011795044 1.5493232011795044
317 2.5951974391937256 1.7305870056152344 1.730587124824524
318 2.578106641769409 1.6648550033569336 1.6648550033569336
319 2.5630178451538086 1.6252201795578003 1.6252202987670898
320 2.563234329223633 1.654016137123108 1.654016137123108
321 2.602339744567871 1.659685730934143 1.6596856117248535
322 2.6512856483459473 1.6957557201385498 1.6957557201385498
323 2.5653622150421143 1.6202685832977295 1.6202685832977295
324 2.585228443145752 1.6739559173583984 1.6739557981491089
325 2.6267800331115723 1.6821393966674805 1.6821393966674805
326 2.619098663330078 1.7160048484802246 1.716004490852356
327 2.562124729156494 1.7029550075531006 1.7029550075531006
328 2.722208261489868 1.8519394397735596 1.85193932056427
329 2.4774351119995117 1.556273102760315 1.5562728643417358
330 2.709641695022583 1.740943193435669 1.7409433126449585
331 2.6792829036712646 1.7902380228042603 1.7902380228042603
332 2.7447566986083984 1.8151320219039917 1.8151320219039917
333 2.608241558074951 1.7176105976104736 1.717610478401184
334 2.6202902793884277 1.6642659902572632 1.6642663478851318
335 2.701458215713501 1.8668714761734009 1.8668714761734009
336 2.5341975688934326 1.7172586917877197 1.7172590494155884
337 2.720715045928955 1.846040964126587 1.846040964126587
338 2.8161981105804443 1.9732544422149658 1.9732544422149658
339 2.713434934616089 1.893333911895752 1.8933340311050415
340 2.833918809890747 1.9823672771453857 1.982366919517517
341 2.794677495956421 1.9120131731033325 1.9120134115219116
342 2.8570618629455566 1.9925578832626343 1.9925575256347656
343 2.7654221057891846 1.9230600595474243 1.9230600595474243
344 2.7155039310455322 1.8920143842697144 1.892014503479004
345 2.6046242713928223 1.7864645719528198 1.7864644527435303
346 2.610438823699951 1.7534672021865845 1.7534667253494263
347 2.876382350921631 2.0536084175109863 2.0536086559295654
348 2.7767813205718994 1.8701627254486084 1.8701627254486084
349 2.830852508544922 2.01077938079834 2.01077938079834
350 2.89508056640625 2.089276075363159 2.08927583694458
351 2.973390579223633 2.191574811935425 2.191574811935425
352 2.9177989959716797 2.073154926300049 2.073154926300049
353 3.0710411071777344 2.278595447540283 2.278595447540283
354 2.9611759185791016 2.2070746421813965 2.2070746421813965
355 2.7986996173858643 2.016396999359131 2.016396999359131
356 2.8773813247680664 2.1016464233398438 2.1016464233398438
357 2.902554512023926 2.0602455139160156 2.0602452754974365
358 2.877784252166748 2.0531005859375 2.0531005859375
359 3.0833263397216797 2.267439842224121 2.267439842224121
360 2.8575870990753174 2.021144390106201 2.021144390106201
361 2.9863197803497314 2.111957550048828 2.111957550048828
362 3.0407180786132813 2.189516067504883 2.1895158290863037
363 2.9393270015716553 2.084960460662842 2.0849609375
364 3.034658432006836 2.178557872772217 2.178557872772217
365 3.1787450313568115 2.3813388347625732 2.3813388347625732
366 2.93597149848938 2.0837111473083496 2.0837109088897705
367 2.8945608139038086 1.9712715148925781 1.9712717533111572
368 2.941528558731079 1.9847805500030518 1.9847805500030518
369 2.8209056854248047 1.914546251296997 1.9145461320877075
370 2.907435894012451 1.9660483598709106 1.9660483598709106
371 2.8768956661224365 2.0211634635925293 2.0211634635925293
372 2.9306461811065674 2.090088129043579 2.090088129043579
373 2.9360177516937256 2.1111395359039307 2.1111395359039307
374 2.9274115562438965 2.1052191257476807 2.1052191257476807
375 2.890955686569214 2.0302133560180664 2.0302133560180664
376 2.799518346786499 1.95759916305542 1.95759916305542
377 2.8730273246765137 1.962943434715271 1.962943434715271
378 2.861888885498047 1.9906896352767944 1.9906896352767944
379 2.8252952098846436 1.8589904308319092 1.8589904308319092
380 2.910362482070923 1.9232784509658813 1.9232783317565918
381 2.9109678268432617 2.0100955963134766 2.0100955963134766
382 2.961026668548584 2.066472291946411 2.0664725303649902
383 2.7750494480133057 1.8975646495819092 1.8975646495819092
384 2.902857542037964 2.0468382835388184 2.0468382835388184
385 2.800694704055786 1.818099021911621 1.8180991411209106
386 2.835036277770996 1.961134672164917 1.961134672164917
387 2.7759737968444824 1.9242944717407227 1.9242944717407227
388 2.9574317932128906 2.1087381839752197 2.108738422393799
389 2.933671712875366 2.0346839427948 2.0346839427948
390 2.7652249336242676 1.8915460109710693 1.8915460109710693
391 2.8746869564056396 2.002976179122925 2.002976179122925
392 2.838691473007202 1.9854729175567627 1.9854729175567627
393 2.631033182144165 1.7254843711853027 1.7254842519760132
394 2.6632697582244873 1.776364803314209 1.7763649225234985
395 2.7831478118896484 1.9543014764785767 1.954301357269287
396 2.7631969451904297 1.8360966444015503 1.8360968828201294
397 2.718233585357666 1.8396707773208618 1.8396706581115723
398 2.703094482421875 1.806957721710205 1.806957721710205
399 2.784512996673584 1.9364464282989502 1.9364463090896606
400 2.6854710578918457 1.8564224243164063 1.8564223051071167
401 2.7978293895721436 1.930123209953308 1.930123209953308
402 2.6279516220092773 1.7147469520568848 1.7147470712661743
403 2.7022125720977783 1.854945182800293 1.854945182800293
404 2.7886557579040527 1.9310741424560547 1.9310741424560547
405 2.744955539703369 1.8925824165344238 1.892582654953003
406 2.649887800216675 1.7012583017349243 1.7012581825256348
407 2.73124623298645 1.8122478723526 1.8122478723526
408 2.793057680130005 1.9191460609436035 1.919145941734314
409 2.66347336769104 1.8538366556167603 1.8538366556167603
410 2.5932185649871826 1.6914455890655518 1.6914455890655518
411 2.709662914276123 1.870786428451538 1.870786190032959
412 2.7067904472351074 1.7601349353790283 1.7601349353790283
413 2.7659096717834473 1.7758687734603882 1.775868535041809
414 2.7884857654571533 1.8986934423446655 1.898693323135376
415 2.7407259941101074 1.8391282558441162 1.8391282558441162
416 2.7687313556671143 1.8654310703277588 1.8654309511184692
417 2.869255542755127 1.9480375051498413 1.9480375051498413
418 2.816972494125366 1.9688225984573364 1.9688222408294678
419 2.6159753799438477 1.7003916501998901 1.7003916501998901
420 2.6466293334960938 1.796274185180664 1.796274185180664
421 2.7560462951660156 1.8918884992599487 1.8918882608413696
422 2.6347756385803223 1.688942790031433 1.688942790031433
423 2.6645469665527344 1.7864434719085693 1.7864434719085693
424 2.690742254257202 1.7565877437591553 1.756588101387024
425 2.793748140335083 1.8848445415496826 1.8848445415496826
426 2.715657949447632 1.837432861328125 1.837432861328125
427 2.732632637023926 1.8971457481384277 1.8971457481384277
428 2.8279519081115723 1.9112815856933594 1.9112813472747803
429 2.785208225250244 1.8272329568862915 1.8272329568862915
430 2.7411422729492188 1.8542007207870483 1.8542007207870483
431 2.564157724380493 1.652304768562317 1.652304768562317
432 2.5859620571136475 1.759026050567627 1.759026050567627
433 2.5441441535949707 1.6312134265899658 1.6312134265899658
434 2.5647807121276855 1.7037172317504883 1.7037172317504883
435 2.5278241634368896 1.6244882345199585 1.6244882345199585
436 2.4963459968566895 1.6000038385391235 1.600003957748413
437 2.565819025039673 1.6587538719177246 1.6587538719177246
438 2.5115315914154053 1.6273605823516846 1.6273605823516846
439 2.6700048446655273 1.7835255861282349 1.7835257053375244
440 2.5405232906341553 1.6528122425079346 1.6528122425079346
441 2.5917608737945557 1.782184362411499 1.782184362411499
442 2.614243268966675 1.7396751642227173 1.7396750450134277
443 2.5793724060058594 1.7142822742462158 1.7142819166183472
444 2.6214969158172607 1.7897430658340454 1.789743185043335
445 2.5598394870758057 1.7385121583938599 1.7385119199752808
446 2.75144624710083 1.9706127643585205 1.9706127643585205
447 2.678434133529663 1.8809207677841187 1.880920648574829
448 2.8606505393981934 2.078914165496826 2.078914165496826
449 2.7528936862945557 1.9538971185684204 1.9538971185684204
450 2.6914026737213135 1.7714591026306152 1.7714592218399048
451 2.655801773071289 1.77037513256073 1.7703752517700195
452 2.7306771278381348 1.861859917640686 1.861859917640686
453 2.724757671356201 1.8280665874481201 1.8280664682388306
454 2.7400529384613037 1.905017614364624 1.9050177335739136
455 2.7762367725372314 1.8526586294174194 1.8526586294174194
456 2.7189066410064697 1.9060170650482178 1.9060170650482178
457 2.7426259517669678 1.9405722618103027 1.9405722618103027
458 2.698378562927246 1.903024673461914 1.903024673461914
459 2.5587198734283447 1.7240766286849976 1.7240763902664185
460 2.5718555450439453 1.7721318006515503 1.7721316814422607
461 2.6244475841522217 1.8649123907089233 1.864912509918213
462 2.5514020919799805 1.7755721807479858 1.7755720615386963
463 2.6215012073516846 1.7484729290008545 1.7484729290008545
464 2.63445782661438 1.7740380764007568 1.7740380764007568
465 2.83512020111084 1.9615379571914673 1.9615379571914673
466 2.7556865215301514 1.8996134996414185 1.8996134996414185
467 2.8734257221221924 2.0654618740081787 2.0654618740081787
468 2.9935972690582275 2.152608633041382 2.152608633041382
469 2.7362170219421387 1.850476861000061 1.850476861000061
470 2.6118805408477783 1.6949517726898193 1.6949518918991089
471 2.9280998706817627 2.1308624744415283 2.130862236022949
472 2.86566162109375 2.061741590499878 2.061742067337036
473 2.907700777053833 2.027282476425171 2.027282476425171
474 2.9338173866271973 2.0181009769439697 2.0181009769439697
475 2.845139980316162 1.9714878797531128 1.9714878797531128
476 2.681891441345215 1.7745898962020874 1.7745898962020874
477 2.833472967147827 1.9968537092208862 1.9968535900115967
478 2.784126043319702 1.9244358539581299 1.9244358539581299
479 2.917525053024292 2.0399324893951416 2.0399324893951416
480 2.800762176513672 1.8615528345108032 1.8615528345108032
481 2.8428268432617188 1.981635570526123 1.981635570526123
482 2.9392549991607666 2.1102259159088135 2.1102259159088135
483 2.806358575820923 1.944133996963501 1.9441341161727905
484 2.9541783332824707 2.1333658695220947 2.1333658695220947
485 2.782489776611328 1.883934736251831 1.883934736251831
486 2.682687520980835 1.713585376739502 1.713585376739502
487 2.861011028289795 1.9332555532455444 1.9332555532455444
488 2.8197083473205566 1.9601001739501953 1.9601000547409058
489 2.904096841812134 2.0454256534576416 2.0454256534576416
490 2.6415092945098877 1.720306158065796 1.720306158065796
491 2.6480517387390137 1.7720457315444946 1.7720457315444946
492 2.6199746131896973 1.7097079753875732 1.7097079753875732
493 2.946894407272339 2.0253355503082275 2.0253355503082275
494 2.7924749851226807 1.9301271438598633 1.9301271438598633
495 2.642998456954956 1.7934173345565796 1.793416976928711
496 2.646519184112549 1.6941895484924316 1.6941895484924316
497 2.6750853061676025 1.7833147048950195 1.7833147048950195
498 2.851262331008911 2.047778844833374 2.047778844833374
499 2.8929543495178223 2.0136826038360596 2.0136826038360596
500 2.875962734222412 2.0442519187927246 2.0442519187927246
501 2.9379966259002686 2.1226587295532227 2.1226587295532227
502 2.8575313091278076 1.9726158380508423 1.9726158380508423
503 2.8393914699554443 1.9794189929962158 1.9794191122055054
504 2.680673837661743 1.842728853225708 1.842728853225708
505 2.6838395595550537 1.892000675201416 1.8920009136199951
506 2.628176689147949 1.6631405353546143 1.6631405353546143
507 2.582383632659912 1.6596684455871582 1.6596684455871582
508 2.6673595905303955 1.7967665195465088 1.7967666387557983
509 2.414630174636841 1.5058784484863281 1.5058785676956177
510 2.431081771850586 1.5195924043655396 1.5195924043655396
