5 	 1.7148722410202026
6 	 1.18466055393219
7 	 1.0099220275878906
8 	 1.2364274263381958
9 	 1.1986486911773682
10 	 1.2795732021331787
11 	 0.7810191512107849
12 	 0.6837849617004395
13 	 0.5606034398078918
14 	 0.5354660153388977
15 	 0.4664379060268402
16 	 0.4725152254104614
17 	 0.4950568974018097
18 	 0.4590648412704468
19 	 0.6636983156204224
20 	 0.6235970854759216
21 	 0.6178951263427734
22 	 0.5633825063705444
23 	 0.6422699093818665
24 	 0.6740860342979431
25 	 0.6897197365760803
26 	 0.5957323312759399
27 	 0.6199229955673218
28 	 0.6422921419143677
29 	 0.5820662379264832
30 	 0.5393890142440796
31 	 0.6830093264579773
32 	 0.806748628616333
33 	 0.7826420068740845
34 	 0.6433762907981873
35 	 0.6600576043128967
36 	 0.76582270860672
37 	 0.6667301058769226
38 	 0.5803649425506592
39 	 0.7335659265518188
40 	 0.8249068260192871
41 	 0.7475855350494385
42 	 0.8205443620681763
43 	 0.6505545377731323
44 	 0.6749709844589233
45 	 0.6626467704772949
46 	 0.6317735910415649
47 	 0.580145001411438
48 	 0.6208118200302124
49 	 0.7037785053253174
50 	 1.0627363920211792
51 	 1.2706934213638306
52 	 0.8965171575546265
53 	 0.9871365427970886
54 	 0.9775756597518921
55 	 0.9556708931922913
56 	 0.8862302303314209
57 	 0.7746009826660156
58 	 0.7995865941047668
59 	 0.8017906546592712
60 	 0.7393355965614319
61 	 0.7859658002853394
62 	 0.9940806031227112
63 	 1.1033483743667603
64 	 1.179840326309204
65 	 0.9272512793540955
66 	 1.02899169921875
67 	 1.0434770584106445
68 	 0.7571974396705627
69 	 0.683741569519043
70 	 0.558670163154602
71 	 0.5121369361877441
72 	 0.4620586037635803
73 	 0.39731597900390625
74 	 0.4022270143032074
75 	 0.37198445200920105
76 	 0.42295148968696594
77 	 0.3846021890640259
78 	 0.4190908968448639
79 	 0.3691669702529907
80 	 0.3923090398311615
81 	 0.3840325176715851
82 	 0.441764235496521
83 	 0.44501879811286926
84 	 0.43375536799430847
85 	 0.44128015637397766
86 	 0.5062170028686523
87 	 0.552859902381897
88 	 0.7054075002670288
89 	 0.9516035318374634
90 	 0.9324457049369812
91 	 1.2194738388061523
92 	 0.9655266404151917
93 	 0.7600928544998169
94 	 0.8622254133224487
95 	 0.9009007811546326
96 	 0.7366825342178345
97 	 0.7716909646987915
98 	 0.8834518194198608
99 	 0.6834174394607544
100 	 0.576088011264801
101 	 0.48940905928611755
102 	 0.475390762090683
103 	 0.4185248017311096
104 	 0.4152989983558655
105 	 0.44361335039138794
106 	 0.42892763018608093
107 	 0.45486006140708923
108 	 0.4746124744415283
109 	 0.525364100933075
110 	 0.48701027035713196
111 	 0.45880836248397827
112 	 0.47762835025787354
113 	 0.4772535264492035
114 	 0.5692196488380432
115 	 0.6272349953651428
116 	 0.6922034621238708
117 	 0.7393243908882141
118 	 0.9363141059875488
119 	 1.103247880935669
120 	 1.1243877410888672
121 	 1.319535255432129
122 	 1.250154972076416
123 	 1.7372710704803467
124 	 1.3062657117843628
125 	 1.1299992799758911
126 	 1.2580671310424805
127 	 1.3475863933563232
128 	 1.2411495447158813
129 	 0.9222339987754822
130 	 0.6725777387619019
131 	 0.5626672506332397
132 	 0.6579346656799316
133 	 0.6398647427558899
134 	 0.5261801481246948
135 	 0.5132765769958496
136 	 0.6001361012458801
137 	 0.6561787724494934
138 	 0.626966118812561
139 	 0.5888709425926208
140 	 0.7303193807601929
141 	 0.7615938782691956
142 	 1.006516933441162
143 	 0.8507398962974548
144 	 0.862159788608551
145 	 0.732805073261261
146 	 0.5798693299293518
147 	 0.4961690604686737
148 	 0.49359768629074097
149 	 0.4067838490009308
150 	 0.4200608730316162
151 	 0.39910876750946045
152 	 0.4634251296520233
153 	 0.5166122913360596
154 	 0.6767408847808838
155 	 1.3904374837875366
156 	 2.295762777328491
157 	 1.2768149375915527
158 	 1.0016769170761108
159 	 0.4932118058204651
160 	 0.4222809374332428
161 	 0.4268842041492462
162 	 0.42546671628952026
163 	 0.47395581007003784
164 	 0.42159926891326904
165 	 0.39148005843162537
166 	 0.4102613627910614
167 	 0.3516795039176941
168 	 0.3821181356906891
169 	 0.39825496077537537
170 	 0.476202130317688
171 	 0.4812089204788208
172 	 0.47782769799232483
173 	 0.4636310636997223
174 	 0.45336905121803284
175 	 0.581803023815155
176 	 0.7044582366943359
177 	 0.584121823310852
178 	 0.614928126335144
179 	 0.820794403553009
180 	 0.6986128687858582
181 	 0.6559232473373413
182 	 0.7252532839775085
183 	 0.7369807362556458
184 	 0.6378337740898132
185 	 0.7013932466506958
186 	 0.6650879383087158
187 	 0.5052054524421692
188 	 0.47525250911712646
189 	 0.562079131603241
190 	 0.5581928491592407
191 	 0.5198349356651306
192 	 0.5136509537696838
193 	 0.6494089365005493
194 	 0.6300573945045471
195 	 0.5671265125274658
196 	 0.6655576229095459
197 	 0.9053405523300171
198 	 0.9829132556915283
199 	 0.6700450778007507
200 	 0.7077730894088745
201 	 0.5939752459526062
202 	 0.47031232714653015
203 	 0.4876340925693512
204 	 0.5029428005218506
205 	 0.4785389304161072
206 	 0.41298675537109375
207 	 0.4062155485153198
208 	 0.41145703196525574
209 	 0.44768139719963074
210 	 0.6413078904151917
211 	 0.8190152049064636
212 	 1.2146236896514893
213 	 1.1646674871444702
214 	 1.6106268167495728
215 	 2.7792866230010986
216 	 3.51224684715271
217 	 2.843195676803589
218 	 3.0983316898345947
219 	 2.5896096229553223
220 	 2.586472988128662
221 	 1.7884190082550049
222 	 2.552727699279785
223 	 3.0811259746551514
224 	 3.6823618412017822
225 	 4.261106967926025
226 	 4.130143642425537
227 	 3.0443167686462402
228 	 2.0840439796447754
229 	 1.546138048171997
230 	 1.0336700677871704
231 	 0.6804643869400024
232 	 0.7694947719573975
233 	 0.7513168454170227
234 	 0.6985999941825867
235 	 0.7363701462745667
236 	 0.8113296031951904
237 	 0.7660284638404846
238 	 0.9229333400726318
239 	 0.8155345320701599
240 	 0.7716350555419922
241 	 0.6823816299438477
242 	 0.8297002911567688
243 	 0.9084436297416687
244 	 0.8059812188148499
245 	 0.5678372979164124
246 	 0.5613451600074768
247 	 0.5615540146827698
248 	 0.5855433344841003
249 	 0.8045993447303772
250 	 0.7168443202972412
251 	 0.5953189730644226
252 	 0.5310609936714172
253 	 0.4488823115825653
254 	 0.396463006734848
255 	 0.35172444581985474
256 	 0.34027376770973206
257 	 0.36287662386894226
258 	 0.39051103591918945
259 	 0.45189255475997925
260 	 0.4500632584095001
261 	 0.7119562029838562
262 	 1.2265827655792236
263 	 0.6987321376800537
264 	 0.6376293897628784
265 	 0.5558611154556274
266 	 0.5863901972770691
267 	 0.7758689522743225
268 	 0.5978820323944092
269 	 0.642436683177948
270 	 0.8888278007507324
271 	 1.2858186960220337
272 	 1.8817968368530273
273 	 3.3668689727783203
274 	 3.5790607929229736
275 	 3.2193191051483154
276 	 2.336876630783081
277 	 1.874145746231079
278 	 1.7071800231933594
279 	 1.315806269645691
280 	 0.793207585811615
281 	 0.5583710074424744
282 	 0.42920804023742676
283 	 0.3820262849330902
284 	 0.3971558213233948
285 	 0.40741005539894104
286 	 0.4395761489868164
287 	 0.5933325290679932
288 	 0.6123483180999756
289 	 0.7558332085609436
290 	 0.6554989814758301
291 	 0.8156629800796509
292 	 0.7861823439598083
293 	 0.8000828623771667
294 	 0.7205151915550232
295 	 0.6758580207824707
296 	 0.7065804600715637
297 	 0.6984537839889526
298 	 0.6332953572273254
299 	 0.6410062313079834
300 	 0.7379900813102722
301 	 0.7052269577980042
302 	 0.7776392102241516
303 	 0.9679720401763916
304 	 1.2548809051513672
305 	 1.250961422920227
306 	 1.062069296836853
307 	 0.9525251388549805
308 	 1.2313232421875
309 	 1.1517786979675293
310 	 1.1351181268692017
311 	 1.2000104188919067
312 	 0.8562511205673218
313 	 0.8820791840553284
314 	 0.6128506064414978
315 	 0.5563548803329468
316 	 0.5115858316421509
317 	 0.49772998690605164
318 	 0.5197569131851196
319 	 0.47897279262542725
320 	 0.4278433322906494
321 	 0.4738411009311676
322 	 0.41516855359077454
323 	 0.38496044278144836
324 	 0.3605406582355499
325 	 0.3656819462776184
326 	 0.42674878239631653
327 	 0.5090041756629944
328 	 0.6929917931556702
329 	 1.0171977281570435
330 	 0.9670990705490112
331 	 0.7229281663894653
332 	 0.6023188233375549
333 	 0.5114823579788208
334 	 0.44855302572250366
335 	 0.40139585733413696
336 	 0.3665563464164734
337 	 0.3727090656757355
338 	 0.3955923318862915
339 	 0.40000903606414795
340 	 0.5139696002006531
341 	 0.534563422203064
342 	 0.5382274389266968
343 	 0.5282959938049316
344 	 0.496923565864563
345 	 0.4430326521396637
346 	 0.396379292011261
347 	 0.3716723322868347
348 	 0.41797953844070435
349 	 0.4400114417076111
350 	 0.46636196970939636
351 	 0.4980206787586212
352 	 0.6561123728752136
353 	 0.7741633653640747
354 	 0.8167631030082703
355 	 0.7833115458488464
356 	 0.6496082544326782
357 	 0.5837142467498779
358 	 0.7635387778282166
359 	 1.1831376552581787
360 	 2.082212209701538
