0 3.1488945122730456
1 2.6632068963777047
2 2.6740517459038124
3 3.0934694930655118
4 3.379759693664845
5 2.9605637642356437
6 2.615495544170921
7 3.153981472870466
8 2.6861822897429657
9 2.7265671735221124
10 2.862379307376268
11 3.407881076417756
12 2.6528850001233963
13 2.5396934510970213
14 2.9624588661446145
15 2.6688409531521997
16 2.842584863556754
17 3.0589873917716104
18 3.0896712429892133
19 2.680464057179408
20 3.0022457134235863
21 2.692172971618788
22 2.8383884743872647
23 2.5850859365986447
24 2.5811621672342695
25 2.7187516606252538
26 2.684297945314829
27 3.1585995186478546
28 2.6093749335979544
29 2.624709974306164
30 2.6829095190326253
31 2.66618394108102
32 2.4588889818786903
33 2.730996494973842
34 2.5994524717411274
35 2.6821118732680365
36 2.7431774642130367
37 2.7414135845118026
38 2.715875491449048
39 2.5411604115333546
40 2.5146704073202
41 2.571288539279175
42 2.722445247782306
43 2.5629477742175624
44 2.77160628507497
45 3.076500642104547
46 2.787182796852349
47 2.6847317902569414
48 2.6695173257139193
49 2.631889589399567
50 2.732708768127214
51 2.698325610552781
52 2.7035382979471927
53 3.21400582180982
54 2.9565818151089633
55 2.633470105051223
56 2.672538746940645
57 2.660822637522989
58 2.787125970607851
59 2.9524371816422432
60 2.8110525702160096
61 2.600766998380077
62 3.0164329475289016
63 3.0041522320258935
64 2.742714364141182
65 2.7270454579450414
66 2.5703432544780043
67 2.733082250802317
68 2.717767511851759
69 2.588932916790029
70 2.7755215341459643
71 2.7618268451791543
72 2.550203871928377
73 2.7106368481955685
74 2.634834615940786
75 2.6678733032824287
76 2.6770877574502063
77 2.5533177820846675
78 2.621986158532321
79 3.896806311485893
80 3.3162502033109247
81 2.764360626543276
82 2.957806844107552
83 2.7697808640840433
84 2.7496059228620773
85 2.543163837657821
86 2.679174086755136
87 2.5802295034255356
88 2.659561338975634
89 2.6681440896492035
90 2.6084974214952013
91 2.9115849019531015
92 2.6791308321495104
93 2.6610056854262387
94 2.5874806984518064
95 2.676194004178229
96 2.8518409836057272
97 2.5901812793889514
98 2.619655511731306
99 2.557918112922824
100 2.726904074305295
101 2.6403217003858495
102 2.6377366684012205
103 2.626676013068531
104 2.9888642764391884
105 2.7274245804387216
106 2.6566225731498774
107 2.6948152093353386
108 2.7352858087532383
109 2.7160702863139026
110 2.6760386872674675
111 2.707913652056962
112 2.850301394411724
113 3.0071537130590458
114 2.917126392197472
115 2.540455486659574
116 2.5002044986472822
117 2.677036164561878
118 2.681401275581794
119 2.6288773476717564
120 2.7389461698376065
121 3.032577746285485
122 3.196379312808401
123 2.7734562896237684
124 2.6606224174445168
125 2.7130641994452436
126 6.353589874758565
127 3.9877851864572538
128 5.848317539214864
129 5.1627099624040005
130 5.133775844994272
131 4.752063949475636
132 5.229837971666168
133 4.641491604187284
134 2.9222632689723906
135 2.6380750706247245
136 2.727099950201682
137 2.7418348720227548
138 2.8418632181176653
139 2.696657770040203
140 4.200010914911786
141 4.654268219187791
142 5.324513417479591
143 5.228283193774374
144 2.7225186344247825
145 5.6208731724040435
146 4.813922085144712
147 4.395255226948929
148 2.6906049116697397
149 2.8351427756329035
150 2.6685268713021584
151 2.7342325178963947
152 2.669831185638612
153 2.5891169887706615
154 2.5377695522771186
155 2.878925384625291
156 2.6265498890095254
157 2.862854898602263
158 3.178903707803778
159 2.641169289471511
160 2.8033047081524516
161 2.7018269742261745
162 2.941945770533326
163 4.187724381609106
164 2.634482601674544
165 2.8927893925082837
166 2.5674052227319315
167 4.965979818771007
168 2.715243574053784
169 2.6035994630409895
170 2.7283785645195078
171 2.6280792586769537
172 2.746598936334216
173 2.6426131362467578
174 2.5394175773202945
175 2.7499674998793013
176 2.619014036057704
177 2.6198794934584972
178 2.693756316256032
179 2.529863174133887
180 2.8158065900962885
181 2.564081448742071
182 2.6815490913275255
183 2.725597892835309
184 2.575212064077915
185 2.66945931101063
186 2.6460983211668565
187 2.624864457966511
188 2.85712326934775
189 2.4978358128578853
190 2.637955800427368
191 2.634893088214982
192 2.6478536501413084
193 2.601425151665471
194 2.6427837825185705
195 2.5618289230569635
196 2.674655063275154
197 2.6312510560997886
198 2.7876807475386527
199 2.73013148863646
200 2.6748804354290234
201 2.6728842078838144
202 2.7010477941054707
203 2.706161946704692
204 2.733431763941491
205 2.7854821627695148
206 2.5408123164602334
207 2.69921976738481
208 2.7605249353583194
209 2.650151478869571
210 2.754686983154116
211 2.6345208338924904
212 2.6721957407324246
213 2.7614389725167854
214 2.9224674534890194
215 2.6337917486884708
216 2.615130277542058
217 2.6684698303188155
218 2.6380072083243857
219 2.544520444734488
220 2.7835759481753453
221 2.7950680131151318
222 2.5510974292973074
223 2.9225298686114964
224 2.5999805298273135
225 2.816532048343803
226 2.6112455749986254
227 2.59016620715612
228 2.775987175399799
229 2.6675029111115776
230 2.7150199488710753
231 2.7361668685404434
232 2.58547578812965
233 2.859894770412991
234 2.6525852115752144
235 2.6634787723926454
236 2.6742515447714195
237 2.689858241384289
238 4.277767440535782
239 4.657309054287289
240 5.548179431439294
241 4.433009230201186
242 3.8579225543116227
243 4.330235531116504
244 2.5978547860477943
245 2.602484376291673
246 2.563810797400115
247 2.6048790085019333
248 2.711884714802711
249 2.685087792191011
250 2.670985885804837
251 2.619326411236104
252 2.891283589769107
253 2.581959165836108
254 2.590108381319761
255 2.6168953574331493
256 2.6544106852587825
257 2.7443200600998154
258 2.7260912957395163
259 2.5823749935542786
260 2.824090561609322
261 3.0235755501626755
262 2.8221998701822795
263 2.7402772134909164
264 2.6360318751780953
265 2.5763074616822594
266 2.7063637731991554
267 2.6604444831066827
268 2.7913948266238684
269 2.6387938887333067
270 2.576059056932007
271 2.772512773802035
272 2.637318724554823
273 2.592423835184147
274 2.9049453329117565
275 2.958228370641084
276 2.639602601712505
277 2.6539415031947775
278 2.5922234997997045
279 2.6355309786309675
280 2.5763805683752103
281 2.6753542478293375
282 2.642524815403925
283 2.8032402220275623
284 2.6667133819984694
285 2.7175492458943142
286 2.7462703701134368
287 2.7083263812786984
288 2.6104608589358853
289 2.6864631028773265
290 2.99670581359854
291 2.5269957612374685
292 2.659221900556686
293 2.8481705468087064
294 2.6921972636626634
295 2.686916299830623
296 2.6697595460971133
297 2.564662677795871
298 2.613438473289284
299 2.5704244308176416
300 2.8958511482236657
301 2.7342523088088178
302 2.602751530141676
303 2.990264937585304
304 2.616365557294121
305 2.7493225839045716
306 2.5564242928387935
307 2.713092758622022
308 2.7357628222290553
309 2.479635194891396
310 2.7651379061358683
311 2.5266405173578366
312 2.8500309684233542
313 2.7230965068207698
314 2.5346887794157347
315 2.844490291626998
316 2.586309027540034
317 2.5959777321490645
318 2.6571201263765745
319 2.7201556848922723
320 2.749898190510128
321 2.593322391952744
322 2.8051490349523975
323 2.793510445354881
324 2.654339582490475
325 2.7144266688808676
326 2.810790252041016
327 2.6434925192600494
328 2.682846811738987
329 2.663441874654716
330 2.7010065259360427
331 2.63761154355359
332 2.563325607288612
333 2.775619031798317
334 4.919157073241475
335 4.714430485861846
336 3.0154086242866875
337 2.5069723767055856
338 2.7308836104661283
339 2.7682632197425034
340 2.567569305300448
341 2.743865783678534
342 2.7015436732046267
343 3.1818947513973237
344 2.6716037697306967
345 2.855353341123726
346 2.8580106188742382
347 2.850705367586235
348 2.7234102762462133
349 2.7571524304400747
350 2.5391912493801123
351 2.8330737614319634
352 2.8482842170913876
353 2.6920337892629225
354 2.679785014670611
355 2.754020525667915
356 2.6049941183580474
357 2.5615967681529015
358 2.655042343653626
359 2.781269644446532
360 2.595596945139604
361 3.016075609716483
362 2.531891692236344
363 2.661837632227975
364 2.752648301467322
365 4.570474446679478
366 2.8419449970242274
367 2.6887366798960883
368 2.6036637496581356
369 2.635279062410654
370 2.5384738310041284
371 2.8243826319799243
372 2.737997925933886
373 2.774631681132074
374 2.626382559482402
375 2.6625126185887567
376 2.7156883076421217
377 2.7284531760200896
378 2.6083735101315475
379 3.0958630725651703
380 2.645883889014915
381 2.64400979143598
382 2.618137742618572
383 2.695771077574239
384 2.9585249946200167
385 2.60114538946215
386 2.532354817514482
387 2.8291743020821913
388 2.6522442352057087
389 2.56376313894516
390 2.5776418652267057
391 2.649637815938372
392 2.7344379109444175
393 2.6136185609655866
394 2.7848632889266036
395 2.7546754207209383
396 2.6825994327429425
397 2.7038179954998913
398 2.8805234455534556
399 2.8618634119977195
400 2.627362581333793
401 2.6696296915933537
402 2.6718568375059952
403 2.6073879331806067
404 2.6645181861224345
405 2.870364978049756
406 2.671196063023635
407 2.885385509845318
408 2.8384727724012437
409 2.726069966631076
410 2.641368797929152
411 2.7318290892219443
412 2.6872308847300235
413 2.9032278615130322
414 2.667691752599752
415 2.807378307601988
416 2.5654317600467653
417 2.939505810160632
418 2.621888445600962
419 2.6506782947154757
420 2.7289988752891388
421 2.6493862498158682
422 2.670406353291264
423 2.68996581788
424 2.8702950950827373
425 2.673329908941618
426 2.6412270994302003
427 2.655533644502369
428 2.6881576215265106
429 2.6484239599115327
430 2.5516801512427962
431 2.537628377714523
432 2.7181142373451803
433 2.490325558643963
434 2.6101870169923864
435 2.67030129282887
436 2.6350520902441543
437 2.7277907356262436
438 2.6605061564779464
439 2.8264027854982525
440 2.8914280866643964
441 2.6532524779767646
442 2.611279670807101
443 2.6269388196309564
444 2.6196176281027257
445 2.544982530753224
446 2.6237117888386607
447 2.657359000623079
448 2.6488244614040677
449 2.6117042468561693
450 2.7023628400967086
451 2.709175029734221
452 2.653096368945406
453 2.7687135268816427
454 2.643860742008259
455 2.7779459958126997
456 2.6422452597587216
457 2.601043425169158
458 2.8249547316804513
459 2.7286886306805163
460 2.5822694176361884
461 2.5470092918849283
462 2.6142980038568493
463 2.556676407421515
464 2.631644519196763
465 2.6419681271656925
466 2.660091984437711
467 2.6595467869998792
468 2.6938435883717227
469 2.7600590718035996
470 2.8207373237910285
471 2.5568399223562355
472 2.619405143124638
473 2.6589476579744877
474 2.663469260844217
475 2.637575420313339
476 2.7138384051251543
477 2.596921167281545
478 2.6432476870716717
479 2.6834572341689067
480 2.629497133146504
481 2.6190723772877345
482 2.776021590991916
483 2.7646543025251615
484 2.822487028890294
485 2.5820106440155315
486 2.9255294482164027
487 2.6705944959044587
488 2.63784493385716
489 2.5242413007262052
490 2.6257971743669666
491 2.6490689088719948
492 2.7090686883323234
493 2.7686643152229657
494 2.6946050311859016
495 2.614852442691935
496 2.7943357995935356
497 2.6599519395127453
498 2.7656954341546602
499 2.5777675889378546
500 2.718517022835004
501 2.7396901051559723
502 2.556790749925859
503 2.6496491338210824
504 2.7206717330611556
505 2.7474424271378814
506 2.546995905769882
507 2.6572190822304544
508 2.6480225251346687
509 2.7208944730309557
510 2.777920490581016
