0 15.464830866140828
1 15.710332661593622
2 15.92519709484043
3 15.90212247773723
4 16.191940211008184
5 16.393569360368694
6 16.344112170383045
7 17.004474650226854
8 15.783564998484536
9 16.52686712227105
10 16.51988033811673
11 16.75458447817301
12 17.727775524673053
13 16.00444156901453
14 17.208531746281423
15 16.951785276104086
16 16.91501450334737
17 17.333773783501446
18 17.22271482412979
19 16.84342467347208
20 17.001514141811633
21 18.101986251290064
22 17.565529741926355
23 16.14067084559365
24 18.40190726244976
25 18.01974454282395
26 17.139451953522034
27 16.767621199149545
28 18.176952374844443
29 17.052380584242982
30 16.46499622407953
31 17.092239396790387
32 16.854286476271778
33 17.142046936101668
34 18.08261825653465
35 17.37957346416788
36 18.45014872557018
37 17.652571301804965
38 18.318944576325475
39 17.579583076333137
40 17.89723578216351
41 17.57567968779526
42 17.630931130961155
43 17.436911093596578
44 17.99028064170024
45 17.964469268065898
46 18.954074017151182
47 17.58083577600803
48 18.223920730266226
49 18.16353554035468
50 17.618509621433855
51 17.46667420841162
52 16.70371112671933
53 18.760524019473454
54 18.463356110866574
55 17.666695115870095
56 18.60871425811988
57 18.27648045329864
58 17.967251741167775
59 18.706287212365577
60 18.108360749982083
61 18.69792388418634
62 18.210827303226285
63 18.634557317643736
64 17.54559645664173
65 18.45941336220433
66 17.935437091148955
67 18.928919694710984
68 18.147579857524125
69 18.140533669355992
70 18.793787601819737
71 18.55435054540897
72 18.55701181306886
73 18.499959487975048
74 17.702833967665484
75 18.092468730733707
76 18.422359004184756
77 18.494004695843387
78 18.039610525549033
79 18.664644849420124
80 18.32022867208283
81 17.81586084704537
82 18.78325086847371
83 18.725113233438194
84 18.524582506306743
85 18.653783501921403
86 18.22634235777062
87 18.630902191850563
88 18.827598378191414
89 18.26171274546455
90 18.66356859591958
91 18.090758062848018
92 18.439849386041892
93 17.577675001551977
94 18.341215569056498
95 18.404570682222495
96 18.28120737982469
97 18.104711183758393
98 18.60341442857222
99 18.20900226798946
100 18.163363408380935
101 18.65575333271999
102 18.852967104079656
103 18.007694678216453
104 18.726119143660835
105 17.92409375550967
106 19.10957708096059
107 18.5225354610934
108 18.144620854800028
109 17.69192529069192
110 18.319094277032164
111 18.544498775903463
112 18.239422604386622
113 18.241474606401898
114 17.697779476923536
115 18.4062296990214
116 18.282762793293436
117 18.366365705041087
118 18.11053120377695
119 17.664752165449105
120 17.76762300027164
121 18.84433076808576
122 17.509552878367426
123 17.951249869327732
124 17.893685259758804
125 18.166574061666275
126 16.218997688834953
127 17.463805282759235
128 18.278588693540307
129 17.51357452009708
130 17.31630034904714
131 18.2782301652256
132 18.900041959129595
133 18.835448214653624
134 18.73308667271146
135 18.303196172546915
136 18.175495595350622
137 18.13235656747171
138 17.553035234856782
139 18.328744991164896
140 17.583217441920393
141 17.909118928475053
142 17.12359626393363
143 17.39735978053106
144 18.346188269053116
145 17.362732324602884
146 18.21553568690359
147 17.64979319694778
148 17.916229163027165
149 17.989183433248368
150 17.589925806632404
151 18.13750349637751
152 17.935004783534502
153 18.127309209289095
154 18.070749814620918
155 18.442100265608502
156 18.512234724654057
157 18.394628428765756
158 16.865516851087396
159 18.73433830408878
160 17.633216664709924
161 17.816121904940434
162 18.501373665407918
163 17.425968242109235
164 17.71036374632216
165 17.23581000956232
166 18.067142080572438
167 16.94391004625196
168 17.56241772610373
169 17.272030372492893
170 18.47582682007729
171 17.35876905680008
172 18.126647934425716
173 18.386400878711534
174 18.034753275208956
175 18.82678538174875
176 18.05527372408404
177 17.721469055255316
178 17.340186060922985
179 16.94139583002323
180 17.76600560772471
181 17.702716792190774
182 17.18992854359882
183 17.98714170276346
184 18.83058403524983
185 17.11250996746956
186 17.116778862046854
187 18.211899545450223
188 17.709594286270296
189 18.694443006454062
190 18.61437078843897
191 18.837896154756088
192 18.04210102559395
193 17.160489342143325
194 18.351625690829856
195 17.644555825704945
196 17.82615072952646
197 18.739680201489666
198 16.521560341616937
199 16.423606953827743
200 17.91309617258229
201 18.75747790874812
202 17.395428321335014
203 18.304995555341474
204 17.821387233553278
205 17.138441026476592
206 17.833805492626695
207 17.517368951403586
208 17.475980085330402
209 18.00749443722245
210 17.966064279845668
211 18.144403992749027
212 17.410584331445236
213 18.229347102810216
214 18.006301350517173
215 18.712344676721113
216 17.824648645236614
217 18.26215819890983
218 18.499308100466763
219 18.71153171656712
220 18.93609590114414
221 18.047827188871736
222 18.57871373462492
223 18.29485297073889
224 17.92197301348678
225 17.558140354152883
226 18.018855293190875
227 18.505613303027413
228 17.22930900311076
229 18.091059651735893
230 18.793878742082963
231 18.644359773547304
232 18.78938583574891
233 16.705532184988225
234 18.307915919880944
235 18.25848856605237
236 17.33152306215506
237 18.544758734917224
238 19.55669606441456
239 18.249366919125766
240 19.04631322456279
241 19.033522103943216
242 18.013238050146164
243 18.36636343677988
244 17.352385139020416
245 18.221228927505063
246 18.630845069773244
247 18.169379558568135
248 18.21567421916483
249 19.275611371870312
250 18.105385511012805
251 17.377562343324428
252 19.28612998708799
253 18.29439503562194
254 17.81071881554839
255 17.855024011726936
256 18.194654714402436
257 18.221497424593988
258 18.276774922075212
259 17.479320058582132
260 17.35015138361851
261 18.250442224013437
262 17.139442521909462
263 18.78347123751766
264 19.039218322492374
265 18.582270435211203
266 18.101616521315577
267 18.301869092313268
268 16.47168705298245
269 18.02977591499177
270 17.269544855884888
271 16.7541252589363
272 18.26226599216553
273 18.10651712114311
274 18.79756437373137
275 16.853751720751806
276 18.846313254778043
277 19.135792771899723
278 18.13145700008695
279 18.0109651888591
280 17.968670404053587
281 18.328821789804714
282 17.18012135451731
283 18.430610677941687
284 17.1029294424834
285 18.3082358566378
286 18.160766626881543
287 16.654213460107822
288 18.654626607845582
289 18.0987155681041
290 18.092039790612674
291 17.7337214092028
292 17.102832969550658
293 16.90822797330663
294 17.866837977145863
295 17.490331887275566
296 17.686435869523102
297 18.35611222346683
298 18.333401086213808
299 18.314591872300586
300 18.040094511566796
301 18.248050143012016
302 17.81710136942952
303 17.61797496369671
304 18.05522112633379
305 17.883941299398263
306 17.940979606691705
307 17.533417583060793
308 18.22126686523562
309 17.287472424783374
310 18.479589328770867
311 18.360824021033856
312 16.49915093388279
313 19.01183039431317
314 18.542443285188913
315 17.376776336834528
316 18.618387469099922
317 19.988421683987692
318 18.510379876312136
319 17.212589035009973
320 18.647161494601036
321 17.45185235231764
322 17.602944519743456
323 17.82011279069669
324 17.732452686051424
325 17.424908031263726
326 18.440823529061177
327 18.197366437566895
328 18.525292012829215
329 16.7037395479279
330 19.077598756656172
331 18.23121652987688
332 18.173617519420638
333 17.724380521895352
334 17.856557474027433
335 17.68408456079692
336 16.63048583972163
337 16.792473585755847
338 17.687191290004005
339 17.923499088346748
340 17.772299247513438
341 17.135456856984746
342 17.50778725475438
343 18.307512092638998
344 18.504352318934323
345 18.183875579751877
346 17.223389239644675
347 16.311892013949247
348 17.47530257686408
349 16.577967295938475
350 16.9511895378017
351 16.742441043623923
352 17.530505647956815
353 17.169904074246528
354 18.378866496162228
355 16.579796616403673
356 17.67675477877539
357 16.970648666315224
358 17.74946004831134
359 17.234732957553454
360 17.965837779048343
361 16.98100137411328
362 17.347512126750246
363 17.166665134372305
364 17.800060776403384
365 17.66044970061063
366 17.210550546995925
367 15.702837000021063
368 18.37548379931887
369 17.03191431235417
370 17.18057415795526
371 17.53894981995861
372 16.956788847896746
373 16.106863016991774
374 17.79264171526727
375 18.72321008677859
376 15.974405381323589
377 16.347376833381684
378 16.571552547369375
379 16.94656266044519
380 16.78387672788602
381 17.362509023244574
382 18.07720647288915
383 17.43806164695644
384 16.993028659688484
385 17.649893909264907
386 18.484271116483253
387 18.791414960970098
388 18.4788185873798
389 18.112161932487535
390 16.355292850622224
391 17.358046220414362
392 16.51772812824252
393 16.33478836319181
394 17.597040976287687
395 17.25834469109076
396 15.555721319605682
397 17.367083779710878
398 16.675654339726222
399 17.382014595074303
400 16.669660936451464
401 18.01483636556809
402 17.06488356162771
403 16.84832044649903
404 16.251401502929863
405 16.536222580159432
406 17.52396683084357
407 16.860862604601895
408 16.487546205132187
409 15.894177158876623
410 15.716818506216898
411 18.1036153745673
412 17.166391812421548
413 17.086181632892195
414 16.434139334147996
415 16.553951656779137
416 17.236742045529535
417 17.27628402798429
418 16.872905548952033
419 16.41001906424805
420 17.849187801596084
421 16.657247062041247
422 16.083460932958484
423 16.678636030243737
424 15.057774440937122
425 16.407868036206825
426 16.309661097223152
427 16.505533134766097
428 16.56115561979583
429 17.41577582339635
430 17.338426944002652
431 18.14504379313965
432 17.474906304624124
433 17.015620733175876
434 17.175061790009206
435 15.75753113950322
436 16.224322142549212
437 16.41415502657206
438 17.43696057977398
439 17.522291686211457
440 17.303229887591595
441 16.72296617861604
442 15.209707302238842
443 15.708204881795114
444 16.5236688260624
445 16.66482715329901
446 17.730383105180422
447 17.75289115510989
448 17.58070124424041
449 16.96471834084277
450 18.0969568436505
451 16.97080025094401
452 17.55998776046217
453 15.814182055103423
454 17.193119736315822
455 15.82402953044927
456 17.69779022283955
457 17.35141314007134
458 16.365015175022794
459 16.92843983964332
460 18.69469917677217
461 16.7055233165404
462 17.17053440409289
463 17.97612196740108
464 15.57827403041575
465 17.16658354118529
466 17.52005209175741
467 17.694083515227
468 17.514048466151028
469 16.86933456753338
470 17.557289291017113
471 18.08076946711635
472 17.525490753654484
473 16.303555083669362
474 17.851035669036644
475 16.93427862409756
476 16.178191205038896
477 14.922835148797954
478 16.215889815964186
479 16.03221222282911
480 15.586576861300273
481 15.621093511636149
482 16.695054713092013
483 17.275747956075687
484 15.4846835601867
485 16.56399462938091
486 15.697957217086005
487 15.022912817733713
488 18.721668723425584
489 17.506250296688016
490 16.69585350635346
491 17.58394241908168
492 17.29416838768682
493 17.035840883770785
494 16.15269444602385
495 17.196947918772178
496 17.848191977013524
497 16.099606538271406
498 17.206693188145806
499 17.429475567898645
500 16.605193185977004
501 16.88584036769498
502 17.953986019384363
503 17.381846205515725
504 17.374098171885958
505 18.28028546150682
506 16.31073212157647
507 17.749142654641176
508 17.47646765276054
509 18.42253623562729
510 17.694938636507562
