0 3.794872571979206
1 3.289514934450724
2 3.4764289039752243
3 3.2036841687053665
4 3.1709255778664263
5 2.993891455577009
6 2.748276356065232
7 2.6127151720293678
8 3.047766616194077
9 2.614580510163242
10 2.7441335317464444
11 2.874248209312592
12 3.077826979049064
13 3.161860473853693
14 2.692164414161934
15 3.013363049388515
16 4.258512288133907
17 2.8202505731493774
18 2.918181824619016
19 2.6462189951075197
20 2.791732169039252
21 2.696035652484672
22 2.8989672768418013
23 2.8389932887336005
24 2.761733285984554
25 4.17570565189381
26 2.9226957295920735
27 2.6651059560117303
28 6.451424076766971
29 7.6347277982754855
30 4.977559360848455
31 6.55812585413728
32 4.456625935809771
33 4.122323996575216
34 4.317053757441508
35 2.6877128295532833
36 2.942108386137771
37 2.8495625410238397
38 3.0067713051027374
39 2.7262585316252093
40 2.8130859201403746
41 3.0844188896065297
42 3.8734958553194527
43 2.944853776201326
44 3.5133238836439773
45 2.7054182576797694
46 3.659016061702763
47 2.7071252847690963
48 3.0219721520259872
49 2.7961473366590415
50 2.9419060407335254
51 2.7940512535027238
52 4.72866219770225
53 4.443931218376933
54 2.8411669558534767
55 2.8777623942092028
56 2.9386843268919
57 2.581347377387942
58 2.8969616385652612
59 2.883326738820949
60 2.74411258169064
61 2.9263801155710074
62 2.6230832297902094
63 2.653718478678006
64 3.8248645962215284
65 2.665854730411502
66 2.79237864951636
67 2.8104884572834177
68 2.88836196775754
69 2.932936769456434
70 2.6012885514989534
71 2.773538718220975
72 2.7980305214389283
73 2.791508594594604
74 2.7651367326098164
75 5.280047461861535
76 4.115381900330124
77 4.023329428787549
78 3.4923873475414413
79 2.666778677388526
80 2.9900289129425204
81 4.793218420479312
82 2.8150727408875524
83 3.090356403700565
84 3.2145244855305544
85 2.846146201624632
86 4.853213745395715
87 3.7906513412519858
88 4.773322794572831
89 5.240445445237898
90 3.348353186932524
91 5.733719137495889
92 4.977828100683582
93 5.853794566314076
94 5.516143165594896
95 4.427970398332211
96 5.3837202210632435
97 5.51088860275833
98 5.658035117008655
99 5.584616803988932
100 5.20932306121116
101 4.6958553649406225
102 4.652008199840042
103 6.539878472800448
104 5.096537516616728
105 4.573726719292496
106 4.5112169485464415
107 5.5888822003196745
108 4.736899388510002
109 4.118702789058855
110 5.556922086916507
111 2.8191963202932735
112 4.807744256399411
113 5.8576511461293865
114 5.104714997304433
115 5.055986741511388
116 5.613120059322349
117 5.143500059680638
118 5.27127149826186
119 5.974614940742169
120 5.639110223804466
121 5.266175983762697
122 4.952701936039098
123 3.910108130336139
124 5.26921505464223
125 5.01081552427547
126 3.7414855169634054
127 4.695577838351342
128 4.018235854063239
129 4.798343233598829
130 5.2678609981429965
131 5.248481883779753
132 4.347710786937682
133 2.6867211670847366
134 2.9720454257553945
135 4.678551286838348
136 6.0475396878674434
137 5.136836199670711
138 4.501277970845289
139 2.7256223204076444
140 4.685210761772327
141 2.7578195441930844
142 4.289653563390955
143 2.72688090200344
144 2.897900691726812
145 4.7913844774235645
146 3.8281060639647366
147 3.7755279238826174
148 2.9491354978290825
149 3.4008643655850586
150 3.633067540042528
151 2.900527056708938
152 2.832202971706299
153 2.816774792741273
154 5.264236927909077
155 2.765564481572075
156 2.674128964509557
157 2.864457764224411
158 5.261435572057482
159 2.698866007788754
160 2.829054698627286
161 2.8868124449860746
162 2.85111479729178
163 4.359860596458865
164 3.086327491043413
165 2.722163572294487
166 2.5643034245497707
167 2.7390339380752287
168 2.869844868531194
169 2.6761506136884323
170 2.7659588530151287
171 2.689359452169678
172 2.7645317633126876
173 2.7094464788919552
174 2.9518607915538073
175 2.955941350901169
176 2.88975383661241
177 3.097603021853244
178 3.003230892213198
179 3.0532801474728672
180 2.8531902838284373
181 2.643780703217985
182 2.792153343966174
183 2.7577375671711404
184 2.897071189099854
185 2.8916688350534825
186 2.8936288112686666
187 2.7928061156829997
188 2.78622016114552
189 2.7445761491513423
190 2.782149331554908
191 2.7455455714448975
192 2.774521793126901
193 3.1696013749653806
194 2.653329898351143
195 2.8190668693927114
196 2.833193806289922
197 2.6802887659514036
198 2.6926770005045833
199 2.9781970097494557
200 2.7488712105378914
201 2.697441936159171
202 2.823482881060405
203 2.7283405412057835
204 2.8293158608940168
205 2.760013234147197
206 2.818361002626105
207 2.614657252122203
208 2.9682041092465035
209 4.836205323219305
210 4.454401928122321
211 2.8714428405038133
212 2.815691550091428
213 2.750856502505166
214 2.869436194145375
215 3.1318991714562228
216 2.7548424517093557
217 2.8588787057831326
218 2.95667165863556
219 3.065239794163091
220 3.04874194412197
221 2.6680851566871593
222 2.807674672248355
223 2.8031648107405323
224 2.6569956240471515
225 2.804379629401786
226 2.9363150471665986
227 2.7371859781465635
228 2.754296300017523
229 2.9473242131111
230 2.9024118844821656
231 3.027088818613008
232 2.7564377148840014
233 2.808253393317054
234 2.8900956495727605
235 2.8356585252758784
236 2.801413564732864
237 2.815422661325607
238 2.7844916052265654
239 2.790610497939177
240 2.793610648929325
241 2.880367890011192
242 2.6879848382329947
243 2.889539748476698
244 2.742960934105967
245 2.8695848911784325
246 3.134552862986038
247 2.794969035117711
248 2.8925131029013933
249 2.786001107069434
250 2.699206232362785
251 2.732877792257121
252 2.778036641174842
253 2.789557822687937
254 2.889793694471407
255 2.996632310520168
256 2.6123426969675805
257 2.8055865600972987
258 2.7391740270286715
259 2.7802208361912606
260 2.8000079596160927
261 4.759795100339956
262 2.766815110250672
263 2.79356220741742
264 2.8919925114286285
265 2.7592328586814467
266 2.581737048237828
267 2.627115796001774
268 2.964924037876833
269 2.851245962490528
270 2.964801246798166
271 3.0558828144295447
272 3.0007790039308824
273 2.833532038982904
274 2.834426001162668
275 2.8036206187117148
276 3.055321663314542
277 2.803788131731597
278 2.8011239282127898
279 3.024315590993138
280 2.6672711843143313
281 2.842566465196176
282 3.1682195446800434
283 2.7991207900709414
284 2.6884378587752247
285 2.7211149422273433
286 2.7138015945143117
287 2.7982810209506974
288 3.1807916662155327
289 2.769454236817967
290 3.205532260637196
291 2.676940138478121
292 2.8701910352908917
293 2.838076414928702
294 2.70308465081383
295 2.81669976736358
296 2.908527795966424
297 2.741633036510424
298 2.8295210440472895
299 3.06136567180301
300 2.687869815929922
301 2.6838511477038502
302 2.6430298439658335
303 2.7613110817281883
304 2.83288914673447
305 2.793197164973495
306 2.7719671463695588
307 2.826936572683752
308 2.6423408977950067
309 2.77278948792569
310 3.8242754832418417
311 2.7757119399563566
312 2.9047691295779736
313 2.709265305707042
314 3.131711768525376
315 2.7851841998200775
316 2.7982349215122877
317 2.786885822404444
318 2.6934531161874538
319 3.0045300431832196
320 2.777326382058774
321 2.5966600649026312
322 2.721948674135469
323 2.997482001642786
324 2.9156635936330026
325 2.7010017878106436
326 2.6768445886858694
327 2.998179062017198
328 2.683546162938064
329 2.8416166899646655
330 2.7020995676908734
331 2.7044359336251897
332 2.721493477593828
333 2.7655462265637585
334 2.8939314544455907
335 2.704702073242288
336 2.814633114032712
337 2.7007414704771895
338 2.928975348825948
339 3.424289190611669
340 2.7979854816172662
341 4.234079452143384
342 2.842688227547895
343 2.7125569282737794
344 2.808956829779639
345 2.7493470970746507
346 3.010052234452438
347 2.9039939960317596
348 2.7787334011040947
349 3.1344224331434534
350 2.7677521459027727
351 2.882071657910199
352 2.662887309431125
353 2.900477401959314
354 2.8389471163373536
355 2.681548106677532
356 2.706198059959935
357 3.0528006758056394
358 2.711733165915781
359 2.7951555611972645
360 3.032199055307978
361 2.723574013070007
362 2.765350502948123
363 2.7245604308265468
364 2.824210005183079
365 2.7738237832214896
366 2.8645939687476614
367 2.736050721847866
368 2.8700892339826622
369 2.8601021709070347
370 2.628874234874036
371 2.7372969633907274
372 3.0013149302350244
373 2.6528205286126783
374 2.5916693013152647
375 2.6927111054463504
376 2.7394816948663427
377 2.939039368295902
378 2.815166676199482
379 2.6494946497619565
380 4.721168501707645
381 4.687700837798018
382 4.715053476960499
383 5.490137280830921
384 4.532390064875006
385 4.316239914945287
386 5.645463411178022
387 4.919627790127787
388 4.235114362543203
389 4.2761110194098615
390 5.107422298757096
391 3.584759203052097
392 5.124923364310992
393 2.667737972685706
394 2.785765613478412
395 2.733513579749945
396 3.014538587160617
397 4.380818817801416
398 2.909394230639626
399 2.678745990162237
400 2.6657738082543596
401 2.747376502923252
402 3.055194287391263
403 4.708814602607237
404 2.738818036571507
405 2.731845999200097
406 2.802188556229149
407 2.730829384184718
408 2.7784020174406
409 2.9323792990400084
410 2.866344246550088
411 2.7607690924709543
412 2.7115990399537178
413 2.6574467718906343
414 2.7796959936323873
415 2.7337940268474723
416 2.850076025830478
417 2.579602136507395
418 2.815736764539316
419 2.827779297839342
420 2.761073182859769
421 2.6252909425586837
422 2.8457337063739954
423 2.7836758093594005
424 2.6749845629191964
425 2.709373818487724
426 2.756050731721877
427 3.9517657200777587
428 2.7329614670755844
429 2.744136904758859
430 2.791263579511585
431 2.778077315484213
432 2.7762666910891105
433 2.7062586423106083
434 2.7371023226208564
435 2.8445487771689435
436 2.8028329559174683
437 2.827525743408119
438 2.968146728018235
439 2.7494683195951928
440 2.695379851334052
441 2.79948992104312
442 2.7921528114985987
443 3.001183657621115
444 4.615206589134756
445 2.8992611096898697
446 5.030784318408399
447 2.792056291103501
448 2.655064076921545
449 2.820110269824313
450 2.643311692496999
451 2.907379873516896
452 2.8094700483548487
453 2.7118792601351407
454 2.7384386006931916
455 2.7665447559841323
456 2.701439409413523
457 2.620012331514997
458 4.708443548685377
459 5.194579883846476
460 4.524767054860084
461 5.207795837076708
462 4.368112745030466
463 4.06904131666969
464 2.7968223087355875
465 4.944974402012686
466 2.665901230409983
467 2.851336332676281
468 4.102052746114343
469 4.824354029504467
470 2.665244332633152
471 2.738337500304682
472 2.922802164382994
473 2.6903152408114734
474 4.128556817857071
475 2.9001393568695133
476 2.7437004167879953
477 5.240325688759367
478 2.751953665391939
479 3.9274278234569393
480 4.458166526196305
481 4.452168208189057
482 2.9490154016982864
483 3.4269168841562316
484 4.256569002385043
485 5.623651997567003
486 5.234147599403003
487 4.968878180861099
488 2.8826726841154473
489 2.8489430838717347
490 2.8271191006558047
491 4.416804312628333
492 2.670240745183371
493 4.473528088867353
494 4.947035762179272
495 3.0345598480358666
496 2.7199911215794907
497 2.6946295902378377
498 2.863468950062712
499 2.900882879030321
500 2.670307387329235
501 3.0190072376706154
502 3.1239972886154854
503 2.766677869306611
504 2.695693754253899
505 2.7125639169523468
506 2.7310800457017215
507 2.644365560840351
508 2.733061691733122
509 2.887693702403762
510 4.488084546847749
