0 2.6889998102656483
1 2.7492631796522704
2 2.8043335339600604
3 2.76043131535086
4 2.8868748056455296
5 2.8004637093518947
6 2.7859327777929437
7 2.7737126987422887
8 2.795215698485041
9 2.7697973980986563
10 2.5851065565759392
11 2.6787146293083546
12 2.687829529570854
13 2.9265727476787764
14 2.7120992812091247
15 2.820324147302455
16 2.7968934780116466
17 2.881208190678004
18 2.9372273281387797
19 2.6721194300471955
20 2.7103738736172343
21 2.849807314747223
22 2.8715169905503792
23 2.8234117597145403
24 2.7351272260331045
25 2.691790394128939
26 2.8771600227259198
27 2.768006521786735
28 2.7988474021105225
29 2.8735602311183377
30 2.7314706949205503
31 2.826967191015566
32 2.7565646594899325
33 2.8485752964434305
34 2.763840220178114
35 2.688581152192313
36 2.8662196228920145
37 2.928363682368372
38 2.593642191146615
39 2.7923272117641136
40 2.7279424667756813
41 2.8824983097262553
42 2.775732982027462
43 5.003137811876399
44 2.755609755524679
45 2.877074912835936
46 2.7517709280818514
47 2.6279754492272316
48 2.8081705035883053
49 2.7862324448428364
50 3.082961107600604
51 2.7633885798004036
52 2.8656188759636487
53 2.680856515196463
54 2.8891563916682483
55 2.8167737984589536
56 2.763994356049547
57 2.892404870909889
58 2.767221400296101
59 2.7205934658755955
60 2.904085506114092
61 2.735187857028044
62 2.7329110267524293
63 2.7928947939977453
64 2.8585147147490653
65 3.1099502023630703
66 2.8704258186863694
67 2.802682126348887
68 2.6530937197203013
69 2.6210265884852646
70 2.993427365004753
71 2.6565951063924107
72 2.8941480307709484
73 2.7341837473656945
74 2.735407690595764
75 2.9507409795573727
76 2.7738711842731902
77 2.856027191355436
78 2.660562835560202
79 3.1202783533036516
80 2.7436748076882584
81 3.082043328732002
82 5.109955958022136
83 2.729227954904525
84 3.70363248927141
85 2.771951909033906
86 3.2453777456101696
87 2.7245913317023205
88 2.6520966575723914
89 5.050167703637398
90 2.7302374517899146
91 2.7956322258453326
92 2.8260236533851897
93 3.471826122363087
94 2.677248347311204
95 2.9146190977411517
96 3.092470132989578
97 3.1084660763626295
98 2.8538102531967615
99 5.032521779450533
100 2.8408388506032907
101 2.964820707200937
102 2.687090835901045
103 2.796664875626055
104 2.701520813186235
105 2.8708725457002764
106 3.6330246036090204
107 2.7763868479486957
108 4.9911375661153485
109 2.859459512165194
110 2.932650256841441
111 2.9020705583709985
112 2.6965753838257576
113 2.5931583380626657
114 2.8220333777557687
115 2.8097456437339523
116 2.7779471251793364
117 4.890497964444223
118 2.8311841973107312
119 2.7919682592865094
120 3.0283364567346793
121 2.803294027273058
122 3.308915538139946
123 3.0693479745335432
124 2.805633018501331
125 2.813216691889564
126 2.6508705189429023
127 2.8779599528608113
128 2.7918253981221035
129 2.8754215757875086
130 2.823057194303851
131 2.689359281743204
132 2.915477627348076
133 2.8927279536367525
134 2.977887516807823
135 2.8354877084992602
136 2.7075867948701564
137 2.7323000172495635
138 2.9085703859522902
139 2.8339701685980807
140 2.582567876323913
141 2.8399523067211776
142 2.779202076060432
143 2.757701319217062
144 2.8545372728935483
145 3.095180513639639
146 2.794952141730321
147 2.841528072709216
148 2.933700826889853
149 2.8402941243417996
150 2.74364257997482
151 2.7549648887774483
152 2.6316131882544522
153 2.774952663390244
154 2.815312426154388
155 2.773518394861295
156 2.9328551952562467
157 2.6663489119463666
158 2.8216071659967614
159 2.715658545252839
160 2.7315646245280587
161 2.848979026118174
162 2.786376324505611
163 2.788964181525966
164 2.7123123275075414
165 2.6124988506235045
166 2.9096594323332208
167 2.8042596699272657
168 2.6810315123341253
169 2.607613524310349
170 2.8861624070670615
171 2.7400794651759863
172 2.8785973878587434
173 2.8365479744840916
174 2.860657470906798
175 2.7620396149204702
176 2.8367834948605406
177 2.694207773710221
178 2.865318796658329
179 2.877596818870821
180 2.791611759275558
181 2.694438086071112
182 2.836639033030278
183 2.8138048470238872
184 2.692244666549255
185 2.739036586812456
186 2.6323993688478056
187 2.856441264331784
188 2.715263805157043
189 2.8802338347780494
190 2.865154444608145
191 2.7963049840131067
192 2.673653702434154
193 2.7605484264545095
194 2.785893715499541
195 2.691035771645039
196 2.864847798803147
197 2.655172420439572
198 2.615839080045466
199 2.8069328356608003
200 2.79869288908643
201 2.8135609460048157
202 2.8478583540457785
203 2.6614018233168015
204 2.8425223428792843
205 2.7033825549916735
206 2.735222192044557
207 2.7605757263412447
208 2.8093336995373623
209 2.9087721695662587
210 2.8123385651763733
211 2.6796797273415787
212 2.851548189822757
213 3.0916105374340725
214 2.687586206533466
215 2.7532370178273093
216 2.788029860053764
217 2.802913218495239
218 2.566946834468252
219 2.8613215976463295
220 2.865392762690995
221 2.8334777679304533
222 2.8040203024787607
223 2.8841840014018345
224 2.8212030094897678
225 2.717490460214866
226 2.66040621552178
227 2.6640351791817123
228 2.7207031788402056
229 2.7402353734320504
230 2.6423127968159283
231 2.683115309304236
232 2.690194462220642
233 2.6795801326536632
234 2.7561661603186995
235 2.711572878800858
236 2.672615964748649
237 2.8639910397588006
238 2.7305940460426115
239 2.7304275547389536
240 2.855287082990965
241 2.969597396027018
242 2.845161962891936
243 2.6542346793772333
244 3.026320305458381
245 2.8345750805284635
246 2.7776678380903026
247 2.731581611883409
248 2.6910991629551417
249 2.7847506971017264
250 2.731670129703863
251 2.7384363709483615
252 2.736224093086294
253 2.818082990641496
254 2.8811620788080767
255 2.815640012888561
256 2.862291406288165
257 3.046966895251373
258 2.850949285223398
259 2.674991216648678
260 2.7701814058456065
261 2.8767165861405526
262 2.811765735123627
263 2.8426329251838776
264 2.8047326291097847
265 2.781658670266742
266 3.022210103493849
267 2.867405642451206
268 2.7313022658565536
269 2.9119299507575853
270 2.6081340571983813
271 2.924675707257947
272 3.0822891118811193
273 2.769509455991333
274 2.7232956540456787
275 2.7160548267354643
276 2.7056970960930253
277 2.685795136393642
278 2.79030224414947
279 2.7012817422621653
280 2.7726056571917423
281 2.7591804761613794
282 2.6509935123828425
283 2.76116046818698
284 2.9509767136945606
285 2.812297835108904
286 2.777297326034574
287 2.8270885509904824
288 2.8545076845304806
289 2.9352208003040423
290 2.8350206916584817
291 2.6649066820165164
292 2.7067074389667742
293 2.7883161345989516
294 2.8408404099922904
295 2.7874601273556214
296 2.763246634322774
297 2.9400151564833923
298 2.67740885249123
299 2.6498490955375273
300 2.7402000692009216
301 2.8132042307030307
302 2.6499151394686837
303 2.703598618662064
304 2.8346291257828926
305 2.938351968660437
306 2.960300362053837
307 2.86099700817364
308 2.7314641912290516
309 2.844394423267991
310 2.866986542416965
311 4.5374434294528365
312 3.0007737421613383
313 2.8270402396764136
314 2.7834293263943457
315 4.72464986158526
316 2.7344185447551785
317 4.101985362192266
318 2.9071760780837947
319 2.8960499569351037
320 3.02655297071708
321 2.702414362861756
322 2.848896665684056
323 2.890729315268623
324 2.6629331866551254
325 2.825224096683845
326 2.753918737847552
327 2.951791087393046
328 2.821298869577876
329 2.8130479332468203
330 2.716930790287132
331 2.6399638850027514
332 2.6980672028346757
333 2.7501719478267375
334 2.7726806769568086
335 2.697013280443045
336 2.7659999360215193
337 2.813945795591034
338 2.862224830484236
339 2.856024306678885
340 2.709673854363302
341 2.707730736354618
342 2.726519902636524
343 2.681997267713308
344 2.746717670080944
345 2.7892252107563458
346 2.9128563897331947
347 2.8004114411549748
348 2.811805853226235
349 2.814160741849001
350 2.9227141038579183
351 2.854955770106106
352 2.665074272394011
353 2.652172542628255
354 2.6895979477325382
355 2.82122538041362
356 2.908920160079724
357 2.868001771417372
358 2.743682211396429
359 2.7965460151852044
360 2.67460776412678
361 2.885288724788156
362 2.7576687668745925
363 2.6848321586224198
364 2.7808247892325486
365 2.7745404863981347
366 2.7500333294153707
367 2.7581422632675747
368 2.7734930275011154
369 2.659963322353272
370 2.800000599940996
371 2.7223181291031575
372 2.7459706184199044
373 2.89888054280134
374 2.757382541477321
375 2.7518384780489065
376 2.7117491031289838
377 2.6567434573581554
378 2.9774300355178065
379 2.743016381070643
380 2.6607366950373654
381 2.88123295088209
382 2.881354558931303
383 2.910744829102927
384 3.0176854622650087
385 2.7961198027093657
386 2.8334198302016405
387 2.7661333679726066
388 2.7179959246639083
389 2.778695885221085
390 2.719835655295317
391 2.767666766931463
392 2.923202349222092
393 2.656187899805134
394 2.745085225556319
395 2.7942156172210324
396 2.764916588225597
397 2.8853487912273765
398 2.916556805831766
399 2.7031874114749104
400 2.9265377183600614
401 2.8749787334386148
402 2.628627433000335
403 2.7877355181155137
404 2.6811510532517344
405 2.8521095566738683
406 2.8169697774289353
407 2.7671092089238094
408 2.7607917342366664
409 2.644605453636828
410 2.6723495519578524
411 2.908474015547341
412 2.7098422204615455
413 2.8007893501566374
414 2.6561211362614072
415 2.8123604832440368
416 2.7932371199988206
417 2.779619069212474
418 2.815067711314764
419 2.7984726433615887
420 2.737284939771218
421 2.608168742037816
422 2.707300621051036
423 2.652062507934662
424 2.6874590984744278
425 2.777782964578089
426 2.7875633619039997
427 2.8914123430908987
428 2.8798350248128757
429 2.852949361622992
430 2.7175748807150852
431 2.694876992644328
432 2.722702683610575
433 2.783870985587747
434 2.6496107885383444
435 2.7087436667260376
436 2.830544528683257
437 2.770290944776519
438 2.726487489019154
439 2.8412779292719628
440 2.682007680644187
441 2.7557804445415366
442 2.6912605605073296
443 2.7627972583328977
444 2.7049939942989467
445 2.794006348033849
446 2.7039829459079674
447 2.91717950371118
448 2.778237810883507
449 2.76197895255549
450 2.7738654844623043
451 2.6862537196494825
452 2.7252017029714115
453 2.900236438027358
454 2.812505576408845
455 2.738980753330598
456 2.7721343923221915
457 2.806802546862804
458 3.0018412767838094
459 2.738286497627675
460 2.874055279693694
461 2.7697849447030998
462 4.3617325134057445
463 3.1332006346641643
464 2.695923924155089
465 2.69732741371663
466 2.8112513032498603
467 2.8032321807291427
468 2.764367165217176
469 2.7640077997027266
470 3.037281155153694
471 2.7603221289282542
472 2.714697366979643
473 2.6673554498519767
474 2.804046084160412
475 2.8131549878148707
476 2.7354817362007737
477 2.906235738896721
478 2.880601440305862
479 2.832361406244398
480 2.8148984987756784
481 2.94727200934141
482 2.9172755754974617
483 4.513364246218981
484 2.9331799662238103
485 2.856242340921418
486 2.772954840076823
487 2.827806095784309
488 4.611957440738863
489 2.8198278034207287
490 2.7385533706761906
491 2.800836172237283
492 2.7484567441418997
493 3.0108201134528314
494 2.656016279454147
495 2.832182828422636
496 2.7879004469081616
497 2.6509962771175744
498 2.7691631284636578
499 2.8260538282800773
500 2.7254834097610883
501 2.944605172686689
502 2.6894039066614757
503 2.748946126385711
504 2.8698478123986555
505 2.8314332693718436
506 2.7944417719401438
507 2.747701402018123
508 2.8780986816789196
509 2.703993473241357
510 2.8132125523976073
