0 3.141409399459013
1 2.8560002374120064
2 2.823527855939823
3 3.007921916445483
4 2.6158656690541715
5 2.7274465424699623
6 2.50628765614707
7 2.6553947504692488
8 2.599688262019823
9 2.7483202121012025
10 2.615361162170844
11 2.654988944536251
12 2.651872801868923
13 2.59754677816402
14 2.707106624294737
15 2.6005691032797262
16 2.642477832513709
17 2.5608182555500427
18 2.4916102907999913
19 2.6123751074471824
20 2.609320065479576
21 2.687086131245632
22 2.78147277007521
23 2.5934551439735385
24 2.7103447465906645
25 2.6676278391490484
26 2.7032890670475496
27 2.6571963706379536
28 2.537012855625031
29 2.594241315151149
30 2.763572777782457
31 2.635541194073621
32 2.6393977632942107
33 2.886949586538348
34 7.569032200240434
35 7.438596260643949
36 5.220484125820109
37 5.483313522586063
38 5.151992616134546
39 2.627712442081052
40 2.5612698507890697
41 2.924713016525934
42 2.6050333313049476
43 2.5435516279157504
44 2.7902651933825187
45 2.7050738963752963
46 2.6279070723932088
47 2.674955749643069
48 2.593311927610853
49 2.679610441305647
50 2.7237037562636184
51 2.6580068463068462
52 2.771088273625231
53 2.581125105424249
54 2.6323751658826757
55 2.546975013570331
56 2.499567998848151
57 2.5563794058631517
58 2.7116163037960535
59 2.62892809953666
60 2.687879604167158
61 2.6072860046980857
62 2.570597154517986
63 2.6852240488997468
64 2.5526477542603576
65 2.743278449632272
66 2.7430635574403963
67 2.6711325538426847
68 2.660621408556363
69 2.58626300652453
70 2.651583615851954
71 2.6652082031509723
72 2.5904494780154614
73 2.5313033482631044
74 2.777942969013428
75 5.282137595669899
76 2.6629368477724555
77 2.85488554938817
78 2.608326472529896
79 2.674326039372887
80 2.670568248179702
81 2.6011426393814663
82 2.5683612457324556
83 2.703443248185486
84 2.5913144403727815
85 2.7799172876266884
86 2.6218434833851316
87 2.813149278191121
88 2.6312626551841274
89 2.793766865844014
90 2.636022820790629
91 2.772074073016164
92 2.654792119430574
93 2.756616660734064
94 2.7645496472077618
95 2.579133877375503
96 2.6382889361243493
97 2.629551133709091
98 2.5611176642101867
99 2.5433540848878566
100 2.5977806368374017
101 2.676301028204501
102 2.6456020595883265
103 2.6503825604404474
104 2.8052048750574023
105 2.5432378366057007
106 2.639609336329129
107 2.690958155981257
108 2.500130572002376
109 2.938085410502354
110 2.6583426394357508
111 2.568537044470671
112 2.64241690919165
113 2.535062209914769
114 2.685951122398108
115 2.5897976521059007
116 2.7391869653888232
117 2.5150131351305727
118 2.6374505950125444
119 2.532590488814884
120 2.702427127031893
121 2.6197138554593695
122 2.706544466406343
123 2.572899251057194
124 2.5862285743976505
125 2.6182674931740793
126 2.6065150121236207
127 2.6509362108387555
128 2.553769840640765
129 2.610550122459345
130 2.6580304788645908
131 2.7888298727713257
132 2.8531467885497515
133 2.67053953097817
134 2.594726750256307
135 2.669331666204275
136 2.5418845311630114
137 2.5948721959130427
138 2.535697243033281
139 2.7548156954526086
140 2.5249529569148437
141 2.7444422287394397
142 2.7365527568845036
143 2.7075133636751993
144 2.6199911854357922
145 2.66828695041077
146 2.5615835367769497
147 2.544621472335241
148 2.6859907715435183
149 2.6544059612373694
150 2.7256254886988835
151 2.6218234909946045
152 2.56170893343896
153 2.8004994592882944
154 2.64209336532977
155 2.5860891514037943
156 2.64135485485227
157 2.600968729870487
158 5.176503654313192
159 5.316705950859265
160 4.35049776215305
161 5.020428406817318
162 5.15950401206723
163 5.396351969954623
164 2.770265893932456
165 2.6626850472487567
166 2.827360144440927
167 2.5125851334242695
168 2.656599159528461
169 2.7326824973033106
170 2.650950944753118
171 2.585952114242298
172 2.5687846417073823
173 2.565891320452477
174 2.6794050161122143
175 2.7829741601839117
176 2.542056817125486
177 2.637620562761383
178 2.5879619299461623
179 2.6011490816351914
180 2.580888761743237
181 2.590373687478434
182 2.5416978638030305
183 2.6835707445507753
184 2.6266179024140217
185 2.5844560291159975
186 2.6217704638526205
187 2.743974940517401
188 2.751416293780947
189 2.544164464479928
190 2.693271383918547
191 2.6819318290856855
192 2.528727719056464
193 2.618493553571349
194 2.798260755521476
195 2.621542932923129
196 2.683745291919423
197 2.7451244852213477
198 2.5896233495294156
199 2.611067235789502
200 2.7262937339279865
201 2.5478991489802794
202 2.641561594975158
203 2.66708460463901
204 2.6979296193094027
205 2.7664331653308385
206 2.5208897980693914
207 2.5999683407021457
208 2.628251269583272
209 2.5704520266674087
210 2.804654984613923
211 2.5703873823480787
212 2.695118456904883
213 2.618862488523376
214 2.830163076750233
215 2.711598113284254
216 2.6923853525387402
217 2.469775385872395
218 2.686620269329332
219 2.5369959245153004
220 2.5729339633582438
221 2.6436625417438018
222 2.680176305544007
223 2.6424843596092753
224 2.7463028789711434
225 2.573591427181682
226 2.638252826373055
227 2.7454796611043393
228 2.645147506826468
229 2.732267174428778
230 2.656269572605857
231 2.49569991514429
232 2.7079541443856043
233 2.621658559002676
234 2.6758076575559633
235 2.552060453096859
236 2.672075031351388
237 2.4718197550852676
238 2.67942633103489
239 2.598518458330796
240 2.7288448210660774
241 2.6159034798162546
242 2.653235124416016
243 2.683724035851305
244 2.646675147543045
245 2.506255747506945
246 2.687367272895345
247 2.707062547643932
248 2.5902527891211493
249 2.7714567718082037
250 2.7074291125717393
251 2.789668169007061
252 2.5631574855671437
253 2.61316195586765
254 2.5804136884402085
255 2.6156718345386665
256 2.633901053697369
257 2.6366437317631446
258 2.636702442022176
259 2.6043256618292157
260 2.7336261537940776
261 2.668134681286455
262 2.6573893403408277
263 2.6108629780890205
264 2.8244443469970433
265 2.5898155678288965
266 2.5604586042969784
267 2.5622101659680827
268 2.656405593396217
269 2.6065953191313245
270 2.5639948248110658
271 2.6157458058427787
272 2.5788538287360163
273 2.558942083922898
274 2.5639003196898895
275 2.7005477495005867
276 2.697253154280005
277 2.60657869326129
278 2.7531312893588824
279 2.5896596135311194
280 2.601027251569427
281 2.572396671660739
282 2.6789926023511694
283 2.51534773687737
284 2.696103483075732
285 2.543297811266729
286 2.500602025424256
287 2.56759872497914
288 2.728660386890803
289 2.563878693063182
290 2.5799026248408885
291 2.692019651544608
292 2.749036105988772
293 2.7176754425328613
294 2.560008923134171
295 2.5577401668308197
296 2.541384172361773
297 2.560563546572446
298 2.712727185634656
299 2.7188033774753584
300 2.6186649140683684
301 2.5542310514029314
302 2.730349249910417
303 2.640559488563923
304 2.6295494473379017
305 2.577920657056375
306 2.7154530168414817
307 2.557085171292976
308 2.5933349749240513
309 2.555246135278263
310 2.531146362133282
311 2.7834773802971577
312 2.732492906610027
313 2.625331504806203
314 2.623214595608311
315 2.6162191997504594
316 2.7366370125992616
317 2.828751433422509
318 2.7612682833351547
319 2.5615977168120003
320 2.6216238553202076
321 2.6636465621676164
322 2.568206590989511
323 2.7471091033468937
324 2.6182877806453146
325 2.572189572207196
326 2.945446254517142
327 2.6189927840633223
328 2.60664659019231
329 2.609567650361082
330 2.492553358953643
331 2.5383255364907953
332 2.6769225934195595
333 2.6277315195338353
334 2.5785167710012455
335 2.5800751601783536
336 2.5876462661592314
337 2.679327590465522
338 2.493255852667302
339 2.5954618598959387
340 2.559943794680101
341 2.763162460307316
342 2.6739899512803285
343 2.558729874426962
344 2.6035902959702977
345 2.6392689107600167
346 2.618720690219463
347 2.6073835243730605
348 2.6516389030633487
349 2.7176240336612487
350 2.651763478906172
351 2.686667503128871
352 2.664429309452502
353 2.471442600533385
354 2.6181850829747333
355 2.6018359173618815
356 2.4728225782858453
357 2.616528306615578
358 2.6143574094576776
359 2.662363091896751
360 2.5338048287176744
361 2.5951599826744967
362 2.6637569327316233
363 2.5574427780931646
364 2.7005620119440357
365 2.5888663814129598
366 2.592230764272075
367 2.6500011261599603
368 2.793138643925957
369 2.613128808039712
370 2.648192079476631
371 2.610799169063185
372 2.6014066571761623
373 2.940541269707773
374 2.578366148288505
375 2.566737762015054
376 2.8208668580619833
377 2.690249084901156
378 2.558064796770242
379 2.622877368121008
380 2.663023979298091
381 2.819559339726332
382 2.683208483311127
383 2.597533026020563
384 2.7139047004535737
385 2.676403732112598
386 2.65460070675599
387 2.63287426225074
388 2.5573669580640894
389 2.5907522003971115
390 2.7399902358434742
391 2.6727765131703496
392 2.7219358909611535
393 2.6656454194162365
394 2.650960443282739
395 2.6675834959289895
396 2.665092479741771
397 2.8170258817304408
398 2.667445986757332
399 2.9015324043189437
400 2.6200910777446516
401 2.608544629979497
402 2.6567749800677753
403 2.5167270333141643
404 2.6105148223637196
405 2.670919800687009
406 2.507443879470816
407 2.714214829907344
408 2.6823427034506624
409 2.596591650006804
410 2.552398330388178
411 2.6364328753594948
412 2.645600682546819
413 2.773815868703549
414 2.7121642391361687
415 2.68260475797503
416 2.775442219201209
417 2.6863048990958176
418 2.638292327295786
419 2.622724350100485
420 2.5470774070367157
421 2.5231147247472987
422 2.7380142168499035
423 2.74836585442
424 2.6932149000348824
425 2.5741625725633046
426 2.623822003333761
427 2.75619504977545
428 2.66236436233441
429 2.7681154714500438
430 2.6309477369823013
431 2.626333713812991
432 2.6783589346193573
433 2.82792654928842
434 2.671397804632575
435 2.6463063950782586
436 2.61714638091307
437 2.6964825286504346
438 2.6291824157616444
439 2.572689256296676
440 2.6835660963931955
441 2.5296985477553737
442 2.629608619103354
443 2.6086704998599703
444 2.6669016554433904
445 2.6279448119440487
446 2.615866699000439
447 2.685678478046771
448 2.6429322916272087
449 2.556190776165992
450 2.5859566460557972
451 2.606530555592416
452 2.7356023372216387
453 2.7013930192983238
454 2.623148560215253
455 2.6146253551386107
456 2.5850389979823687
457 2.595476341906052
458 2.623618890088655
459 2.5938878686635656
460 2.478777570977347
461 2.657273884588463
462 2.5370518104213695
463 2.616384950282257
464 2.6814857097493725
465 2.6220327974962343
466 2.5705126454836296
467 2.6036266966226553
468 2.7160168897704806
469 2.5934927908125966
470 2.8140278671344707
471 2.722542389632335
472 2.5031220583839744
473 2.5488211131326293
474 2.589874820828428
475 2.7239833206908077
476 2.6032898723324913
477 2.671728412071609
478 2.6274413142247357
479 2.685940671385788
480 2.747009374901376
481 2.5129813096387483
482 2.5869398671309343
483 2.585906981750105
484 2.5424504309165665
485 2.70556655104889
486 2.7397039704965347
487 2.644919822260512
488 2.7615335818138993
489 2.771027694642217
490 2.7052039164138475
491 2.6550802993541294
492 2.586618101840051
493 2.847424973452729
494 2.6984047435855683
495 2.5853838899000365
496 2.5631451613903526
497 2.5941102260475954
498 2.6073263859610853
499 2.617331712162208
500 2.546616689599118
501 2.7215079997950657
502 2.7548420685792
503 2.858448494606437
504 2.6135785856074456
505 2.6087529141646773
506 2.6964048684653976
507 2.533077749969567
508 2.7402356447322447
509 2.633932996049799
510 2.6727035833023614
