0 6.529793478604509
1 6.842194723775002
2 6.700255829612665
3 6.850391857206845
4 6.663571233208274
5 6.937574179461168
6 6.934352485540255
7 6.74627086404501
8 6.724017145465283
9 7.165193774782366
10 6.55527485911925
11 6.437443021165137
12 6.042797527518101
13 6.2060379549392115
14 7.4231853100517045
15 6.830982608760047
16 7.427725489860189
17 6.80746465042885
18 7.0706642762037015
19 6.739919960407734
20 5.7901948719191045
21 6.208962271491769
22 6.183931750732443
23 6.667188471040411
24 6.375791280445975
25 6.818495015453055
26 6.2376773223510575
27 6.643290081001593
28 7.293285952852902
29 6.745989840591248
30 6.247928560750509
31 5.9859115720196865
32 6.688197290193715
33 6.812787029605683
34 4.759595734589011
35 5.676239065173128
36 5.981586073535334
37 6.175981189398071
38 5.954684372217793
39 7.057998105496127
40 6.57268053093336
41 6.538000307039182
42 6.505701806869431
43 6.2584671265650105
44 7.137993110975759
45 6.731165247064894
46 6.635049874742831
47 6.4805991477608345
48 6.4574248557618485
49 6.260534292076394
50 6.764462335682683
51 6.021576186097388
52 6.831043794677776
53 7.235226317561424
54 6.446679953801413
55 7.37395363522003
56 7.335258663479243
57 6.071855661449753
58 6.496093609936476
59 6.543195583038767
60 6.529930695764801
61 7.224419908095144
62 7.117989984597489
63 7.10944593020916
64 7.188175453862205
65 7.338790609775574
66 6.85176920157848
67 6.614638941794366
68 7.198958621860621
69 6.227961792167697
70 7.0474086373440255
71 6.783044206740613
72 6.5179531817251615
73 6.691992053036122
74 6.256223243570236
75 5.528513101576085
76 6.5873829031868905
77 6.298906555785435
78 7.101960129344379
79 6.149903440961916
80 7.259189360818008
81 6.80684653614741
82 6.105759044795657
83 5.982585387298888
84 6.055328811169515
85 5.965255830201205
86 6.253784471366722
87 6.329024538304161
88 6.183553443839625
89 6.214855976453368
90 6.9130120684750445
91 5.763479848142692
92 6.697039800385123
93 5.2515860591203865
94 6.844084340227734
95 7.005162100320253
96 6.100865774883107
97 7.317180530968334
98 6.739178912933249
99 6.666303021792624
100 6.23596083651083
101 6.464406365668955
102 6.299103902111308
103 5.515514345311387
104 6.751252311998948
105 6.795166846320115
106 6.7620394281101115
107 6.0838722073314875
108 7.293275569112042
109 6.942034136874106
110 6.771559277417178
111 6.505798972382082
112 6.39952010504518
113 6.449775036195895
114 5.927743694299174
115 6.325470476176075
116 6.317290295453646
117 6.57189987477427
118 6.365664443132881
119 6.403283235301557
120 6.248282785535852
121 6.478230550859769
122 6.620928130389001
123 6.196347132259733
124 6.423252128712589
125 5.9183490435572175
126 5.6240107818550396
127 5.928581372492066
128 7.685963897355372
129 7.760488636314875
130 6.54296188881122
131 7.614354496289391
132 5.978214225402775
133 7.0924781888501816
134 6.183741871495
135 6.0488767391742435
136 6.192004221280867
137 5.864248014424964
138 5.9889000334154225
139 6.036371333469913
140 6.956840950026854
141 6.337816517237391
142 5.319613046036024
143 5.598239679789712
144 6.215301172676334
145 6.049350475727175
146 7.728283647942293
147 7.211561505249984
148 6.560960473382222
149 5.603110966450588
150 6.299681790526566
151 7.370159165718666
152 6.4422209846477925
153 5.633427295966961
154 7.1113801227464535
155 7.0241081702240935
156 7.02343501248876
157 6.38965991317045
158 5.998686347717332
159 5.531437859769272
160 5.925671329948595
161 6.012520309874242
162 5.504244668932711
163 5.780861148840403
164 5.6549839466257215
165 6.187046706568147
166 5.886959719421226
167 7.1974032167997715
168 6.572994869860379
169 3.17036023151926
170 3.5835678133794824
171 3.7276982459774564
172 3.2283088172469996
173 3.5685960168516515
174 3.622644677846604
175 3.8825891616626276
176 3.3258541911532493
177 3.158594721197429
178 3.2763714412108054
179 3.4161537616156665
180 3.1507582991664145
181 3.1393197401266835
182 2.926033760037645
183 3.08062317056097
184 3.1674242068735623
185 2.9494599374997774
186 3.6495894638626623
187 3.1802106170232425
188 3.1573808494258646
189 3.223875659036471
190 3.3783670311795526
191 3.333269298833146
192 3.1822086544396386
193 3.2247005730729836
194 3.044874178507118
195 3.4897899355930937
196 3.3718297502287364
197 3.311365526112216
198 3.3282552450587235
199 3.239853902291482
200 3.2455810253581756
201 3.402000952156497
202 3.43066077739948
203 3.236469600180069
204 3.497415803735621
205 3.0783711254332684
206 3.1115099112975697
207 3.307804520878191
208 3.1093888402311287
209 3.491061552745728
210 3.3415659948557814
211 3.1925341732940873
212 3.1706214918970264
213 3.115753823551787
214 3.3719776866741626
215 3.0693497833973358
216 3.1793678915599175
217 3.263578099416986
218 3.4484610429428635
219 3.27082225972617
220 3.423526702427906
221 3.6329246536054813
222 3.7233156972359844
223 3.3568759851844474
224 2.9991135284564128
225 3.185987690162894
226 3.3158838652913114
227 3.258206132862223
228 3.077757978767354
229 2.789718354736856
230 3.0483316753177534
231 3.421669616150225
232 3.164365121795057
233 3.008113686497841
234 3.084952326128626
235 3.299054393065077
236 3.393602694759421
237 3.259921873805394
238 2.7274762857383426
239 2.550499999593807
240 2.6570465243725656
241 2.5897932552521388
242 2.588763627512816
243 2.699999777570086
244 3.250577054602065
245 3.444108281868069
246 3.635536894504024
247 3.520646861641115
248 3.22909055593235
249 3.1519687772298663
250 3.90684576795622
251 3.387936645297077
252 3.597038739036076
253 3.296944721670753
254 3.4490039448847587
255 3.1349760599594627
256 3.60809268534436
257 3.8603092829829193
258 3.7348880759693794
259 3.510005104032995
260 3.707188401423969
261 2.982853487729928
262 2.768168897472701
263 3.446725140049004
264 3.2480679547253213
265 3.4434368436174316
266 3.3444472110414414
267 3.5068971573137313
268 3.3948253409607734
269 3.5753157899854133
270 3.1571185135308304
271 3.3042518460811183
272 3.273090762760995
273 3.1861736117894894
274 4.091480914305789
275 3.4293058583759746
276 3.519972735735094
277 3.1356987364715656
278 3.5032629369387993
279 3.1629347037616515
280 3.0364089920250823
281 3.106166713359973
282 3.256715451161727
283 3.2095895675505615
284 3.3614240213499116
285 3.520631793967925
286 3.4168841136165558
287 3.3009737095643112
288 3.313768201507751
289 3.1108528589111684
290 3.476099782353134
291 3.376109140721967
292 3.3585625802088015
293 3.348529055630848
294 3.074648026290583
295 3.4406946073334486
296 3.674251291644208
297 3.335147320636842
298 3.612161765119843
299 3.2478510382462993
300 3.3442803003269637
301 3.264604752630597
302 3.4278167393107686
303 3.0799255315607326
304 3.512213454860641
305 3.4849773267687953
306 3.189286900953428
307 3.1537368717354166
308 3.434108443737907
309 3.217806896800397
310 3.543885567092744
311 3.1999488906839897
312 3.0820447830245223
313 3.284557387192197
314 3.661241750538623
315 3.561783478024807
316 3.3380732017947663
317 3.412719951869734
318 3.4110352297367124
319 3.167404992504537
320 3.3581095480290384
321 3.0612847986778853
322 3.4890056744545377
323 3.71441063280982
324 3.712811322562529
325 3.335589494395941
326 3.4856843218796567
327 3.2794892345391022
328 3.081287981898855
329 3.0928927300806013
330 3.626728977495757
331 3.427697454688657
332 3.173827419971539
333 2.996334067864002
334 3.5760725738604324
335 3.3932944037088104
336 3.260887516574579
337 3.373220733756963
338 3.482383532463648
339 3.3187771818936604
340 3.496595738984638
341 3.257703076715714
342 3.511394196755461
343 3.743875591132829
344 3.3275865928789035
345 3.1096553226169354
346 3.24648707343413
347 3.3009156896583134
348 3.229867469376404
349 3.2741921333304242
350 3.4539253936266006
351 3.4978368028737106
352 3.528240252624981
353 3.249376798748772
354 3.40996713028297
355 3.4608906478551735
356 3.184488153918228
357 3.3202167551094397
358 3.027772118545354
359 3.4089060881589273
360 3.202424980087934
361 3.740953455466609
362 2.942380986089007
363 3.238766880599562
364 3.1559718644756027
365 2.6658595320769334
366 2.796805505574132
367 3.175009563612931
368 3.182488898584093
369 3.445379628917232
370 2.890382144612768
371 3.1222077566837316
372 3.2866901307207277
373 3.13147243041139
374 3.4322763154449576
375 3.2593936722182972
376 2.9562539640621357
377 3.3169147770864074
378 3.6267417022942743
379 3.0974091076645838
380 3.126820158762603
381 3.159529926086949
382 3.255019463186908
383 3.1484845200411855
384 3.6112542360047315
385 3.16412494277169
386 3.37588311934668
387 3.3398734640075753
388 3.086289719981993
389 3.246529294592508
390 3.241366713068334
391 3.4189274089936506
392 2.832143009961869
393 3.199679261507524
394 3.186317115604141
395 3.160531957814092
396 3.361045178111769
397 3.1878100472632394
398 3.307507495512469
399 3.304640389350811
400 3.308921036809141
401 3.478828163989438
402 3.3217741230145683
403 3.198819861841532
404 3.4653592860243574
405 3.503830464170185
406 3.2628165643858122
407 3.491313837574118
408 3.17617875731378
409 3.2978144839918384
410 3.3592442469078923
411 3.265490157742518
412 3.4594004757107553
413 3.4823897989970245
414 3.236325129708401
415 3.084805494133219
416 3.6057652709679964
417 3.326760019912215
418 3.120624140646517
419 3.149311163108082
420 3.3174327500101572
421 3.3068625504993787
422 3.2270458728755815
423 3.023985835602007
424 3.4869196180661723
425 3.138967682650119
426 3.1585084348816195
427 3.4555589887821525
428 3.6182591288647186
429 3.7207002728565217
430 3.547739806793405
431 3.3648671776881933
432 3.604249088220541
433 3.3283529996399683
434 2.844879727103117
435 3.126557186630525
436 3.4345635068920726
437 3.5222347508538276
438 3.5915180260597075
439 3.4124554403316494
440 3.381528940106373
441 3.1623485126484914
442 3.2497383500212402
443 3.4632643258115414
444 3.678463446040742
445 3.1726398941455707
446 3.4689451829386337
447 3.414098708116564
448 3.4414728573799858
449 3.203334680916681
450 3.0416160466162805
451 3.1253988325886177
452 3.257034172105498
453 3.002139176040946
454 3.2549753832492927
455 3.5088084338078143
456 3.215678500399037
457 3.4527423436503555
458 3.111538938243051
459 3.0604088529947724
460 2.9780045551067555
461 3.3469943466192955
462 3.2186839162303054
463 3.1731589540308947
464 3.297611200577072
465 3.146307490951405
466 3.2274658997973673
467 3.4662317439585255
468 3.1884736310831197
469 3.1561113820835667
470 3.468450273032119
471 3.1490004142582024
472 3.090300462286565
473 3.2642655398394558
474 2.77818693485578
475 3.0032672977515524
476 3.170541032510611
477 3.136484939214791
478 3.2505453315763946
479 3.0863182667355726
480 3.141770977775052
481 3.2237389571524817
482 3.070237759364176
483 3.422880826533669
484 3.2816674391101763
485 3.054353895998742
486 3.205183221886998
487 3.138480733666477
488 3.108399942295131
489 3.437516149071169
490 3.0093888381694582
491 3.069529784260194
492 3.5163628670849105
493 3.16523131517897
494 3.3981879475551064
495 3.193177728618829
496 3.1141719000240182
497 3.218677932724511
498 3.3030665885988952
499 3.4893574862739767
500 2.9939973633909127
501 2.972842196582559
502 3.2237581960432786
503 3.6957861379518646
504 3.248352712363509
505 3.8102263277631176
506 3.0889010886334503
507 3.1393191534918943
508 3.1342007879195055
509 3.6410032051584937
510 3.1118501727697034
