0 3.8817379037929296
1 4.136852563942784
2 4.149240364171586
3 4.716758589160046
4 4.048135487985608
5 4.64082090268083
6 4.128352070474364
7 2.6366067383301846
8 2.8700016694876154
9 3.579638196616751
10 3.2706328487061778
11 3.073348657809577
12 2.81684366699371
13 2.6383935326529606
14 2.8045276890930055
15 2.749438735672718
16 2.9645543032599986
17 2.8941274805598507
18 2.752830705888526
19 2.8475394327824244
20 2.7936098762106716
21 2.7211262921004455
22 2.71439665547826
23 2.6375219010241433
24 2.7993686599213197
25 2.673025388586677
26 2.8082671733505964
27 2.7334906940450194
28 2.7705676772551904
29 2.8287675370027525
30 2.6597746478014948
31 3.121160476507042
32 2.86902769999353
33 3.4408765309282163
34 2.7401322159819554
35 2.7986493407028217
36 2.631416382870281
37 2.7652817469329314
38 2.7878380162792427
39 2.820228880969817
40 2.869928156666056
41 2.779031460622585
42 2.9069240217623475
43 2.7593605749886545
44 2.867035935788687
45 2.739790981711564
46 2.8084355399596044
47 2.65734782139969
48 2.7326769430068696
49 2.8360269623520002
50 2.646917002181509
51 2.692850996405275
52 2.7280249687280427
53 3.7222974038108303
54 2.7108136561890563
55 3.1496648309670627
56 2.882019755174677
57 2.6921903588739573
58 2.5826172977211477
59 2.709259365859691
60 2.6776074887807213
61 2.8812415538293528
62 2.6908720853507155
63 2.9631052256015624
64 2.8922256666204604
65 2.613851567271412
66 2.800421456829577
67 2.8356184795856554
68 2.6637680075196823
69 2.806896517646718
70 2.91967718478825
71 2.7882141180823727
72 2.6356440390612152
73 2.806060762250156
74 2.883297525838413
75 2.6762098678478003
76 2.956034929859061
77 2.937434115430271
78 3.076510103126984
79 3.4323623365201685
80 2.646077428977281
81 3.055469764170848
82 2.8089611363617784
83 2.757335168770168
84 2.9063407654435
85 2.721795932946567
86 2.7388534786165324
87 2.7329303371512856
88 3.144803673811031
89 2.706445630673808
90 2.732790892517552
91 2.7391724021164277
92 2.789748077071472
93 2.695150478456996
94 2.8479996617573
95 2.8414262383027897
96 2.881828041361467
97 2.765755121416524
98 2.8013068349820536
99 2.7244569469860194
100 2.8931297509611396
101 2.7461775870302065
102 2.6447422112489947
103 2.7462289319922353
104 2.746926305633212
105 2.850723860273653
106 2.7125273468154427
107 2.7091440954817654
108 2.6622644391308485
109 2.6590773172937685
110 2.829119053238755
111 2.647397801363356
112 2.7357407694656066
113 2.7809943059192688
114 2.716302694225749
115 3.1017750543490563
116 2.8924023743494307
117 2.6805947671850197
118 2.9501085101586995
119 2.9204609664531396
120 2.7469813983431144
121 2.6724306388854027
122 2.6480315312707505
123 2.963592116687926
124 2.7389398881567724
125 2.803965494558361
126 3.4382040327655266
127 2.7185237617490956
128 5.646242734818546
129 6.743818803172547
130 5.617157901856225
131 5.467948806843651
132 4.900266676737704
133 5.608090415882479
134 5.0908880602872015
135 4.022165742544338
136 3.7796354400541565
137 3.4514760426305506
138 5.751169770283923
139 4.793785824720674
140 5.16745433895358
141 4.595878339027143
142 3.948062642884932
143 4.387024594565266
144 4.222851207304229
145 6.620661344934667
146 4.891693032745913
147 4.228108557451178
148 4.290681143587292
149 4.490698302038484
150 5.898778677091458
151 4.040395086378774
152 2.8683888670909847
153 2.939335218032106
154 2.867557504463232
155 2.7678967298437724
156 3.018626307098473
157 2.701806366514204
158 2.656651817577136
159 2.7888552508239868
160 2.6495638795396976
161 2.8056440267954716
162 2.7304086226835627
163 2.6992545511184605
164 2.7656847385211103
165 4.264091132395077
166 6.111960191699025
167 6.024867318556662
168 5.8501193907779925
169 6.5741634208727575
170 5.756898357534341
171 6.250752302893437
172 5.335158695111388
173 6.906752990376766
174 4.801614148213349
175 4.822515789502969
176 4.977804074956989
177 5.297228500568269
178 5.130580975004817
179 5.550635237804078
180 5.439176400685283
181 5.165019161960184
182 6.128124851304874
183 6.139751320524224
184 5.87583717492679
185 5.537614475144798
186 6.7059714086431415
187 6.593099474795563
188 5.026098010736721
189 5.039354348576545
190 4.508084820385132
191 4.120968278511834
192 5.889635052988047
193 5.745953926881794
194 4.8541110487099015
195 4.726383431786488
196 5.523235886082317
197 5.452471095544809
198 4.916562224816504
199 5.248447275112077
200 4.989069067597829
201 4.538268956568668
202 5.768998994120947
203 5.63011192799454
204 4.877511271994238
205 5.514456450880569
206 5.114824814326511
207 5.888401134058632
208 3.2631738232158884
209 3.1574287771230534
210 3.4515054138325345
211 3.979854580919784
212 5.410596318974644
213 5.054410391938244
214 5.474113571290489
215 4.802465710810247
216 5.626357948509556
217 4.343863128668584
218 4.612126783423522
219 5.475735346037708
220 4.6572485537865855
221 4.340070504495851
222 4.950898241639834
223 5.4766361659431
224 5.482327394444346
225 5.366170686108024
226 5.02219826049022
227 5.162692103230172
228 6.272674669720029
229 5.108142947505459
230 6.0467544172982
231 6.601184909242526
232 6.04595781280834
233 6.1538146601775665
234 4.680142658931189
235 5.421015563078225
236 4.916765678140153
237 5.9629213993634576
238 4.242110575488178
239 4.57090599636777
240 5.133687411470807
241 5.0030401463299405
242 4.514352234783629
243 3.837705990716408
244 4.344996573356498
245 4.492892790377724
246 4.496965854532329
247 4.333784379520995
248 4.10517247373006
249 4.176934243192992
250 4.336046878864063
251 3.907754436092986
252 4.609525700728933
253 4.130234943535521
254 4.274332020156344
255 3.9357073021241518
256 4.6117515396413165
257 4.155424212250335
258 4.445527170660649
259 5.492343334038244
260 4.769437138278901
261 6.537008228797165
262 6.912907865985342
263 5.748269811322748
264 4.169608052559013
265 6.138302969134233
266 5.4066502169632615
267 4.5995951834210445
268 4.594079784297376
269 5.893355222032665
270 5.113984332814039
271 5.3671367274597985
272 6.405030184996641
273 6.074284141800183
274 7.152575829590445
275 4.171875496738481
276 4.73056530769504
277 5.3939114621481075
278 5.823531775625018
279 6.56439231615114
280 4.975712063889668
281 5.622699545550921
282 4.602703361416469
283 5.136040985539925
284 4.467360418277273
285 4.8784068384740875
286 4.893257420633723
287 5.903120527870821
288 5.594351101482405
289 4.687146739497613
290 4.65115077226981
291 5.331207885575539
292 5.190897909497193
293 5.0518086155860145
294 5.575736797546411
295 6.64907244432435
296 5.740139861699719
297 5.667297913618773
298 5.475797110152014
299 6.2151934194275045
300 4.7061416077354945
301 5.0182105766225025
302 5.8327547405714455
303 5.79038949344504
304 5.04647309718594
305 5.228443593447372
306 5.901474027644097
307 6.195514151409449
308 5.8422144653325825
309 5.179601134633577
310 5.469052412639465
311 6.140559468489622
312 4.474999334419151
313 5.756550427169825
314 5.3510228014966055
315 6.046904299728272
316 6.098386452572459
317 5.351495298540886
318 5.331682604438249
319 5.961960196662545
320 6.2086580255975035
321 5.58477100122085
322 4.7944952316197025
323 4.8837253733694
324 6.767596234789435
325 5.5757197338070785
326 5.049953231174398
327 5.6430766521048135
328 5.439814029552931
329 6.628634424529603
330 6.2707972672007255
331 6.32730571818846
332 6.34508938257601
333 5.405702197583953
334 5.1397040323632694
335 5.865150459426251
336 5.291691638688237
337 6.093949552434389
338 5.450375469754713
339 5.337390432993941
340 4.872035657961196
341 5.0069020596891765
342 5.04837963730267
343 4.496753506851723
344 6.318234924473061
345 3.701187074211202
346 3.7171444448566713
347 5.301230425689722
348 5.247924868042824
349 4.829755256374109
350 4.927122217363123
351 5.614497052798539
352 6.672740262722744
353 4.71479052115955
354 4.812330082012299
355 6.201363639479473
356 4.73439480113366
357 4.872304642885961
358 4.79507799632512
359 4.7604293659643435
360 4.754332522900812
361 5.567047139689117
362 4.159017663256156
363 5.299177312845372
364 5.879905614368068
365 4.701656588122732
366 4.701181410020588
367 2.889784128516216
368 3.0387962132907744
369 2.772650223476212
370 4.693680492109473
371 5.616334391065272
372 5.7552895951952765
373 5.35916924734817
374 5.322805687438958
375 5.284548417884521
376 5.715614498102124
377 5.383934782554139
378 6.190905434661831
379 5.511401280399356
380 5.170054198691676
381 5.132885533184342
382 5.399858004541331
383 4.805888915857441
384 2.7386861066560213
385 5.0063097256786415
386 5.220988665068878
387 5.074866533444247
388 6.845788420351023
389 4.840308466680393
390 5.576133360430655
391 4.61055281521452
392 6.232445024949938
393 5.5889215735656945
394 6.468792737525159
395 5.407202579551983
396 5.963472335278123
397 6.274301870791167
398 5.983112193351497
399 6.199775802120744
400 6.135166171525526
401 6.304278095977634
402 5.518311085275426
403 5.785483328792649
404 5.385586353576763
405 5.807134420634579
406 5.718478985922028
407 4.417278595804435
408 5.969748242173279
409 4.481678305172307
410 4.165343645620902
411 4.201802475554509
412 4.890529416328071
413 4.842363398221339
414 5.467680858717304
415 4.946247788312629
416 6.28791579654247
417 6.019542747766637
418 4.7340106541798574
419 5.742472532580644
420 5.717733931241124
421 4.588735895970558
422 4.986161290735853
423 4.79632212940561
424 5.8472244911971645
425 4.633285011723066
426 4.852348819546538
427 4.992301589476718
428 4.655952994154365
429 4.81804888129551
430 5.09158433880311
431 4.441503932364612
432 5.546848985612791
433 5.002092928472729
434 6.087522916907819
435 6.20396546213802
436 4.886913597441249
437 4.123059519990587
438 5.015234171174679
439 5.044802047976466
440 5.487617689477765
441 6.368404941052614
442 5.176000037929957
443 6.699313162573435
444 6.989195504641248
445 5.665858004004561
446 3.555598707203532
447 4.8035581868675585
448 6.06793094082687
449 6.347228650287054
450 4.842914627387716
451 5.959193095332292
452 3.9951991896070265
453 5.667351081787388
454 4.832698793506022
455 6.122064702136851
456 6.525290600673074
457 6.316443016440555
458 6.05498677426094
459 6.457604947048327
460 6.299047025477228
461 5.8740259294694
462 6.27569209777182
463 6.2146028774771445
464 4.9331738779997085
465 5.736051473697425
466 6.544803169456102
467 5.985958368902388
468 5.650392620405103
469 4.4046038220295705
470 6.374079646058829
471 4.97471263350557
472 4.803727398968823
473 5.810861818822669
474 6.396512453663918
475 6.22110031715339
476 6.724881549728095
477 6.461817988088767
478 5.558139774666744
479 6.58003633422955
480 5.501206362456396
481 6.760024059210394
482 5.214364634075864
483 6.403890381604681
484 6.715444806355381
485 6.010800477667177
486 4.336970690297487
487 4.500320572225669
488 4.932085056528923
489 3.9182530377909286
490 4.622941856947473
491 4.637810010589608
492 4.674769828136879
493 5.7249264717136805
494 6.086815736136994
495 5.513699941296027
496 6.146854988703054
497 6.50523809713671
498 5.823946909138616
499 6.717939643608912
500 5.809315477081333
501 5.739210047470818
502 5.490257788340297
503 5.436580523922883
504 5.262704101637323
505 6.395887170468379
506 4.598199465227502
507 4.516564697134908
508 5.078096135198489
509 5.708975714946615
510 4.604634716645791
