0 11.64368852198392
1 11.690498978103268
2 12.047173615753216
3 11.531224809292741
4 11.287695693409002
5 11.403974787599614
6 11.925190644150112
7 12.41094187969425
8 11.329292507130264
9 11.842184234654953
10 12.436657145283545
11 12.197699476824804
12 13.45971457949062
13 11.497661375444995
14 12.125551118911599
15 12.625288382332217
16 12.236636427062233
17 11.612633200684058
18 12.784563972138479
19 12.144630735269079
20 12.606457459011954
21 13.472058283653524
22 12.63611115378635
23 11.907699719936778
24 13.888517835179004
25 13.181362037918209
26 11.906190935317758
27 11.862076878221762
28 13.604171493373844
29 12.01114439967819
30 11.617453049313527
31 12.852259108971747
32 12.497935591006186
33 12.19270146732647
34 12.896110580725836
35 12.830932453869151
36 12.904180017213026
37 13.02274985767806
38 13.93842098966113
39 13.206953334524748
40 13.44175209541014
41 13.375935760075903
42 13.255676075039673
43 13.140549433399812
44 12.34900031248178
45 13.383288155798393
46 14.842194419663393
47 12.716114904440818
48 14.13431457846292
49 13.678660746268532
50 13.531113154228025
51 12.494069590376814
52 12.47140275281588
53 13.818795197366295
54 13.961785101982798
55 13.235323293585125
56 13.967340966665809
57 14.43769873082421
58 13.44687104278439
59 14.104996601726778
60 13.661323567284612
61 13.183059637784401
62 13.820009850051783
63 13.54990293002934
64 13.510029225426686
65 13.536455176018718
66 13.10756230251191
67 15.255232108212311
68 13.273364753182994
69 14.652946186642566
70 14.122654036656675
71 14.461657374577266
72 14.313276711756846
73 14.046569414248815
74 14.308753012655597
75 13.715448750589047
76 13.89568651559219
77 13.259818075331731
78 13.08679967042682
79 13.444268321245458
80 14.097527787249442
81 12.386676185084749
82 13.66788965679786
83 13.953455165326428
84 13.75251041010339
85 14.020009446755145
86 13.64829601665048
87 14.148825907606726
88 14.210029962675492
89 13.114690962059651
90 13.395614501006733
91 13.96590349141259
92 14.004798586651182
93 12.520310189688233
94 14.625620915262521
95 15.343752254982283
96 13.028660091836064
97 13.267752460415567
98 13.413400010152387
99 13.757850583908516
100 14.722850941981584
101 13.707381610272916
102 14.196777217701422
103 13.393660221163248
104 14.293278808849216
105 13.952759823044468
106 13.931224846143925
107 13.821806279721214
108 13.938693038912485
109 13.776203998183128
110 14.081327488961033
111 14.368065480853637
112 14.613987417354261
113 14.594563297453897
114 13.96540037303444
115 14.183218993987891
116 13.329632366669514
117 13.709796958212664
118 12.505404963595812
119 12.71634764745954
120 12.448929361392688
121 13.529716372608844
122 12.431520867185409
123 13.550423775939175
124 13.263809158997683
125 12.81889051742492
126 11.921671546078787
127 11.85724886607987
128 12.379140608412161
129 10.048540635826624
130 11.546473593416218
131 11.268480951615311
132 12.314462165140185
133 12.251337914747998
134 12.581399681825138
135 12.98687601257392
136 12.611604451304602
137 13.485686468568156
138 11.616765190903728
139 13.213342149475347
140 12.235209422870694
141 13.004333828586242
142 11.331748383439303
143 12.472799611469446
144 12.750714634640323
145 10.571141641428902
146 12.30889916902893
147 12.344129952971
148 11.9600503309697
149 12.486658756919391
150 11.573806287478822
151 11.585869637547662
152 13.223942957068084
153 13.817789685134507
154 13.789572142512615
155 13.350971485811105
156 14.29220773381016
157 13.791904534443203
158 13.397811402457222
159 13.92847331727773
160 13.982033842584336
161 13.759063056794618
162 14.809492493167252
163 13.99583473916142
164 14.240144239649268
165 12.676750174179947
166 11.812671285419437
167 11.195659258913096
168 11.742348110592395
169 10.22660601026524
170 11.864072462588872
171 10.814051134063178
172 11.223795578243308
173 12.337362826237447
174 12.12174887483638
175 12.74568886757247
176 12.083286609759774
177 12.049192855843913
178 10.973968486707719
179 10.638389225210663
180 11.37310746734696
181 10.632637628878857
182 10.824711830316984
183 11.011235035812726
184 12.900302042605691
185 10.604430471462473
186 10.773470785705944
187 11.180823370837073
188 11.718192406523132
189 12.343535248606333
190 13.246335527951164
191 14.120652431704624
192 12.546820977034947
193 10.9770933290004
194 12.42126646962945
195 12.370346091558162
196 10.650052851407388
197 13.309789694771263
198 12.235986482610883
199 10.775007671041704
200 11.937673461595182
201 12.16500286315361
202 11.976736424816133
203 12.576427693986451
204 11.800230653718236
205 11.27376579905725
206 12.594150898965205
207 12.114916757650013
208 13.003997954850396
209 14.680441209208274
210 14.37740563061271
211 12.189399864172614
212 11.463937042316841
213 11.918830924422904
214 12.749102623964639
215 12.774185004064309
216 12.29995963492022
217 12.03091242761104
218 12.849678245919236
219 13.237607346392199
220 12.609104515363397
221 12.50988526434313
222 12.775416573669885
223 12.046453638884941
224 11.92205447645052
225 11.997997544300937
226 12.216395287043389
227 11.857609293078243
228 11.067302210241369
229 12.046380589027343
230 13.584813199825994
231 12.51311581414445
232 12.00342161429856
233 10.329652642188192
234 12.365342502658649
235 11.801180274553749
236 11.118442534445615
237 13.03209335161701
238 13.230617975910846
239 12.542750051842129
240 12.303067419100755
241 12.102147246974189
242 12.060974414068703
243 12.405243263320402
244 10.77371837283222
245 12.280147799090832
246 12.118175546699346
247 11.669724468121398
248 13.071882480558834
249 12.005296878883343
250 12.16804427011795
251 11.778057708056956
252 12.563692125925222
253 11.321526773227776
254 10.461655660824254
255 11.26864931850891
256 12.52121990622967
257 11.733766259427732
258 11.338073193678316
259 10.370723650667804
260 11.003732614034309
261 12.786055007823286
262 11.260464939776408
263 12.678899916968676
264 12.424504806370901
265 12.416004669621667
266 12.434331246120326
267 12.638233577274535
268 11.366455213347027
269 12.025867730016493
270 11.339407141471806
271 11.253484348426671
272 12.436037001529096
273 13.419392240855508
274 12.02077983958715
275 11.763137518726278
276 12.665011976407346
277 12.983910298717545
278 12.098921166473025
279 11.189775281930837
280 12.910086136021146
281 12.195451167960757
282 13.21949397375265
283 12.748462115754352
284 12.191617238122479
285 12.866608689889595
286 12.235905514410565
287 11.002917317829285
288 11.985774388856546
289 12.60270405302232
290 12.698572867206858
291 12.634044550313984
292 11.49924671029939
293 11.31894305178026
294 11.469705321194768
295 10.194395203822198
296 11.519708242447711
297 13.448714200484936
298 10.36994509326531
299 12.158041939342155
300 13.585077811797929
301 12.256365563946325
302 11.786716830460799
303 11.688285248267576
304 12.410509043136141
305 11.982369598954094
306 10.634484719813276
307 10.683491540897432
308 11.01753971874036
309 11.287684096969809
310 12.53492720972387
311 11.318612744498942
312 10.094930100150018
313 12.193758971201534
314 11.875849029780676
315 10.18515770826141
316 10.818449674336723
317 12.362246432903515
318 12.701607276784225
319 11.471927225212827
320 13.198869146840032
321 11.651818332410825
322 12.084792315325393
323 11.969925418156997
324 12.368237161092225
325 11.707857729377924
326 14.937566414531645
327 12.741094625112808
328 14.001324193386102
329 11.224021117458229
330 11.370016573287074
331 12.982701829476081
332 11.461431710526234
333 11.134179611836515
334 13.751425615256773
335 13.327642170917256
336 11.077627407740703
337 11.79467717459458
338 13.080977233288198
339 12.261536867368573
340 11.647269909866331
341 11.577004334774418
342 11.49027681165203
343 13.04774884230788
344 11.841199441946396
345 12.601134825026172
346 11.236094256121024
347 9.38475288234476
348 11.653016616255055
349 10.552743345871857
350 9.97568326768285
351 9.716530353953804
352 9.342500802420451
353 11.813134056870066
354 11.859066252859618
355 8.824567341350624
356 10.960323738659886
357 10.096089770454425
358 11.021142952043567
359 10.462780080605986
360 10.439884722074055
361 8.991903861965783
362 9.97822124245311
363 10.301241069435164
364 11.680608208845928
365 12.036502270816626
366 10.751992363026238
367 10.123089366092342
368 13.199283639821086
369 11.492252016225384
370 10.743696431575598
371 11.36124937308872
372 10.837889629651428
373 10.067138305144894
374 10.005348258234724
375 12.98486791072751
376 9.537002868421457
377 9.975612175988095
378 11.218552704832124
379 10.993238833598335
380 11.005523034519763
381 10.602436816378901
382 11.661357474779551
383 12.672511097722266
384 11.704351215209346
385 11.741386210465892
386 12.029498164494484
387 13.509535692231564
388 12.275649846613447
389 12.020238236908202
390 10.44321161539348
391 12.55484757856217
392 10.492163743525728
393 10.206777723461368
394 11.249007481083952
395 11.798536500504424
396 9.830817545617865
397 12.350624895962625
398 11.559912313238488
399 11.505874236462963
400 11.495842498755897
401 11.808405270892901
402 12.430694837524346
403 11.259797376583586
404 10.828727135003936
405 11.055468563218987
406 12.07793436919137
407 11.501494873816458
408 10.86436812085136
409 11.22841328744754
410 9.86336511702463
411 11.055937472468129
412 10.808656565628318
413 11.738121222566688
414 11.379626190185624
415 11.337875644973563
416 12.227703510954525
417 11.491936766921137
418 11.197426087143947
419 11.395400533495486
420 12.424514817678501
421 11.788723316943713
422 11.067990227656072
423 11.85111856547344
424 10.29068677907537
425 11.430163621956153
426 11.39879966674673
427 11.665896146732718
428 10.466856742135553
429 11.166157580245974
430 10.699379437552992
431 12.27661889197002
432 10.824968001796595
433 11.747978924327994
434 12.139280836073027
435 11.128457623960111
436 10.987789488050954
437 10.701473189608064
438 11.57883775765453
439 12.926218163191635
440 11.019321120167955
441 11.342510460361119
442 10.240725297108005
443 11.170067299901067
444 10.290945324451203
445 11.52851759560308
446 11.940752498097131
447 12.718927865110834
448 12.111241042513132
449 11.95534868762527
450 13.372233795908823
451 12.581886826627164
452 12.94773028404582
453 10.151357872973744
454 11.98052565841962
455 10.302919759260108
456 11.58828358325662
457 11.928618676865694
458 12.263875582033199
459 12.20589333857323
460 14.141447911726573
461 12.760627820521453
462 11.113949999021006
463 10.653323218971547
464 9.631055736859931
465 10.007700489989775
466 10.645316626430903
467 10.446565268644061
468 10.658174683791415
469 10.995861413878389
470 10.416702276028543
471 11.67678410716278
472 10.614973228591179
473 9.249783631918683
474 10.245084177357421
475 9.339055182242278
476 9.103792717336274
477 7.174874643188901
478 8.868064078524222
479 8.261860836756734
480 7.617672172450759
481 6.766186934104787
482 10.300211705718242
483 8.479709655950506
484 9.004988797484167
485 8.140964314248182
486 10.35423282914228
487 8.89511663811266
488 11.695456457273858
489 12.019801921499418
490 11.151255935949546
491 11.436920993590777
492 11.41990314800033
493 10.246996643313569
494 9.555096589186103
495 11.195952376187238
496 10.629129121797325
497 9.708362772655196
498 10.452260800372613
499 9.733719177189645
500 9.004919830473623
501 10.251908758220655
502 10.232098707426973
503 10.211493925044206
504 9.35866152220734
505 10.35686347586506
506 10.533294409967557
507 11.831611577955227
508 11.423038534042142
509 10.720359552167197
510 12.375855478705386
