0 2.5407648500950346
1 2.568861676392408
2 2.6059311288218376
3 2.6395003651340687
4 2.661290466872881
5 2.5563760381760052
6 2.507500288801337
7 2.684090052137041
8 2.6887384906335603
9 2.751666448768213
10 2.5637882407743593
11 2.830749853740203
12 2.7366483043925367
13 2.6947354344950702
14 2.5854339999825404
15 2.7262570386129785
16 2.6150255052343723
17 2.5650305293417204
18 2.7046087640989853
19 2.625947577043489
20 2.7439756075177906
21 2.6566475969105086
22 2.6544129281064617
23 2.518805349657345
24 2.7160705672962773
25 2.5723185854954895
26 2.748326049221701
27 2.615899002770126
28 2.5555475860324477
29 2.678539350323958
30 2.7220231104919366
31 2.5803180143176716
32 2.6231429032318685
33 2.6963349739339866
34 2.7430530477724524
35 2.5721382681565674
36 2.6647581005168224
37 2.5501212845704244
38 2.674171203502543
39 2.8024499775973952
40 2.7042278047799306
41 2.6731788012638
42 2.70413967953353
43 2.6999378888813483
44 2.686702438536073
45 2.614026208588351
46 2.6213772351527087
47 2.685068336366369
48 2.702074186040024
49 2.6034949788674417
50 2.7805966338728187
51 2.608664410596521
52 2.50294458128912
53 2.681262449336851
54 2.6728283739665404
55 2.708323629494112
56 2.586481279294513
57 2.6603245519213323
58 2.597604927631372
59 2.557819724506944
60 2.6394088032277794
61 2.6202931310161244
62 2.6882961684390163
63 2.6286066245689845
64 2.6992378769803906
65 2.615011392963063
66 2.602269272010338
67 2.652605628623395
68 2.715830399915033
69 2.600803414656459
70 2.7233725599898797
71 2.676877727545431
72 2.598450187559615
73 2.549427866277935
74 2.586256937695246
75 2.69142692425243
76 2.6414313194562635
77 2.631504783646059
78 2.615881956039745
79 2.574919104028871
80 2.708753434768491
81 2.554252938316158
82 2.769542703302526
83 2.5449760321451844
84 2.700557620903209
85 2.624911268090495
86 2.6268189397766117
87 2.6625099567145183
88 2.6133156095854746
89 2.60986031578342
90 2.5570717487474823
91 2.5567951240667695
92 2.7010714474764237
93 2.7064339141837106
94 2.593022278668959
95 2.5946493437131464
96 2.5063354154401813
97 2.557609793102421
98 2.725328518342225
99 2.59878741848621
100 2.556406082370516
101 2.4595376065749837
102 2.6338466520709902
103 2.6199154975502186
104 2.634593911529103
105 2.6336025532500655
106 2.5261005486309496
107 2.7807944429210143
108 2.571513202723664
109 2.612433227795237
110 2.631579385416419
111 2.5673053636687797
112 2.6793324548882174
113 2.6457731117735226
114 2.6283841196876376
115 2.554625109494576
116 2.72078801024521
117 2.7055287808252886
118 2.57250943290073
119 2.5924667912159656
120 2.7675765673523682
121 2.6550747718999843
122 2.6210905554311537
123 2.6032192903343816
124 2.7654409077189483
125 2.478460551284512
126 2.77863702874822
127 2.6506258599585704
128 2.649162285136294
129 2.6707505517105377
130 2.5274753324416728
131 2.5594775165882147
132 2.5571532742728182
133 2.714295451412129
134 2.5967187749886933
135 2.6977443727399275
136 2.555015673399703
137 2.6917362217344802
138 2.640374593502997
139 2.667524068280304
140 2.678553705551871
141 2.5990516982530742
142 2.697998158010072
143 2.736977344461814
144 2.7486513077516355
145 2.6311094201920904
146 2.5944203411679263
147 2.6624932466223097
148 2.6406867887605423
149 2.660707011457185
150 2.640931860445682
151 2.604128316562744
152 2.93160590315542
153 2.658698027827925
154 2.546994087596059
155 2.7051241490799955
156 2.667384813246205
157 2.64739688540295
158 2.5436262166798564
159 2.644843640581269
160 2.870022289334231
161 2.5791047261962614
162 2.5735833366247465
163 2.627314168345691
164 2.6914679957621446
165 3.099806516751634
166 2.7442491812722376
167 2.695726450763637
168 2.5878563401024954
169 2.660319392327308
170 2.7288566617823315
171 2.556978652642008
172 2.5536422710637297
173 2.709518237307585
174 2.5691740509401573
175 2.5662643533334872
176 2.623607809085672
177 2.5221820280275407
178 2.611108056208697
179 2.8262194468244797
180 2.663138673564314
181 2.6988526603530563
182 2.7062193608044254
183 2.740005477062719
184 2.5750048854225818
185 2.706172358965841
186 2.609182870231044
187 2.571820317267597
188 2.620323758598384
189 2.6831853970172994
190 2.716964966283703
191 2.665182132041545
192 2.674131156569514
193 2.5892302635146835
194 2.5682687248186205
195 2.6446527372708877
196 2.7998457450623873
197 2.7748770960002935
198 2.538324513514799
199 2.609222372205864
200 2.7379608567514997
201 2.5824251182180036
202 2.558135465585062
203 2.77347245274163
204 2.631538051559239
205 2.6402957301943144
206 2.7220768300733176
207 2.7345307331634925
208 2.652910044657162
209 2.5218876574322353
210 2.646518343989356
211 2.634887418279292
212 2.590125698079768
213 2.582026249700303
214 2.5242522927794444
215 2.5411852036042015
216 2.6287466342979475
217 2.546890439421701
218 2.520734001334164
219 2.715585903378182
220 2.662486661124809
221 2.713644082353162
222 2.6684934750566875
223 2.6321411396151
224 2.7275099306676585
225 2.7442393253243895
226 2.642429398608751
227 2.6202647966052863
228 2.6393992819093146
229 2.6386543844731456
230 2.8911267748308918
231 2.584742359720881
232 2.5546091022899424
233 2.5955604150920766
234 2.6983783498594573
235 2.6735121289331234
236 2.626014675284713
237 2.6365080644159993
238 2.5986503426497456
239 2.684543932244802
240 2.6309838686406373
241 2.6517044816199618
242 2.7320611592704602
243 2.5180218231095752
244 2.71552042661008
245 2.6467419978282636
246 2.67891473512384
247 2.7064283228067105
248 2.649258119615039
249 2.71031597260665
250 2.7077718770920587
251 2.7399270919319783
252 2.6133061237674515
253 2.61932064758179
254 2.587064085032104
255 2.670649677058782
256 2.6004767866097542
257 2.6581536954426173
258 2.6556685102969695
259 2.675710251328741
260 2.616162532285517
261 2.639667578597859
262 2.7204431562641833
263 2.5563654410766956
264 2.554729920078832
265 2.612168037252953
266 2.6711190018207445
267 2.6472352438573505
268 2.524389820010864
269 2.5023066370723206
270 2.6966951217526636
271 2.5862744932659694
272 2.652659801694823
273 2.6768538297649838
274 2.634119318372309
275 2.715623009289792
276 2.713924870308796
277 2.889627959538773
278 2.6418762331027144
279 2.692276142864807
280 2.677054332968496
281 2.611757980406225
282 2.638041829687762
283 2.583025984276101
284 2.732595940762595
285 2.751795675781162
286 2.6244137260203195
287 2.714964979767219
288 2.630775948782355
289 2.576299212211326
290 2.7409861762981915
291 2.633807602499422
292 2.591903153185977
293 2.5938911324019673
294 2.7290412096217005
295 2.607726293006958
296 2.7766975297941228
297 2.638425367390598
298 2.668635160793684
299 2.579699350913886
300 2.7263555826839183
301 2.823206894435782
302 2.742164148646681
303 2.7231679464852148
304 2.5487327430413247
305 2.592173593043898
306 2.8493504846284226
307 2.6048149819521464
308 2.5992495347150437
309 2.587948923335023
310 2.6907989556925997
311 2.733548743044758
312 2.5850120882977676
313 2.6612342266649054
314 2.688502861232794
315 2.677669073675706
316 2.6598605046671837
317 2.7954128284349173
318 2.823958839562319
319 2.7356716577694757
320 2.6743350190965796
321 2.773063151869953
322 2.663038389198239
323 2.575644126165694
324 2.692983648377323
325 2.7398025683882783
326 2.7037612213084237
327 2.669838787296566
328 2.5856518277120335
329 2.614859326054846
330 2.714253001740607
331 2.7429057524170646
332 2.7796824218528555
333 2.59634245306056
334 2.6595124286779206
335 2.608639495537325
336 2.7461889402904296
337 2.551510596832965
338 2.548718418424798
339 2.704936013866124
340 2.594922024535969
341 2.6036200113802654
342 2.597941392119392
343 2.5408249799212346
344 2.725074980108018
345 2.767616055599228
346 2.827657983956098
347 2.7413512935319515
348 2.5834721293223217
349 2.7616809378160676
350 2.574153438621377
351 2.6178095575612845
352 2.7036206786303016
353 2.6435168578806736
354 2.6806266074775427
355 2.6879380110731503
356 2.6003241977543174
357 2.591096409641899
358 2.6780794406430677
359 2.756385382516796
360 2.728263452513951
361 2.6831583577167373
362 2.6715493049349353
363 2.80012595238096
364 2.6335723241542293
365 2.574494572755431
366 2.649463687741601
367 2.6916291766941796
368 2.72140684096533
369 2.8983815805543838
370 2.590591678911356
371 2.655553951206914
372 2.65266573808952
373 2.6318438832633553
374 2.62567292398581
375 2.681033555058862
376 2.663474069585595
377 2.629525334044898
378 2.636120793320516
379 2.5859203696347546
380 2.648791113475897
381 2.70985187546859
382 2.5952146882347202
383 2.7986657409034175
384 2.65933713737921
385 2.6067471342195674
386 2.6900072519605223
387 2.5936327556148595
388 2.617074063695472
389 2.7772268492747982
390 2.6964342631930447
391 2.698206148180764
392 2.567302373402929
393 2.6086855065988837
394 2.7951219446352016
395 2.739810008103591
396 2.5795612182440393
397 2.7533576991481907
398 2.665955024170653
399 2.6997145780920877
400 2.5879401434873475
401 2.650892640672195
402 2.8169574197332454
403 2.7530052611785165
404 2.6136805133385823
405 2.583479267738968
406 2.4857644455620087
407 2.736667900170807
408 2.5862788474361396
409 2.6717882410300176
410 2.625914623874585
411 2.7216126954584423
412 2.642473774943454
413 2.583986122535763
414 2.5663629203319855
415 2.671257538656602
416 2.641203918610397
417 2.6553632028849483
418 2.6310122373935996
419 2.5609975824932882
420 2.6748451528489996
421 2.5719465529846812
422 2.569964922954704
423 2.5953532796399386
424 2.5849895255095845
425 2.600439216358725
426 2.71013296518065
427 2.572168326577948
428 2.636759654264956
429 2.808883613554813
430 2.7524045640527666
431 2.7844162757502797
432 2.653258194478054
433 2.636615919099905
434 2.6753609438241996
435 2.6588228254453856
436 2.6770688731255743
437 2.5716914550371466
438 2.6027681876458773
439 2.530270359186946
440 2.7316016533277914
441 2.738081925726013
442 2.632908041559159
443 2.6332080164234464
444 2.632441156212425
445 2.6040971322118294
446 2.6748325596830154
447 2.629495076081925
448 2.52486322764096
449 2.5810134739376496
450 2.6647627217858045
451 2.6325868263788568
452 2.7422110226609653
453 2.573992130524144
454 2.552626834104216
455 2.5372663005767473
456 2.6705851799869103
457 2.660287623374995
458 2.5955921225432523
459 2.6594330909657353
460 2.732301309993295
461 2.6147487656005777
462 2.7142223111393546
463 2.7042305840651055
464 2.7631234946601078
465 2.515617526515699
466 2.6824353240335426
467 2.5250720731041634
468 2.611892546803352
469 2.656427613563988
470 2.6327511162943913
471 2.7829940668319493
472 2.532564409205266
473 2.7806325719894383
474 2.559587565081331
475 2.5543281449305115
476 2.6233826810114094
477 2.857427687917462
478 2.6608143752449367
479 2.702721203694016
480 2.712118051298857
481 2.6161434085964674
482 2.5140675396772934
483 2.524015768004037
484 2.53472487671648
485 2.6542203049839497
486 2.543838638198848
487 2.6302949666882824
488 2.5325199661699127
489 2.5427705223217796
490 2.659746016519578
491 2.8001480574892645
492 2.761016679400673
493 2.628339038771505
494 2.5488220392792873
495 2.683830847967497
496 2.5580722555185207
497 2.828951139349144
498 2.5751496076089397
499 2.6395617827856688
500 2.6235660665715996
501 2.6106556715539577
502 2.7084813544964126
503 2.592585352417411
504 2.5480381265385157
505 2.673973478370395
506 2.612148298420055
507 2.6567906484267985
508 2.6863629273063965
509 2.6071421242921993
510 2.5739725386046137
