0 9.735034568075482
1 9.861004553661052
2 9.700102687317575
3 10.106416290297906
4 9.462414278377667
5 10.731145744264287
6 10.176246838927634
7 9.733615949418818
8 9.792381925994173
9 10.698840508289011
10 11.365559519026304
11 10.18698438982533
12 9.984548602427326
13 10.165826168035387
14 9.770720261842031
15 9.500843008844438
16 9.465644860353134
17 8.315481650293336
18 8.405024839868853
19 9.343892602488111
20 9.449685883287861
21 10.04382109059354
22 8.812199379246149
23 9.190265766613251
24 9.761197063563397
25 9.568290303285709
26 10.929438635869982
27 10.201806263137591
28 9.635661372307384
29 9.719154716033698
30 9.76128706160847
31 11.262251209578853
32 10.438281977786751
33 12.528857971090432
34 13.689803137505887
35 13.028440938501221
36 12.600569821126419
37 12.063251279795445
38 12.237317987916553
39 11.52318555123966
40 11.33234752329477
41 11.410920987693999
42 11.207207060570083
43 10.360460692656089
44 10.825330766276078
45 9.999210946251045
46 9.159984085376129
47 9.281264653656923
48 9.123565716142178
49 8.840226559700868
50 9.367105388187168
51 10.420091218775443
52 8.530678943106741
53 12.565045864283714
54 10.534488232847172
55 11.879929597540958
56 9.895192676687815
57 8.628299313328744
58 9.181348276788524
59 9.483292990808387
60 10.887987439394008
61 9.479782904198142
62 10.506307474472118
63 11.031060212341092
64 9.995123684890805
65 10.030202237883103
66 9.500981139952893
67 11.192978833089185
68 10.013122824545707
69 10.901939798739008
70 11.156882007408486
71 11.394746670071148
72 10.068802912471407
73 9.363754810510894
74 11.454761021472125
75 11.56220404236656
76 11.134608407357462
77 9.220832054893018
78 11.43782299973395
79 12.196284370337427
80 9.724744936663539
81 9.289082790446248
82 9.481906438360282
83 9.65660030257076
84 10.521964532127592
85 8.813337250902391
86 8.979714430034901
87 9.46788000964559
88 9.048527920339884
89 9.1732725949733
90 9.486928615436849
91 10.019265852638862
92 9.371600977131468
93 8.5356116255987
94 10.092545588801453
95 10.509552697452145
96 9.844623782330492
97 10.28683957740165
98 9.661605836826315
99 10.111841765096926
100 8.215441013157292
101 9.025760752423484
102 8.733500186439782
103 8.902459701074557
104 10.501381297760286
105 9.608615111078244
106 10.162233213554597
107 9.023218817320036
108 9.64930393735599
109 9.57489367159535
110 9.820938059911656
111 8.842804230344651
112 9.677117067162808
113 10.086908156550923
114 9.590785019158432
115 10.815136647371679
116 10.902812975629882
117 9.52978093060515
118 10.741940934603345
119 9.061117130557964
120 8.869352793790306
121 9.353690701964565
122 9.72647165822225
123 10.175293255114147
124 9.675193816535021
125 7.988993783153868
126 11.43518506166304
127 11.058458311513817
128 9.59958762776444
129 10.369888461724157
130 10.133252367811636
131 9.919023141087946
132 10.439704048194663
133 9.826693990732817
134 9.045308985930244
135 9.473522123521958
136 9.634642553851704
137 10.02623890770235
138 9.644431998648482
139 9.53876967500345
140 8.584696082068769
141 8.61427764266072
142 8.39867590302234
143 8.505735607281279
144 8.715357474812441
145 10.093317618093032
146 9.378261949512446
147 8.696018481949672
148 9.317775043890016
149 9.143317494007691
150 9.679303459829733
151 8.834590597780496
152 9.79203999762448
153 9.223060244263166
154 10.601040791932894
155 10.544637929354728
156 10.497133521067648
157 9.762071257924507
158 10.58225490605795
159 11.340072307269509
160 11.666364556795696
161 10.567299268067458
162 10.888302375713003
163 10.988515418083153
164 10.451973687709971
165 11.833198201637959
166 11.26178734787198
167 10.24261200604586
168 11.050661657094528
169 9.663085749645976
170 9.700607358305161
171 9.602118977115811
172 9.466628493891912
173 10.473515196022564
174 8.562045212055523
175 9.601594535283427
176 9.24886889533491
177 9.239026853009179
178 9.417488001789058
179 9.483748651729314
180 9.48236280440798
181 8.975187072391718
182 8.865888442626455
183 9.190032923245418
184 9.056008229816426
185 9.579141452430676
186 9.111108218573301
187 8.62860207491803
188 9.030281061410943
189 8.590565781880878
190 8.690849521146609
191 9.247313187159994
192 9.239269156930265
193 8.951190015764542
194 9.670789672365045
195 9.767945234944948
196 9.35905778593955
197 9.726359473944138
198 9.485056441475384
199 9.067545120714897
200 8.888439579505484
201 8.708184370297781
202 9.33240760782401
203 9.168239234370382
204 9.864379196506212
205 9.551622659108887
206 8.649492419367045
207 9.813278314752448
208 8.548590447533442
209 9.221978590422125
210 8.828883141279668
211 8.634371331644854
212 9.00594438915557
213 8.704119029619278
214 9.527613998480183
215 9.75570724900504
216 9.518745119577044
217 8.672259779302765
218 8.365742191525362
219 9.64535549053677
220 9.087070888239946
221 8.755699761462221
222 9.032353767992287
223 9.572922816523258
224 10.051371858489361
225 9.717133248885538
226 9.968220303890567
227 9.59670040840223
228 8.789860187460716
229 8.61221987781498
230 9.211652251635687
231 9.141062734984123
232 9.477814158034723
233 9.584065513958144
234 9.605428640293571
235 9.438762628940138
236 8.20374913551726
237 8.072885339293075
238 8.028475341488843
239 8.246070661123332
240 8.577175281794695
241 7.999152671432987
242 8.156514838508556
243 8.34941676373093
244 7.818391302087218
245 7.969986211086604
246 8.06984230576879
247 8.416985517779143
248 8.100280163149362
249 8.12788118339167
250 8.302360711300775
251 8.22099011243805
252 8.449338909395355
253 7.97811426072652
254 7.774946742447644
255 7.874889814418392
256 8.060955016723693
257 8.164188071730376
258 8.65920038916447
259 9.460671217845722
260 9.02039529990237
261 9.077677470280783
262 9.031971963072175
263 8.54091120774952
264 8.575897598475516
265 8.535560579651289
266 9.227476082300985
267 8.392244472842128
268 8.835891827412205
269 9.546612831085618
270 8.866614495469952
271 9.323192899230246
272 8.56556270989671
273 8.915665740632113
274 9.525733005489505
275 9.364930600791752
276 8.254338485802135
277 9.69930388744158
278 9.729705128062516
279 9.609894017022382
280 8.772672278892314
281 9.203418800539705
282 8.94351033237362
283 8.340095367058014
284 8.717432908554024
285 8.832558389470128
286 8.56726973245782
287 9.385190435788017
288 9.514724880591082
289 8.704592634655045
290 9.35263533436875
291 8.740104976161863
292 8.91136124793167
293 9.122760611021132
294 9.464487770992838
295 9.592511244002052
296 9.620832909311297
297 9.013582250005278
298 9.590772894569465
299 9.262270630975538
300 8.817936211429059
301 8.608105330121385
302 9.386075660413567
303 9.09363657169779
304 9.160153171490471
305 9.43034520018452
306 9.780250805064226
307 8.603407976214532
308 9.84710009511614
309 9.492274020021702
310 9.034192401350726
311 9.232919077030061
312 8.61898450026256
313 9.516979960322486
314 9.763410285344456
315 9.453894850241712
316 10.041475457550025
317 9.412956313677432
318 9.136928540378364
319 9.0803650166279
320 9.814229996647864
321 8.67601907222698
322 8.80482253130421
323 9.37942114899186
324 8.991930939854834
325 9.687345648628902
326 9.079110738640884
327 8.871157347641967
328 8.98500086677965
329 8.833885279502155
330 9.963451175211182
331 8.300694932181157
332 9.157791289061404
333 8.804375801114356
334 9.408255792272515
335 10.240515849544344
336 9.236632759994913
337 8.569722709086545
338 9.845210168772107
339 9.046810578209284
340 8.972152554062493
341 9.203027124508123
342 8.720849793220776
343 8.767977081253903
344 9.64664729657981
345 8.70926321836402
346 9.083873565964113
347 8.68601393739377
348 8.5924931429581
349 9.343537596867503
350 9.864402130705676
351 9.671873614010046
352 9.571649204195149
353 9.5192851381567
354 9.480389631513209
355 9.421287398127454
356 9.050647432551845
357 9.37735142575465
358 9.288790559024923
359 9.220086797199304
360 9.409357656123783
361 8.324489633096487
362 8.238071841452967
363 9.116624280897621
364 9.594289571983008
365 8.8470986476655
366 7.244942735799402
367 7.674093629949646
368 7.983120710282425
369 8.475108979583917
370 9.34747935079214
371 9.312752423670938
372 9.582128216278146
373 9.890267304469667
374 9.566501384274751
375 9.23040510026034
376 9.234246741578316
377 9.244531602473822
378 8.460384699517828
379 10.04705536929759
380 9.10817453142098
381 9.473437846985593
382 8.975578657461263
383 9.313648997945126
384 8.603221022822941
385 9.180299892324497
386 9.808936719883825
387 9.506042960682281
388 7.848598237571427
389 9.333128173698054
390 9.924432836945815
391 9.159495623341378
392 9.875331568738277
393 9.469629643112109
394 10.261141902136153
395 9.846951185298709
396 9.935931988732035
397 10.030624907205379
398 10.162583089783698
399 9.986030838310105
400 9.37828200972047
401 9.554479597686157
402 9.128437402128702
403 9.399373610503332
404 9.340223308356775
405 9.634033697463957
406 9.478171696596561
407 9.554176692719478
408 9.846857855239875
409 8.940994970162787
410 9.036822730283367
411 9.602476184289094
412 9.631542461875311
413 9.404045325545606
414 9.857626672278554
415 9.287196726473528
416 10.286774368055873
417 9.879134530316374
418 9.70856967613396
419 8.84665926200086
420 9.45501616470775
421 9.332202156273377
422 9.911415901171342
423 9.631439810898105
424 9.165021962941326
425 9.414209199949587
426 9.50424131952656
427 9.154588237798452
428 9.792336589874932
429 9.676336474370615
430 9.911470690880599
431 9.182965482232982
432 9.38246716660196
433 9.491518546456613
434 9.536048946915063
435 9.091245211484537
436 9.874243314922559
437 9.246899074363844
438 10.229292696833506
439 9.199973787583094
440 10.110904637495322
441 9.207550272876022
442 9.058556498001138
443 10.13408870771184
444 9.973507617574569
445 8.966170005247841
446 8.393443678209508
447 8.487979504804882
448 8.64170618059248
449 9.47367327369837
450 8.43429113458269
451 9.554967383362257
452 9.167639903685847
453 9.69872714712846
454 8.709845614963683
455 9.843145930680418
456 9.307016326064623
457 9.70470226131336
458 8.98026188925142
459 9.31468896223658
460 9.556698936549223
461 9.062872523491722
462 9.54666678039745
463 9.246231578779772
464 8.946919974622178
465 8.452826400432789
466 9.19535492746141
467 8.756823429862333
468 8.733333721214107
469 9.26255071031297
470 8.923186966746826
471 8.893194569642013
472 9.968666568943629
473 9.069996632604875
474 9.457180522652132
475 9.88449687121766
476 9.863959500876597
477 8.803313240156296
478 9.19436542256041
479 9.30528471766479
480 9.97701576102215
481 9.360843322447431
482 9.08535545489804
483 9.212196504289855
484 8.717536488184862
485 9.378866935693654
486 8.734091007052319
487 9.291965256564353
488 9.025040601221935
489 8.508973670268736
490 8.932157438612153
491 8.489571210981051
492 9.488511895640924
493 8.776812197306208
494 8.563029350160566
495 9.106054518029964
496 8.70509674565955
497 9.02875963788415
498 9.006770348551495
499 9.40171035900827
500 8.967772403763322
501 9.354247971557923
502 8.943270963272
503 9.033092725300056
504 9.346951013806176
505 8.89394883509284
506 9.092622393751581
507 8.596058505010479
508 9.252257987693584
509 8.61453255839373
510 9.129868903326914
