1 0.20385974645614624 0.06900294125080109 0.06900294125080109
2 0.5871649980545044 0.1348268836736679 0.1348268836736679
3 0.6586684584617615 0.16488754749298096 0.16488756239414215
4 0.7012935876846313 0.22131949663162231 0.22131949663162231
5 0.8072066307067871 0.30328652262687683 0.30328646302223206
6 0.8264194130897522 0.2897031605243683 0.2897031605243683
7 0.835158109664917 0.288796067237854 0.2887960374355316
8 0.8333713412284851 0.29575228691101074 0.2957521975040436
9 0.8159579634666443 0.28624218702316284 0.28624215722084045
10 0.9335730075836182 0.3691721558570862 0.3691720962524414
11 0.926483154296875 0.370388388633728 0.3703884780406952
12 0.9227598309516907 0.36960700154304504 0.36960700154304504
13 0.9422609806060791 0.36556777358055115 0.36556780338287354
14 0.952217161655426 0.3760744035243988 0.3760744333267212
15 1.1862154006958008 0.5534548163414001 0.5534548759460449
16 1.2545826435089111 0.5804851651191711 0.5804852247238159
17 1.2617295980453491 0.5659415125846863 0.5659414529800415
18 1.3226702213287354 0.5963113903999329 0.5963113903999329
19 1.305920958518982 0.5511203408241272 0.5511203408241272
20 1.7930371761322021 1.2124119997024536 1.212411880493164
21 1.8840644359588623 1.285521149635315 1.285521149635315
22 1.9663726091384888 1.3021615743637085 1.3021615743637085
23 1.9409395456314087 1.2581251859664917 1.2581250667572021
24 2.037623882293701 1.277837872505188 1.277837872505188
25 2.150130033493042 1.373042106628418 1.373042106628418
26 2.2116904258728027 1.4195116758346558 1.4195116758346558
27 2.044058322906494 1.2666321992874146 1.2666321992874146
28 2.1480705738067627 1.3749889135360718 1.3749889135360718
29 2.423980474472046 1.7533199787139893 1.7533200979232788
30 2.3114137649536133 1.5855036973953247 1.5855036973953247
31 2.4173331260681152 1.674413800239563 1.6744139194488525
32 2.394726276397705 1.6992346048355103 1.6992344856262207
33 2.423513889312744 1.716410517692566 1.716410517692566
34 2.2620644569396973 1.3975403308868408 1.3975403308868408
35 2.1524999141693115 1.3527013063430786 1.3527013063430786
36 2.4990835189819336 1.7476555109024048 1.7476555109024048
37 2.491623878479004 1.7280802726745605 1.7280802726745605
38 2.5019454956054688 1.7010326385498047 1.7010326385498047
39 2.663694143295288 1.8292872905731201 1.8292872905731201
40 2.4506428241729736 1.698171615600586 1.698171615600586
41 2.5118720531463623 1.799088478088379 1.7990880012512207
42 2.3783371448516846 1.6783578395843506 1.6783578395843506
43 2.5322108268737793 1.8140519857406616 1.8140519857406616
44 2.5369937419891357 1.7385339736938477 1.7385339736938477
45 2.5081048011779785 1.7389601469039917 1.7389601469039917
46 2.5639519691467285 1.9113303422927856 1.9113303422927856
47 2.881739854812622 2.341196298599243 2.341196298599243
48 2.5161726474761963 1.8828606605529785 1.882860779762268
49 2.6098592281341553 1.945766806602478 1.945766806602478
50 2.7830917835235596 2.0722758769989014 2.0722758769989014
51 2.669696807861328 1.9685267210006714 1.9685267210006714
52 2.6499197483062744 1.8999825716018677 1.8999825716018677
53 2.755018949508667 2.036372661590576 2.036372661590576
54 2.691446304321289 1.9789671897888184 1.9789669513702393
55 2.613962411880493 1.8875583410263062 1.8875585794448853
56 2.720923900604248 1.9257032871246338 1.9257034063339233
57 2.834606170654297 2.1850273609161377 2.1850273609161377
58 2.8163788318634033 2.058516502380371 2.058516502380371
59 2.6750903129577637 1.9350651502609253 1.9350649118423462
60 3.036780834197998 2.457101345062256 2.457101345062256
61 2.8266098499298096 2.259385347366333 2.259385347366333
62 2.978173017501831 2.41056489944458 2.41056489944458
63 3.3351008892059326 2.891716718673706 2.891716718673706
64 2.5499799251556396 1.837838053703308 1.837838053703308
65 2.7479026317596436 2.095860242843628 2.095860004425049
66 2.876054048538208 2.132739543914795 2.132739305496216
67 2.7079238891601563 1.9544281959533691 1.9544281959533691
68 2.692035675048828 2.049851417541504 2.049851417541504
69 2.609992027282715 1.9197807312011719 1.9197807312011719
70 2.7909045219421387 2.0590744018554688 2.059074640274048
71 2.6980245113372803 1.95310640335083 1.9531065225601196
72 2.759873867034912 2.0564491748809814 2.0564491748809814
73 2.8824427127838135 2.122831106185913 2.122831106185913
74 2.8431568145751953 2.1840853691101074 2.1840853691101074
75 2.7042226791381836 1.9790008068084717 1.9790008068084717
76 2.8812527656555176 2.156177520751953 2.156177520751953
77 2.9373791217803955 2.202383041381836 2.202383041381836
78 2.8376028537750244 2.1304023265838623 2.1304023265838623
79 2.9319939613342285 2.2433817386627197 2.2433817386627197
80 2.8218119144439697 2.1268231868743896 2.1268227100372314
81 2.706880807876587 1.8555351495742798 1.8555350303649902
82 2.6776251792907715 1.8577945232391357 1.8577945232391357
83 2.741884469985962 2.03987193107605 2.03987193107605
84 2.8196401596069336 2.1333818435668945 2.1333818435668945
85 2.871985673904419 2.1391382217407227 2.1391382217407227
86 2.795870065689087 2.0513694286346436 2.0513696670532227
87 2.8418803215026855 2.0927305221557617 2.0927305221557617
88 2.90657639503479 2.144613742828369 2.144613742828369
89 2.876236915588379 2.101881504058838 2.101881265640259
90 2.7886862754821777 1.9818657636642456 1.9818657636642456
91 2.8442764282226563 2.058830738067627 2.058830738067627
92 2.8413689136505127 2.059994697570801 2.059994697570801
93 2.8896448612213135 2.1872406005859375 2.1872403621673584
94 2.7830734252929688 2.025111198425293 2.025111198425293
95 3.033235549926758 2.349266529083252 2.349266767501831
96 2.814847230911255 2.0575482845306396 2.0575480461120605
97 2.890627861022949 2.162804126739502 2.162804126739502
98 2.9014430046081543 2.119112491607666 2.119112491607666
99 2.8830833435058594 2.1481263637542725 2.1481261253356934
100 2.90781307220459 2.159219980239868 2.159219980239868
101 2.965211868286133 2.209392547607422 2.209392547607422
102 3.0126922130584717 2.2621586322784424 2.2621586322784424
103 2.8027713298797607 2.02245831489563 2.02245831489563
104 2.805579900741577 2.1053895950317383 2.1053895950317383
105 3.138613224029541 2.4940545558929443 2.4940547943115234
106 2.8589844703674316 2.127544641494751 2.127544641494751
107 2.849688768386841 2.1350433826446533 2.135043144226074
108 2.9685134887695313 2.2058346271514893 2.20583438873291
109 3.101191759109497 2.3587777614593506 2.3587775230407715
110 3.09401273727417 2.3135108947753906 2.3135111331939697
111 3.1465370655059814 2.3716492652893066 2.3716492652893066
112 3.109703302383423 2.370236396789551 2.370236396789551
113 3.1815290451049805 2.441173553466797 2.441173553466797
114 3.263840436935425 2.575162649154663 2.575162649154663
115 3.254181146621704 2.5259194374084473 2.5259194374084473
116 3.093186140060425 2.2981419563293457 2.2981419563293457
117 3.123347520828247 2.4205214977264404 2.4205214977264404
118 3.2567689418792725 2.5048511028289795 2.5048511028289795
119 3.1622531414031982 2.4125709533691406 2.4125707149505615
120 3.048640012741089 2.24387526512146 2.24387526512146
121 3.1173887252807617 2.356645107269287 2.356645107269287
122 3.2816269397735596 2.6245460510253906 2.6245460510253906
123 3.2042973041534424 2.4675981998443604 2.4675984382629395
124 3.2009572982788086 2.4357552528381348 2.4357550144195557
125 3.038529872894287 2.282176971435547 2.282177209854126
126 3.060159206390381 2.2155795097351074 2.2155792713165283
127 3.040806770324707 2.2191343307495117 2.2191343307495117
128 3.150458812713623 2.4321110248565674 2.4321110248565674
129 3.044487714767456 2.324867010116577 2.324867010116577
130 2.982783794403076 2.210456371307373 2.210456371307373
131 3.1442043781280518 2.4259896278381348 2.4259896278381348
132 2.917776346206665 2.1532349586486816 2.1532349586486816
133 3.0408310890197754 2.276942253112793 2.276942253112793
134 2.888519287109375 2.1094000339508057 2.1094000339508057
135 3.0318799018859863 2.3015377521514893 2.3015377521514893
136 2.9858059883117676 2.2310264110565186 2.2310261726379395
137 2.907768487930298 2.124476432800293 2.124476432800293
138 2.991520404815674 2.2682998180389404 2.2682995796203613
139 2.796172857284546 2.0238168239593506 2.0238168239593506
140 2.836332082748413 2.053398370742798 2.0533981323242188
141 2.8778626918792725 2.0692555904388428 2.0692555904388428
142 2.8869357109069824 2.1156516075134277 2.1156516075134277
143 2.9075675010681152 2.088207244873047 2.088207244873047
144 2.8351640701293945 2.026493549346924 2.026493549346924
145 2.9916608333587646 2.1804087162017822 2.1804087162017822
146 2.8994786739349365 2.0739572048187256 2.0739574432373047
147 2.9780430793762207 2.2187700271606445 2.2187700271606445
148 2.8917229175567627 2.0583677291870117 2.0583677291870117
149 2.996974468231201 2.1291613578796387 2.1291611194610596
150 2.824610948562622 1.9418435096740723 1.9418435096740723
151 3.104954719543457 2.387239694595337 2.387239694595337
152 2.9031879901885986 2.0585405826568604 2.0585405826568604
153 3.036644697189331 2.196558713912964 2.196558713912964
154 2.991945743560791 2.224835157394409 2.224835157394409
155 3.175854444503784 2.357761859893799 2.357762336730957
156 2.90716290473938 2.168478012084961 2.168478012084961
157 2.8997554779052734 2.1150152683258057 2.1150152683258057
158 2.9199423789978027 2.1349713802337646 2.1349711418151855
159 2.8446671962738037 2.0605196952819824 2.0605196952819824
160 3.0007379055023193 2.2302865982055664 2.2302865982055664
161 2.9804069995880127 2.1830334663391113 2.1830334663391113
162 2.885357141494751 2.058605432510376 2.058605432510376
163 2.915879249572754 2.0928947925567627 2.092895030975342
164 2.9434988498687744 2.107151508331299 2.107151508331299
165 2.9390037059783936 2.069955348968506 2.069955587387085
166 3.0716915130615234 2.274843454360962 2.274843692779541
167 3.0131092071533203 2.2934534549713135 2.2934534549713135
168 2.8388781547546387 1.9676836729049683 1.9676837921142578
169 2.9848716259002686 2.2111735343933105 2.2111730575561523
170 2.8470375537872314 2.0676028728485107 2.0676028728485107
171 2.9395089149475098 2.130093574523926 2.130093574523926
172 3.087825059890747 2.3607687950134277 2.3607685565948486
173 2.903527021408081 2.0910439491271973 2.0910439491271973
174 2.97379994392395 2.1927294731140137 2.1927294731140137
175 2.914834976196289 2.1613190174102783 2.1613190174102783
176 2.989708423614502 2.317996025085449 2.317996025085449
177 3.11312198638916 2.3444039821624756 2.3444037437438965
178 3.107180118560791 2.3872592449188232 2.3872592449188232
179 3.0584921836853027 2.267038583755493 2.267038583755493
180 2.9923038482666016 2.2287285327911377 2.2287285327911377
181 2.81801176071167 2.04048490524292 2.04048490524292
182 2.8749375343322754 2.121480941772461 2.121480941772461
183 3.039916515350342 2.3164100646972656 2.3164100646972656
184 3.0419375896453857 2.3279964923858643 2.3279964923858643
185 2.8679261207580566 2.01430344581604 2.01430344581604
186 2.926356792449951 2.1260764598846436 2.1260764598846436
187 2.9978127479553223 2.3023715019226074 2.3023719787597656
188 2.9474685192108154 2.252866268157959 2.252865791320801
189 2.9316630363464355 2.1593246459960938 2.1593246459960938
190 2.8808505535125732 2.148275375366211 2.148275136947632
191 2.6427037715911865 1.823149561882019 1.8231498003005981
192 2.770479202270508 1.9409137964248657 1.9409137964248657
193 2.938194751739502 2.1566274166107178 2.1566274166107178
194 2.785684823989868 1.9671093225479126 1.9671093225479126
195 2.949795961380005 2.167574405670166 2.167574405670166
196 2.9220266342163086 2.1412930488586426 2.1412930488586426
197 2.7912404537200928 1.959960699081421 1.959960699081421
198 2.8717689514160156 2.0349338054656982 2.0349338054656982
199 2.8492493629455566 2.0392844676971436 2.0392844676971436
200 2.9142696857452393 2.1807243824005127 2.180724620819092
201 2.7816107273101807 1.9957664012908936 1.9957664012908936
202 2.7868919372558594 1.9688585996627808 1.9688585996627808
203 2.6959517002105713 1.936335563659668 1.936335563659668
204 2.75730037689209 1.9337689876556396 1.9337689876556396
205 2.7406246662139893 1.9325637817382813 1.9325636625289917
206 2.67458176612854 1.8688383102416992 1.8688383102416992
207 2.8567466735839844 2.141273021697998 2.141273021697998
208 2.7592501640319824 1.9604756832122803 1.9604756832122803
209 2.8537235260009766 2.141932964324951 2.141932964324951
210 2.744835138320923 1.9954729080200195 1.9954729080200195
211 2.8626387119293213 2.037243366241455 2.037243366241455
212 2.7810137271881104 1.9508519172668457 1.9508519172668457
213 2.920983076095581 2.135084867477417 2.135084867477417
214 2.87104868888855 2.1019904613494873 2.1019906997680664
215 2.9022903442382813 2.0918047428131104 2.0918047428131104
216 2.7888569831848145 1.995780110359192 1.995780110359192
217 2.9017350673675537 2.1067264080047607 2.1067261695861816
218 2.9798483848571777 2.174328565597534 2.174328565597534
219 2.9892866611480713 2.1987311840057373 2.1987311840057373
220 2.977332353591919 2.2088499069213867 2.2088499069213867
221 3.0129616260528564 2.256145715713501 2.256145715713501
222 2.909817934036255 2.095506191253662 2.095506191253662
223 2.9568023681640625 2.2011566162109375 2.2011568546295166
224 3.0531258583068848 2.3349545001983643 2.3349545001983643
225 3.022428035736084 2.280038356781006 2.280038356781006
226 3.0129690170288086 2.2630128860473633 2.2630128860473633
227 3.0935397148132324 2.291919231414795 2.291919231414795
228 3.0193045139312744 2.252990961074829 2.252990961074829
229 3.0688259601593018 2.3327763080596924 2.3327763080596924
230 3.0852177143096924 2.343222141265869 2.343222141265869
231 3.0706522464752197 2.357959032058716 2.357959032058716
232 3.078294515609741 2.3846006393432617 2.3846006393432617
233 3.122023582458496 2.436835289001465 2.436835765838623
234 2.9923901557922363 2.2976746559143066 2.2976746559143066
235 3.1625125408172607 2.4673001766204834 2.4673001766204834
236 2.889596700668335 2.146472692489624 2.146472930908203
237 2.9149694442749023 2.197479724884033 2.197479724884033
238 2.964967727661133 2.227013349533081 2.227013349533081
239 2.948991298675537 2.212200880050659 2.21220064163208
240 3.0420444011688232 2.3049566745758057 2.3049566745758057
241 2.950613021850586 2.2097764015197754 2.2097764015197754
242 3.057199478149414 2.34786057472229 2.34786057472229
243 3.1980557441711426 2.454116106033325 2.454116106033325
244 3.0757808685302734 2.369699001312256 2.3696987628936768
245 3.102170705795288 2.3338723182678223 2.333872079849243
246 3.0944571495056152 2.3856709003448486 2.3856709003448486
247 3.0145368576049805 2.3035526275634766 2.3035526275634766
248 2.9139328002929688 2.1390326023101807 2.1390326023101807
249 2.944427490234375 2.1346492767333984 2.1346492767333984
250 2.9122025966644287 2.12133526802063 2.1213347911834717
251 2.915041923522949 2.1763041019439697 2.1763041019439697
252 3.015336036682129 2.215416431427002 2.215416431427002
253 3.0379533767700195 2.2182531356811523 2.2182531356811523
254 3.026292562484741 2.2383179664611816 2.2383177280426025
255 3.162407875061035 2.410456895828247 2.4104576110839844
256 3.0803191661834717 2.372288703918457 2.372288703918457
257 3.2641263008117676 2.5124499797821045 2.5124499797821045
258 3.1664106845855713 2.4337551593780518 2.4337549209594727
259 3.302232265472412 2.5990591049194336 2.5990591049194336
260 3.1974382400512695 2.503615617752075 2.503615617752075
261 3.216569423675537 2.494849681854248 2.494849920272827
262 3.283500909805298 2.5166993141174316 2.5166993141174316
263 3.1537632942199707 2.427166223526001 2.42716646194458
264 3.1920106410980225 2.478956699371338 2.478956937789917
265 3.2459592819213867 2.539668083190918 2.539668083190918
266 3.2475802898406982 2.531634569168091 2.531634569168091
267 3.220433473587036 2.4615297317504883 2.4615297317504883
268 3.165820837020874 2.412640333175659 2.412640333175659
269 3.3496110439300537 2.65620493888855 2.65620493888855
270 3.1526100635528564 2.3980774879455566 2.3980777263641357
271 2.9614975452423096 2.201931953430176 2.201931953430176
272 3.282498836517334 2.5094501972198486 2.5094501972198486
273 3.129687547683716 2.3957483768463135 2.3957483768463135
274 3.1137800216674805 2.3445568084716797 2.3445568084716797
275 3.0809905529022217 2.2879421710968018 2.2879421710968018
276 3.146620988845825 2.3649725914001465 2.3649725914001465
277 3.2610013484954834 2.543351888656616 2.543351888656616
278 3.1605165004730225 2.4105608463287354 2.4105608463287354
279 3.2443573474884033 2.4911859035491943 2.4911859035491943
280 3.2552406787872314 2.5825302600860596 2.5825302600860596
281 3.046553373336792 2.3060805797576904 2.3060805797576904
282 3.0945277214050293 2.4115421772003174 2.4115421772003174
283 3.0912649631500244 2.317060708999634 2.317060708999634
284 3.229858160018921 2.497501850128174 2.497501850128174
285 3.018951654434204 2.2518019676208496 2.2518017292022705
286 3.2329261302948 2.5028467178344727 2.5028467178344727
287 3.22926926612854 2.5539889335632324 2.5539889335632324
288 3.0782623291015625 2.400907039642334 2.400907039642334
289 3.0609664916992188 2.334791421890259 2.334791421890259
290 3.3196258544921875 2.618260383605957 2.618260383605957
291 3.04940128326416 2.2861838340759277 2.2861838340759277
292 3.204529047012329 2.472086191177368 2.472086191177368
293 3.1111819744110107 2.3507137298583984 2.3507137298583984
294 3.26112699508667 2.4955925941467285 2.4955928325653076
295 3.152925968170166 2.397613048553467 2.397613048553467
296 3.101504325866699 2.3755221366882324 2.3755221366882324
297 3.2290871143341064 2.4396228790283203 2.4396228790283203
298 3.1239635944366455 2.3814640045166016 2.3814640045166016
299 3.1640536785125732 2.4057843685150146 2.4057843685150146
300 3.151709794998169 2.4615297317504883 2.4615297317504883
301 3.1750383377075195 2.4252262115478516 2.4252262115478516
302 3.041987895965576 2.350508689880371 2.350508451461792
303 3.0638880729675293 2.3579256534576416 2.3579256534576416
304 3.089970827102661 2.4117579460144043 2.4117579460144043
305 3.1432700157165527 2.444852352142334 2.444852352142334
306 3.0516157150268555 2.3135359287261963 2.313535690307617
307 3.0209383964538574 2.267913818359375 2.267913818359375
308 3.2665486335754395 2.56368350982666 2.56368350982666
309 3.0080974102020264 2.1748695373535156 2.1748695373535156
310 3.141716957092285 2.365527391433716 2.365527391433716
311 3.3768410682678223 2.6060478687286377 2.6060478687286377
312 3.2278668880462646 2.4493322372436523 2.4493322372436523
313 3.1842150688171387 2.4335813522338867 2.4335813522338867
314 3.2855327129364014 2.56473970413208 2.564739465713501
315 3.254439115524292 2.5567781925201416 2.5567777156829834
316 3.231426239013672 2.446798801422119 2.446798801422119
317 3.173208236694336 2.445279121398926 2.445279121398926
318 3.3951640129089355 2.651498317718506 2.651498556137085
319 3.3680601119995117 2.6088008880615234 2.6088008880615234
320 3.3461413383483887 2.556668996810913 2.556668758392334
321 3.073801279067993 2.409118175506592 2.409118175506592
322 3.060171604156494 2.248410940170288 2.248410940170288
323 3.0926055908203125 2.358410358428955 2.358410358428955
324 3.2118661403656006 2.471949577331543 2.471949577331543
325 3.2353782653808594 2.5549569129943848 2.5549564361572266
326 3.1515958309173584 2.4247329235076904 2.4247326850891113
327 3.1210389137268066 2.4166979789733887 2.4166979789733887
328 3.3703718185424805 2.7303965091705322 2.7303965091705322
329 3.3865675926208496 2.710400342941284 2.710400342941284
330 3.2559776306152344 2.541569232940674 2.541569232940674
331 3.2606191635131836 2.5271036624908447 2.5271036624908447
332 3.1182901859283447 2.328404426574707 2.328404426574707
333 3.148467540740967 2.423131227493286 2.4231314659118652
334 3.2309911251068115 2.5093910694122314 2.5093908309936523
335 2.9984290599823 2.235226631164551 2.235226631164551
336 3.3255152702331543 2.5633955001831055 2.5633955001831055
337 3.228161096572876 2.526413917541504 2.526414632797241
338 3.116934061050415 2.374065399169922 2.374065637588501
339 3.1464529037475586 2.464573383331299 2.464573383331299
340 3.1139705181121826 2.3931286334991455 2.3931283950805664
341 3.1613717079162598 2.4468257427215576 2.4468259811401367
342 3.264694929122925 2.510852336883545 2.510852336883545
343 3.073361396789551 2.337109327316284 2.3371095657348633
344 3.1935863494873047 2.4852676391601563 2.4852676391601563
345 3.2101659774780273 2.44042706489563 2.44042706489563
346 3.3737637996673584 2.5791258811950684 2.5791258811950684
347 3.285364866256714 2.4884862899780273 2.4884862899780273
348 3.173759698867798 2.3765857219696045 2.3765857219696045
349 3.2169013023376465 2.403021812438965 2.403021812438965
350 3.2389774322509766 2.3776631355285645 2.3776628971099854
351 3.2972524166107178 2.4647226333618164 2.4647226333618164
352 3.1938462257385254 2.297396659851074 2.297396659851074
353 3.185218334197998 2.318747043609619 2.318747043609619
354 3.256809949874878 2.3297951221466064 2.3297951221466064
355 3.1533398628234863 2.389831304550171 2.389831304550171
356 3.62508487701416 2.987791061401367 2.987791061401367
357 3.3731894493103027 2.734255790710449 2.734255790710449
358 3.361475706100464 2.6430423259735107 2.64304256439209
359 3.4535818099975586 2.804464340209961 2.80446457862854
360 3.402902126312256 2.728961229324341 2.72896146774292
361 3.3644399642944336 2.7095184326171875 2.7095184326171875
362 3.395538568496704 2.7089788913726807 2.7089788913726807
363 3.3395333290100098 2.718790292739868 2.718790292739868
364 2.9666407108306885 2.1528444290161133 2.1528444290161133
365 3.121046781539917 2.388317108154297 2.388317108154297
366 3.229599952697754 2.45190167427063 2.4519011974334717
367 3.2598111629486084 2.557140588760376 2.557140827178955
368 3.2860915660858154 2.6504080295562744 2.6504080295562744
369 3.1163604259490967 2.4962267875671387 2.4962263107299805
370 3.143606662750244 2.476778984069824 2.476778984069824
371 3.0597991943359375 2.4524664878845215 2.4524664878845215
372 3.1410083770751953 2.489492654800415 2.489492893218994
373 3.227954626083374 2.618431568145752 2.618431568145752
374 3.1379189491271973 2.4954731464385986 2.4954731464385986
375 3.322500467300415 2.6576015949249268 2.6576015949249268
376 3.0185720920562744 2.225551128387451 2.225550889968872
377 2.9535863399505615 2.1781485080718994 2.1781485080718994
378 3.0680770874023438 2.3549020290374756 2.3549022674560547
379 3.10658860206604 2.376802682876587 2.376802682876587
380 3.0862224102020264 2.310969591140747 2.310969591140747
381 2.907268762588501 2.1827309131622314 2.1827311515808105
382 3.197047710418701 2.6001152992248535 2.6001152992248535
383 3.0205154418945313 2.2972216606140137 2.2972216606140137
384 2.937680959701538 2.144958734512329 2.144958257675171
385 3.0625734329223633 2.308398962020874 2.308399200439453
386 3.05361008644104 2.307647466659546 2.307647466659546
387 2.9523274898529053 2.12982177734375 2.12982177734375
388 3.0912461280822754 2.284851312637329 2.284851312637329
389 3.1299831867218018 2.351494789123535 2.351494789123535
390 3.061331272125244 2.2639472484588623 2.263947010040283
391 3.1942763328552246 2.3844878673553467 2.3844876289367676
392 3.293670654296875 2.451348304748535 2.451348066329956
393 3.016880512237549 2.167518377304077 2.167518377304077
394 3.162097215652466 2.388265371322632 2.388265371322632
395 3.2640464305877686 2.5224056243896484 2.5224056243896484
396 3.1842846870422363 2.366265296936035 2.366265296936035
397 3.2031588554382324 2.4609737396240234 2.4609737396240234
398 3.5130159854888916 2.8384525775909424 2.8384525775909424
399 3.247872829437256 2.5138301849365234 2.5138299465179443
400 3.180192470550537 2.4644598960876465 2.4644601345062256
401 3.106259822845459 2.3401901721954346 2.3401901721954346
402 3.3920559883117676 2.746417999267578 2.746417999267578
403 3.5073509216308594 2.842047691345215 2.842048406600952
404 3.480973482131958 2.8112785816192627 2.8112785816192627
405 3.4609603881835938 2.745332717895508 2.745332717895508
406 3.4623146057128906 2.7808971405029297 2.7808971405029297
407 3.5025479793548584 2.765944719314575 2.765944719314575
408 3.3130130767822266 2.5926904678344727 2.5926904678344727
409 3.449597120285034 2.760165214538574 2.7601656913757324
410 3.355151891708374 2.6982569694519043 2.6982569694519043
411 3.280564546585083 2.6186904907226563 2.6186904907226563
412 3.4564411640167236 2.783550500869751 2.783550500869751
413 3.2438805103302 2.4394278526306152 2.439427614212036
414 3.0965535640716553 2.227414131164551 2.227414131164551
415 3.1724722385406494 2.3082268238067627 2.3082268238067627
416 3.1653249263763428 2.2725653648376465 2.2725648880004883
417 3.1482739448547363 2.333125114440918 2.333125114440918
418 3.0046608448028564 2.1336746215820313 2.1336746215820313
419 3.176238536834717 2.4070630073547363 2.4070630073547363
420 3.1446778774261475 2.3560631275177 2.3560631275177
421 3.1540117263793945 2.3586630821228027 2.3586630821228027
422 2.947474718093872 2.131708860397339 2.131708860397339
423 2.8654816150665283 2.0500423908233643 2.0500426292419434
424 2.9687001705169678 2.1553795337677 2.1553795337677
425 3.0330865383148193 2.1939761638641357 2.1939761638641357
426 2.847534656524658 1.9026168584823608 1.9026168584823608
427 3.030629873275757 2.2772281169891357 2.277228355407715
428 3.0627219676971436 2.3720102310180664 2.3720102310180664
429 2.887113332748413 2.1199400424957275 2.1199400424957275
430 3.1505136489868164 2.423229217529297 2.4232289791107178
431 3.468538761138916 2.749401092529297 2.7494008541107178
432 3.1991705894470215 2.5069148540496826 2.5069148540496826
433 3.0885801315307617 2.3237648010253906 2.3237648010253906
434 3.147541046142578 2.2523317337036133 2.2523317337036133
435 3.1104815006256104 2.336866617202759 2.336866617202759
436 2.9715840816497803 2.22210431098938 2.22210431098938
437 3.408174514770508 2.725381374359131 2.725381374359131
438 3.6072380542755127 2.9419679641723633 2.9419679641723633
439 3.2307229042053223 2.5817103385925293 2.58171010017395
440 3.0955841541290283 2.392397403717041 2.392397403717041
441 3.280531406402588 2.550969362258911 2.550969362258911
442 3.1043145656585693 2.381331205368042 2.381331205368042
443 3.0506162643432617 2.409376859664917 2.409376859664917
444 3.0668747425079346 2.396458864212036 2.396458625793457
445 3.09342360496521 2.4335763454437256 2.4335763454437256
446 3.195708751678467 2.5041651725769043 2.5041651725769043
447 3.1323158740997314 2.3779165744781494 2.3779165744781494
448 3.1236541271209717 2.3507540225982666 2.3507542610168457
449 3.17195463180542 2.4877777099609375 2.4877777099609375
450 3.184359312057495 2.448782444000244 2.4487826824188232
451 3.3133699893951416 2.6337902545928955 2.6337904930114746
452 3.1969540119171143 2.4448182582855225 2.4448180198669434
453 3.22324800491333 2.4493765830993652 2.4493765830993652
454 3.282698631286621 2.593815565109253 2.593815565109253
455 3.2262063026428223 2.5000507831573486 2.5000505447387695
456 3.1509721279144287 2.4280893802642822 2.4280893802642822
457 3.3307557106018066 2.587791681289673 2.587791681289673
458 3.356555223464966 2.7185611724853516 2.7185611724853516
459 3.172814130783081 2.451509475708008 2.451509475708008
460 3.250122308731079 2.512030839920044 2.512030839920044
461 3.257612466812134 2.5254204273223877 2.5254201889038086
462 3.510195732116699 2.856520414352417 2.856520414352417
463 3.0870840549468994 2.2821662425994873 2.2821664810180664
464 3.15472674369812 2.335660219192505 2.335660219192505
465 3.1018388271331787 2.3467841148376465 2.3467841148376465
466 3.148219585418701 2.351421594619751 2.351421594619751
467 3.076996326446533 2.300044536590576 2.3000447750091553
468 3.258354425430298 2.4708285331726074 2.4708287715911865
469 3.286538600921631 2.5139105319976807 2.5139102935791016
470 3.332054615020752 2.6108524799346924 2.6108531951904297
471 3.220397472381592 2.5198440551757813 2.5198442935943604
472 3.2080953121185303 2.4904773235321045 2.4904773235321045
473 3.0131752490997314 2.3036625385284424 2.3036625385284424
474 2.9761643409729004 2.290463924407959 2.290463924407959
475 3.0314009189605713 2.320849895477295 2.320849895477295
476 3.1589808464050293 2.4656982421875 2.465698003768921
477 3.156555414199829 2.4467315673828125 2.4467315673828125
478 3.1585330963134766 2.421638250350952 2.421638250350952
479 3.0124599933624268 2.2870752811431885 2.2870748043060303
480 3.01521372795105 2.349135637283325 2.349135637283325
481 3.0482113361358643 2.3026483058929443 2.3026483058929443
482 3.0140154361724854 2.339318037033081 2.339317798614502
483 3.0063207149505615 2.3611485958099365 2.3611485958099365
484 3.0012664794921875 2.278505802154541 2.27850604057312
485 3.189852476119995 2.5311930179595947 2.531193256378174
486 3.0236833095550537 2.277080774307251 2.2770802974700928
487 3.1623966693878174 2.4979496002197266 2.4979496002197266
488 3.071833848953247 2.355496644973755 2.355496644973755
489 3.0683412551879883 2.4431962966918945 2.4431965351104736
490 3.230550527572632 2.6957037448883057 2.6957037448883057
491 2.813098907470703 2.099738836288452 2.099738836288452
492 3.124868154525757 2.5205531120300293 2.5205533504486084
493 3.10998272895813 2.437772750854492 2.437772750854492
494 3.313666582107544 2.7665209770202637 2.7665212154388428
495 3.1084437370300293 2.4438018798828125 2.4438018798828125
496 3.044962167739868 2.407148599624634 2.407148599624634
497 2.914921522140503 2.2783613204956055 2.2783613204956055
498 3.052349328994751 2.421328544616699 2.421328544616699
499 2.9577367305755615 2.2934954166412354 2.2934954166412354
500 3.119623899459839 2.5085723400115967 2.5085723400115967
501 3.095221996307373 2.3995065689086914 2.3995070457458496
502 3.3462846279144287 2.7736032009124756 2.7736029624938965
503 3.0977132320404053 2.4501843452453613 2.4501843452453613
504 3.2142205238342285 2.5332627296447754 2.5332627296447754
505 3.015000104904175 2.3272886276245117 2.32728910446167
506 3.2532806396484375 2.5896553993225098 2.5896553993225098
507 3.3686046600341797 2.624534845352173 2.6245341300964355
508 3.406754970550537 2.737668752670288 2.737668991088867
509 3.2783925533294678 2.609358549118042 2.609358549118042
510 3.5553088188171387 2.9568185806274414 2.9568185806274414
511 3.5360844135284424 2.969311237335205 2.969311237335205
512 3.662240505218506 3.0601797103881836 3.0601797103881836
513 3.7409684658050537 3.1575229167938232 3.1575229167938232
514 3.720702648162842 3.170619249343872 3.170619010925293
515 3.380201578140259 2.7562365531921387 2.7562365531921387
516 3.283440351486206 2.607463836669922 2.607464075088501
517 3.286205768585205 2.6078805923461914 2.6078803539276123
518 3.274630069732666 2.630164623260498 2.630164623260498
519 3.3696463108062744 2.6825320720672607 2.6825320720672607
520 3.2989509105682373 2.5926406383514404 2.5926406383514404
521 3.389141082763672 2.7312495708465576 2.7312493324279785
522 3.4504404067993164 2.8246243000030518 2.8246243000030518
523 3.5243711471557617 2.8890187740325928 2.8890187740325928
524 3.8022210597991943 3.2167513370513916 3.2167513370513916
525 3.834611654281616 3.2600884437561035 3.26008939743042
526 3.6966307163238525 3.1419553756713867 3.1419551372528076
527 3.6429781913757324 3.032435178756714 3.032435178756714
528 3.2731263637542725 2.554750680923462 2.554750680923462
529 3.527679681777954 2.8250064849853516 2.8250064849853516
530 3.357173442840576 2.5815391540527344 2.5815389156341553
531 3.3280272483825684 2.6060891151428223 2.6060891151428223
532 3.3818771839141846 2.653085470199585 2.653085708618164
533 3.373058557510376 2.6506600379943848 2.6506600379943848
534 3.3645031452178955 2.7074756622314453 2.7074759006500244
535 3.1712214946746826 2.450752019882202 2.450752019882202
536 3.4188740253448486 2.7971432209014893 2.7971434593200684
537 3.35673451423645 2.693511962890625 2.693511962890625
538 3.3023183345794678 2.6990368366241455 2.6990368366241455
539 3.327843427658081 2.7393951416015625 2.7393946647644043
540 3.1750030517578125 2.426537036895752 2.426536798477173
541 3.2363951206207275 2.590628147125244 2.590628147125244
542 3.3325960636138916 2.6852264404296875 2.6852264404296875
543 3.243914842605591 2.5126304626464844 2.5126304626464844
544 3.318376302719116 2.6663575172424316 2.6663572788238525
545 3.510272741317749 2.938241481781006 2.938241481781006
