5 	 8.509086608886719
6 	 6.285702228546143
7 	 3.982100248336792
8 	 2.4267594814300537
9 	 1.4745147228240967
10 	 1.162114143371582
11 	 1.0665781497955322
12 	 1.3882032632827759
13 	 1.3398339748382568
14 	 1.4021694660186768
15 	 1.0818185806274414
16 	 0.9716996550559998
17 	 0.688279926776886
18 	 0.6304040551185608
19 	 0.5558265447616577
20 	 0.5261794328689575
21 	 0.5967275500297546
22 	 0.7037895321846008
23 	 0.8685404658317566
24 	 0.9480712413787842
25 	 1.0223809480667114
26 	 1.2216367721557617
27 	 1.254340648651123
28 	 1.0627787113189697
29 	 1.0880929231643677
30 	 0.8680821657180786
31 	 0.861544668674469
32 	 0.9913958311080933
33 	 0.9260048270225525
34 	 0.7473281621932983
35 	 0.9053821563720703
36 	 1.0951011180877686
37 	 1.0425488948822021
38 	 0.7997555136680603
39 	 0.8306092023849487
40 	 0.9789214730262756
41 	 0.8427122235298157
42 	 0.7878513932228088
43 	 0.9639506936073303
44 	 1.0278947353363037
45 	 0.9499903321266174
46 	 1.074276328086853
47 	 0.9267520904541016
48 	 1.006985068321228
49 	 0.9435535669326782
50 	 0.8417922854423523
51 	 0.7282271981239319
52 	 0.7057686448097229
53 	 0.7914707064628601
54 	 0.8417057394981384
55 	 1.0612884759902954
56 	 1.0649898052215576
57 	 1.1187856197357178
58 	 1.1413599252700806
59 	 0.9827141761779785
60 	 0.8760306239128113
61 	 0.9653160572052002
62 	 1.023141622543335
63 	 0.8678569793701172
64 	 0.7512190341949463
65 	 1.0325286388397217
66 	 1.2451609373092651
67 	 1.1285408735275269
68 	 1.072998046875
69 	 1.0505168437957764
70 	 1.1449357271194458
71 	 1.0892395973205566
72 	 0.8567812442779541
73 	 0.8611586689949036
74 	 0.6477622985839844
75 	 0.5468406081199646
76 	 0.46993476152420044
77 	 0.4445056617259979
78 	 0.5478489995002747
79 	 0.64951491355896
80 	 1.0575003623962402
81 	 0.6869779825210571
82 	 0.6505162119865417
83 	 0.5608238577842712
84 	 0.520254373550415
85 	 0.5983303785324097
86 	 0.6450612545013428
87 	 0.5760558247566223
88 	 0.6023837924003601
89 	 0.7007414698600769
90 	 0.7198245525360107
91 	 0.7132431268692017
92 	 0.8068591952323914
93 	 0.982318639755249
94 	 0.9522190690040588
95 	 1.1752495765686035
96 	 1.0308587551116943
97 	 0.878883957862854
98 	 0.9473349452018738
99 	 0.9669069647789001
100 	 0.8500460386276245
101 	 0.8754560947418213
102 	 0.8715978860855103
103 	 0.72660893201828
104 	 0.7249109148979187
105 	 0.5787543654441833
106 	 0.5159965753555298
107 	 0.5183749198913574
108 	 0.6080935001373291
109 	 0.6819315552711487
110 	 0.9222158193588257
111 	 1.8838008642196655
112 	 1.8167142868041992
113 	 1.294960618019104
114 	 0.7969807386398315
115 	 0.7447410225868225
116 	 0.8064739108085632
117 	 0.8881921172142029
118 	 0.955635130405426
119 	 1.0280050039291382
120 	 1.085944652557373
121 	 1.1170673370361328
122 	 1.2303411960601807
123 	 1.3667995929718018
124 	 1.4410563707351685
125 	 1.6284366846084595
126 	 1.54310142993927
127 	 1.7322508096694946
128 	 1.9275506734848022
129 	 1.5983530282974243
130 	 2.01656174659729
131 	 1.3790695667266846
132 	 1.2293548583984375
133 	 1.1730440855026245
134 	 0.9969481825828552
135 	 0.777501106262207
136 	 0.8208757042884827
137 	 0.805162787437439
138 	 0.6902697682380676
139 	 0.6248056888580322
140 	 0.7048630118370056
141 	 0.7135398387908936
142 	 0.6524567604064941
143 	 0.7004194855690002
144 	 0.811210036277771
145 	 0.7850549817085266
146 	 0.9646416306495667
147 	 0.7554567456245422
148 	 0.8401166200637817
149 	 0.7871782183647156
150 	 0.7269858121871948
151 	 0.6968028545379639
152 	 0.5458961129188538
153 	 0.530543327331543
154 	 0.589836835861206
155 	 0.51258784532547
156 	 0.5613824725151062
157 	 0.6149402856826782
158 	 0.7678343057632446
159 	 1.3855843544006348
160 	 2.1832456588745117
161 	 1.5709348917007446
162 	 0.9873198866844177
163 	 0.7356382012367249
164 	 0.5751283764839172
165 	 0.5444977879524231
166 	 0.590108335018158
167 	 0.5693911910057068
168 	 0.5393829345703125
169 	 0.5111579298973083
170 	 0.5102856755256653
171 	 0.44992563128471375
172 	 0.5160847902297974
173 	 0.5323277711868286
174 	 0.5405042171478271
175 	 0.5329232811927795
176 	 0.5997944474220276
177 	 0.60373455286026
178 	 0.6029133200645447
179 	 0.6872106194496155
180 	 0.7905409336090088
181 	 0.8306180834770203
182 	 0.996353805065155
183 	 1.1007651090621948
184 	 1.0805542469024658
185 	 1.2627003192901611
186 	 1.5463612079620361
187 	 1.6598255634307861
188 	 1.5602529048919678
189 	 1.3879584074020386
190 	 1.1751054525375366
191 	 0.8837820887565613
192 	 0.8327122330665588
193 	 0.9098032712936401
194 	 0.9235710501670837
195 	 0.8039555549621582
196 	 0.7512444257736206
197 	 0.9031355977058411
198 	 0.889038622379303
199 	 0.7377053499221802
200 	 0.7479561567306519
201 	 0.886492908000946
202 	 0.8943299055099487
203 	 0.7959645986557007
204 	 0.8405669927597046
205 	 0.7291429042816162
206 	 0.6185140609741211
207 	 0.6328215003013611
208 	 0.6087511777877808
209 	 0.5570476055145264
210 	 0.4780232608318329
211 	 0.5063107013702393
212 	 0.5315493941307068
213 	 0.6383941769599915
214 	 0.8438003659248352
215 	 0.9867714643478394
216 	 1.3174399137496948
217 	 1.288424015045166
218 	 1.3623316287994385
219 	 1.9853178262710571
220 	 2.383769989013672
221 	 3.2212045192718506
222 	 2.7630395889282227
223 	 3.403864860534668
224 	 3.6715874671936035
225 	 3.4721314907073975
226 	 3.516309976577759
227 	 3.7681634426116943
228 	 3.9123244285583496
229 	 3.0384020805358887
230 	 3.6312155723571777
231 	 2.7417218685150146
232 	 1.5621031522750854
233 	 1.398861289024353
234 	 1.03769850730896
235 	 0.8189674019813538
236 	 0.9872938990592957
237 	 0.8281888961791992
238 	 0.7667204737663269
239 	 0.8127845525741577
240 	 0.8730098605155945
241 	 0.8221942186355591
242 	 1.0517501831054688
243 	 0.9091050624847412
244 	 0.8883039355278015
245 	 0.8178951740264893
246 	 1.1191095113754272
247 	 1.533410668373108
248 	 1.0483214855194092
249 	 0.7410823702812195
250 	 0.7436656355857849
251 	 0.6745291352272034
252 	 0.6709933280944824
253 	 0.9070925116539001
254 	 0.8594846725463867
255 	 0.7780531644821167
256 	 0.7389770150184631
257 	 0.5983920693397522
258 	 0.5827240347862244
259 	 0.522061288356781
260 	 0.4774390161037445
261 	 0.5170592069625854
262 	 0.5856505036354065
263 	 0.6500123739242554
264 	 0.6769074201583862
265 	 0.9198748469352722
266 	 1.1390362977981567
267 	 0.8345770239830017
268 	 0.9194048047065735
269 	 1.0404000282287598
270 	 1.1245447397232056
271 	 1.2223249673843384
272 	 1.0245553255081177
273 	 0.9086084365844727
274 	 1.2331103086471558
275 	 1.708992600440979
276 	 2.1044929027557373
277 	 2.523763656616211
278 	 2.7969181537628174
279 	 3.05193829536438
280 	 3.0019419193267822
281 	 2.9970245361328125
282 	 2.4513180255889893
283 	 1.484127163887024
284 	 0.9252848625183105
285 	 0.7402530908584595
286 	 0.7410343289375305
287 	 0.5783186554908752
288 	 0.60770183801651
289 	 0.5896571278572083
290 	 0.6246047019958496
291 	 0.7193986773490906
292 	 0.7915445566177368
293 	 0.9828015565872192
294 	 0.8356265425682068
295 	 0.9098818302154541
296 	 0.8415166139602661
297 	 0.984699547290802
298 	 0.9850300550460815
299 	 0.8642656803131104
300 	 0.9157687425613403
301 	 0.9861812591552734
302 	 0.941498339176178
303 	 0.8889011740684509
304 	 1.0593444108963013
305 	 1.116251826286316
306 	 1.0626039505004883
307 	 1.5936311483383179
308 	 2.2281534671783447
309 	 2.7791073322296143
310 	 2.915814161300659
311 	 2.6077780723571777
312 	 2.186286211013794
313 	 1.9550740718841553
314 	 1.5699824094772339
315 	 1.7333158254623413
316 	 1.3003079891204834
317 	 1.2060145139694214
318 	 0.8595576882362366
319 	 0.760585606098175
320 	 0.7091527581214905
321 	 0.7409214377403259
322 	 0.7227429151535034
323 	 0.7486449480056763
324 	 0.6408812999725342
325 	 0.6704208254814148
326 	 0.5621355772018433
327 	 0.5021569132804871
328 	 0.4424736201763153
329 	 0.4196217656135559
330 	 0.4936878979206085
331 	 0.5458592772483826
332 	 0.6859263181686401
333 	 1.1446309089660645
334 	 1.1213783025741577
335 	 0.7379421591758728
336 	 0.6378027200698853
337 	 0.5737969875335693
338 	 0.5185285210609436
339 	 0.5086278319358826
340 	 0.511128842830658
341 	 0.5403287410736084
342 	 0.5597763061523438
343 	 0.5398082137107849
344 	 0.5758343935012817
345 	 0.6526211500167847
346 	 0.6178827881813049
347 	 0.6225411891937256
348 	 0.6466068029403687
349 	 0.5596195459365845
350 	 0.488857626914978
351 	 0.4789099395275116
352 	 0.5552098751068115
353 	 0.5718806385993958
354 	 0.5953795313835144
355 	 0.672791600227356
356 	 1.0825942754745483
357 	 1.8060524463653564
358 	 1.0958346128463745
359 	 0.9093457460403442
360 	 0.8332895040512085
361 	 0.6897310614585876
362 	 0.7411738634109497
363 	 1.0747075080871582
364 	 1.8150187730789185
