0 2.5445578896394867
1 2.5565841949469377
2 2.605019774920799
3 2.5704706107356308
4 2.651861346013473
5 2.652189900222636
6 2.5195546348179865
7 2.5910420346760823
8 2.6002944832221684
9 2.6198532790742575
10 2.5778507644682924
11 2.6119946990741507
12 2.5846373628189703
13 2.655388913072897
14 2.5677253060638816
15 2.717197662883655
16 2.6551475564116345
17 2.5331838734308105
18 2.6509587988885266
19 2.6077363305041144
20 2.674716581733777
21 2.817623783301752
22 2.7000949895224537
23 2.615206643282854
24 2.53637912209071
25 2.63356565913171
26 2.6156696845890464
27 2.601998556295054
28 2.51334636224995
29 2.653265441538137
30 2.5788436078514496
31 2.609539137856545
32 2.663069459191573
33 2.4928876566295872
34 2.6177451867679555
35 2.7707023092037413
36 2.7839781359372675
37 2.6568275755179025
38 2.8202858888152935
39 2.5875844683429063
40 2.581905182324449
41 2.5450130330343095
42 2.4675915815214404
43 2.5744466597747513
44 2.6497101507609515
45 2.591766685588843
46 2.7386897642309633
47 2.6450591844618403
48 2.591209081095781
49 2.593164774787332
50 2.865244413085662
51 2.6548368074038726
52 2.5707799682256955
53 2.591821254875044
54 2.5054588540088383
55 2.584630951702908
56 2.541922037684225
57 2.7990662326049263
58 2.8123180357082984
59 2.6972315592663056
60 2.605099044003655
61 2.6520503623982545
62 2.602636311856292
63 2.677836462317517
64 2.69607633157822
65 2.59344540827154
66 2.5954760490008684
67 2.5950703473418346
68 2.7759701221984208
69 2.7134384007865653
70 2.5898126989608463
71 2.8282359137829416
72 2.907028628951141
73 2.7088263646082718
74 2.6692832720281388
75 2.6506878971989223
76 2.8151611614759093
77 2.6431853782346955
78 2.711514962442176
79 2.7265540247732734
80 2.817193735122348
81 2.5452792083746094
82 2.5806350027309293
83 2.584712583033741
84 2.651239426336065
85 2.567221379402451
86 2.602701111206198
87 2.5721024572578646
88 2.8190356404199384
89 2.704818725376118
90 2.6962286236714577
91 2.731529494007703
92 2.59974560553529
93 2.7735504866688605
94 2.61584166079751
95 2.5061512933818326
96 2.889590753126767
97 2.6235694023199856
98 2.559255553923999
99 2.668320789992376
100 2.5428527330990898
101 2.7566093463756793
102 2.922389136487732
103 2.6069840101098603
104 2.5991069141611836
105 2.5549824847691815
106 2.593717394674219
107 2.79972123407598
108 2.588013456448183
109 2.611854638680917
110 2.646028110787529
111 2.586831740828393
112 2.571717352659391
113 2.5818851357872106
114 2.622718405899356
115 2.7304838223470465
116 2.527132548770975
117 2.6244015962679486
118 2.5422600471169163
119 2.4771243771364935
120 2.6933953054581115
121 2.497386639343331
122 2.529235112808371
123 2.82029940966327
124 2.73480849275768
125 2.58385596610717
126 2.5478815797621603
127 2.694076979989361
128 2.580206905540513
129 2.7108849804413993
130 2.5398988452856113
131 2.8529263058602825
132 2.546924679056295
133 2.6069588083723185
134 2.584947613390704
135 2.645339777912937
136 2.514283512326123
137 2.6295544174368426
138 2.616405088991608
139 2.6354655921124235
140 2.4959631300984633
141 2.6975557467431215
142 2.5871168143330645
143 2.570034777552216
144 2.640078655165245
145 2.711796713004237
146 2.614849410656243
147 2.6145564337436777
148 2.568408496104033
149 2.700478626925328
150 2.677236110528563
151 5.202418250767805
152 2.692177482951321
153 2.614707875810788
154 2.4983781109360965
155 2.623250198670773
156 2.681584746634357
157 2.6792887651564525
158 2.6779771365350142
159 2.61250882880228
160 2.596196109099471
161 2.6554174588858928
162 2.66180311143312
163 2.5959620901801364
164 2.600879942868315
165 2.745465720501903
166 2.7186652724369984
167 2.5984828359492784
168 2.7434259245279886
169 2.6399294140237313
170 2.671007781807967
171 2.726267038034636
172 2.6906090829847553
173 2.7421257071249303
174 2.589887666448138
175 2.6392774250251176
176 2.6283820218211686
177 2.683896404195931
178 2.719745360480122
179 2.5210838692017883
180 2.6127258005057308
181 2.6632530985655523
182 2.677825107983752
183 2.67062254891508
184 2.622682790567313
185 2.644570399668146
186 2.949795229978537
187 2.723636489666422
188 2.7266185246219767
189 2.487524459206209
190 2.64776426991
191 2.8413366523803494
192 2.654415076144713
193 2.648988618221459
194 2.6896623509294764
195 2.636756713756038
196 2.5582617814198723
197 2.632773056641071
198 2.7113528912201597
199 2.7809905000710606
200 2.770782279411987
201 2.796955956066856
202 2.7461906932236495
203 2.6268943679788395
204 2.63858958970739
205 2.571530827320291
206 2.7053306581032017
207 2.695441532402273
208 2.8211728512192598
209 2.808095090423138
210 2.6927025775527222
211 2.703801199088229
212 2.509409287203133
213 2.701023380967972
214 2.6618682814891987
215 2.647596553849365
216 2.6154050132751223
217 2.754299039786569
218 2.679632529383785
219 2.676761944056154
220 2.6638060075685273
221 2.6411242435132958
222 2.627963673600621
223 2.6579997273495497
224 2.5486964598839013
225 2.610099317114432
226 2.617731024313726
227 2.7931965790097855
228 2.655280568545515
229 2.7712535591607463
230 2.7417623608138966
231 2.5216672405418294
232 2.579908429116542
233 2.6945623669225784
234 2.6740467249440742
235 2.651000145526902
236 2.6411155718419583
237 2.6140331091241826
238 2.689367350059121
239 2.6236022775265457
240 2.6978937462223502
241 2.639933716466702
242 2.5248429324880366
243 2.6598722730482276
244 2.5455709854576782
245 2.7037543990835324
246 2.5379872104911456
247 2.744061753333153
248 2.56802906193379
249 2.613345887028784
250 2.617944429819469
251 2.684097935475575
252 2.6354847264628236
253 2.6188233649076262
254 2.589246577054614
255 2.7353090167273564
256 2.593886537655483
257 2.6283821675404515
258 2.7718809417397345
259 2.550659326937818
260 2.667624757101816
261 2.7762004756097514
262 2.5610784074504984
263 2.592471648375273
264 2.8148881928319254
265 2.556259769944773
266 2.6663904316376383
267 2.5828777337043154
268 2.674222408602603
269 2.6159004694435635
270 2.538037035782609
271 2.7254816221727394
272 2.688444232155889
273 2.622092414786064
274 2.6945431849033072
275 2.59130092972919
276 2.641702845014034
277 2.7422421808929767
278 2.662397210180028
279 2.617270746128716
280 2.672470147906789
281 2.7363478677821
282 2.4979895586571925
283 2.718049306265227
284 2.6800365739602503
285 2.7000862159450563
286 2.579700983343599
287 2.6406047176238516
288 2.6659808792536492
289 2.6936720464219186
290 2.6835114514989593
291 2.497522464721725
292 2.7810775736683655
293 2.657025448952179
294 2.650558056771183
295 2.7555550667106776
296 2.801235179614973
297 2.698514558035782
298 2.607710090343355
299 2.739882688129222
300 2.629002297715917
301 2.61665066593735
302 2.6795064534099695
303 2.726904888426329
304 2.5616116068925936
305 2.546679263495731
306 2.764993356362566
307 2.5661227966333264
308 2.5195969677112235
309 2.788835115454463
310 2.67032385900109
311 2.637415732285268
312 2.6368703946429433
313 2.6255195851153177
314 2.5307348190067027
315 2.605661627840779
316 2.612132932860889
317 2.566677493297995
318 2.7699215182519525
319 2.559450336653692
320 2.577604473356577
321 2.878194726381029
322 2.6575958443189625
323 2.758331434572532
324 2.5913962699679494
325 2.631576301566854
326 2.6810532299210608
327 2.685010777863624
328 2.5961322583897206
329 2.5490316872900456
330 2.578098569598712
331 2.6285636121502236
332 2.5693947680425406
333 2.737083957320911
334 2.6359742018574575
335 2.639628365479794
336 2.58088142424901
337 2.5875161990003916
338 2.6824452948517647
339 2.847057365753089
340 2.7245720097063924
341 2.558312909811713
342 2.6859361509987023
343 2.6623629668467097
344 2.5296052339191366
345 2.614652360186503
346 2.6132488006170203
347 2.7093891718972176
348 2.6627580521368044
349 2.608635018809406
350 2.687894242715985
351 2.6598608868055824
352 2.688912748066906
353 2.7040016141815713
354 2.5499613351694106
355 2.790166656885948
356 2.6122265104664284
357 2.631979985449674
358 2.595581415003622
359 2.522375325827961
360 2.688499083817316
361 2.506444320103398
362 2.6426280897456067
363 2.7639252190412034
364 2.627587101162923
365 2.630860271650534
366 2.7424219014592035
367 2.709252380971637
368 2.827214619240039
369 2.647807040753059
370 2.593078009839919
371 2.6650700072504563
372 2.6751223523448973
373 2.7292078561707243
374 2.8401241583748784
375 2.780757018263037
376 2.632968887793315
377 2.691310931628933
378 2.633332995318797
379 2.639994515732362
380 2.584089081035692
381 2.538934349734924
382 2.662247408241355
383 2.659318980820484
384 2.6936260345740863
385 2.5647182134095834
386 2.685283376251967
387 2.5057925804067582
388 2.588626268536931
389 2.810193553117286
390 2.625609648311979
391 2.6378371788974193
392 2.742456997522466
393 2.7362478111260673
394 2.7117849970160033
395 2.5338946002730207
396 2.6940515151796665
397 2.7746485002828085
398 2.686117503894316
399 2.7467911835137717
400 2.7116502328477177
401 2.655251238631808
402 2.674834863451527
403 2.715364390216929
404 2.7173745234256335
405 2.7994907531217237
406 2.7495846299033078
407 2.5818362683379967
408 2.68654259143361
409 2.962233358114871
410 2.5316783303961143
411 2.531704283469239
412 2.677550828162141
413 2.6228924774756175
414 2.5823825321608997
415 2.5461924570174266
416 2.7554720246249764
417 2.682234748503941
418 2.6477570975965685
419 3.014710839164193
420 2.6161883599386497
421 2.5683624933182165
422 2.504670489912945
423 2.6840286048567967
424 2.722539143911656
425 2.8767919385111336
426 2.5947631276512224
427 2.6343690677961957
428 2.6082086601577714
429 2.6354158861682317
430 2.739765469835864
431 2.6177786307999247
432 2.54696916748715
433 2.7575312604874083
434 2.816290396884159
435 2.685268599314569
436 2.584187535015552
437 2.670862595782531
438 2.606785707987471
439 2.6648354804301686
440 2.64803258021937
441 2.715345654192472
442 2.6911140226481236
443 2.7168308754508703
444 2.6737911385491304
445 2.596718765258112
446 2.7515945307810643
447 2.599757694984933
448 2.6415376341343055
449 2.840775973644483
450 2.649517552709493
451 2.6473206631127844
452 2.6829049300274073
453 2.6239926307107755
454 2.475943923223828
455 2.6133650454534507
456 2.7853128942433747
457 2.566636083089138
458 2.630603261254361
459 2.585326381944
460 2.6067047623714403
461 2.6028698776481534
462 2.662621623965129
463 2.7542237101654723
464 2.59956627040365
465 2.57878901715628
466 2.8211613269197118
467 2.81647461683706
468 2.595571280060285
469 2.8673756622635342
470 2.7436568537859984
471 2.6186206606117373
472 2.6753000901336894
473 2.5281430427057527
474 2.6262871664228085
475 2.646700839868795
476 2.701112479624877
477 2.584726412524214
478 2.6418066230686423
479 2.727850899289884
480 2.639640095765238
481 2.508464396845841
482 2.7378668358744274
483 2.692076967255275
484 2.633321788090637
485 2.6141687966221587
486 2.5908564747596854
487 2.7035740402091193
488 2.560130590072514
489 2.6197015585494787
490 2.5594654685257097
491 2.6237263359449066
492 2.8504601853309652
493 2.705945396125486
494 2.8134089295893294
495 2.7176157791295936
496 2.9665830715474226
497 2.625265902881828
498 2.755362927714079
499 2.5951390733547317
500 2.5659676484604694
501 2.5791343111314933
502 2.6679433157026504
503 2.68643050493694
504 2.6052289426789232
505 2.7071817163920446
506 2.729969510962166
507 2.6222541037300666
508 2.6186612673526914
509 2.621704590647608
510 2.562436215944859
511 2.638276949277609
512 2.6451737637385553
513 2.627593492789649
514 2.6935318742571006
515 2.599578082634149
516 2.503462009588831
517 2.7267559844788383
518 2.743975797598563
519 2.630253068111753
520 2.6016545170955645
521 2.7057927566700073
522 2.683263515888379
523 2.695590753431247
524 2.794934607016836
525 2.668304978431584
526 2.639424616489373
527 2.683387056312054
528 2.535018844420369
529 2.6956486320851805
530 2.6444454019226025
531 2.7249532543549106
532 2.7822637530183023
533 2.720348319854094
534 2.7502476077830686
535 2.5886075595661455
536 2.6885457745759314
537 2.6640573903088156
538 2.6034078802682603
539 2.8835729404694805
540 2.7133845203867253
541 2.6920818587491744
542 2.592449686897131
543 2.6109584987223413
544 2.7011684256348762
545 2.5869228359480867
