0 14.131520075979525
1 13.824812775582744
2 14.166056072148516
3 13.61185326126769
4 13.832259446219343
5 13.758772172539155
6 14.604383643731078
7 14.675672700819653
8 12.459266749026638
9 14.028921505679033
10 14.416584183634988
11 14.755652712015438
12 13.853717770515138
13 14.346968938817978
14 14.38536562508797
15 14.069085444024514
16 14.186098976160112
17 13.412534600741582
18 12.530940636797023
19 13.27672384636831
20 13.524282806147822
21 12.768512479155072
22 12.068792553283938
23 11.801555936641085
24 12.631152045581244
25 13.16373040915584
26 15.640990623725024
27 13.874523580876833
28 12.919746627179219
29 14.692747050282607
30 12.70216746592333
31 12.934746181452285
32 15.27902152624108
33 14.666099444207934
34 14.610988792996672
35 12.734129063982502
36 15.65159438801817
37 14.524915476968415
38 13.616271112013555
39 14.924179108806566
40 12.395451079535338
41 13.101832010906255
42 13.88078259995493
43 16.6861438106537
44 16.42369747524205
45 17.139369550107787
46 17.881490425127673
47 21.04559863102402
48 15.017866548144175
49 18.35813025661219
50 16.704368343371346
51 11.20493667845794
52 6.555472439442342
53 8.230839773744858
54 9.947968475945304
55 13.67984481882381
56 12.188642554341232
57 14.719160014372802
58 14.85052316523918
59 14.064254580379927
60 21.040224119294873
61 16.030368632729274
62 22.40581323707707
63 24.847099371588328
64 19.122959694570458
65 18.297889145715047
66 18.308442980318084
67 13.86331448209089
68 17.024797388641176
69 16.409098496147124
70 17.783688387364435
71 16.182845884286316
72 16.19148253431558
73 13.615222870361496
74 19.393796680757667
75 15.930372650722822
76 10.117394857339637
77 11.137273396225146
78 12.822581057557244
79 12.365969346115063
80 9.77852892682307
81 11.028154209642304
82 10.52030260890612
83 11.863825331811162
84 11.309676775132912
85 10.390167166711322
86 11.614347579334343
87 10.581196986355772
88 9.544324522557158
89 11.246969748861911
90 12.357031170980626
91 10.782434988031698
92 9.9310214020976
93 10.036171869945944
94 11.874120106493244
95 10.616148118323483
96 10.501043158825748
97 10.221262156167516
98 9.716496521578899
99 10.202716086064354
100 10.442076872621515
101 11.879646690786506
102 10.216077557202379
103 9.894110675567841
104 10.19672813884534
105 11.94697776206285
106 14.554196697252042
107 10.191591550409674
108 10.912952946222898
109 10.55357972652136
110 10.021478468771024
111 9.862345012427216
112 10.071695642367322
113 10.482946716482822
114 9.630033170175512
115 10.234418163213943
116 9.44806379308171
117 14.163283274429705
118 9.995738653221514
119 9.720349046338823
120 7.724234299798295
121 10.025003338172537
122 10.818235524084931
123 10.759455975447528
124 10.550059357165313
125 10.725845166488993
126 14.049162938573161
127 12.127857356661554
128 17.785783976664696
129 15.253204266442443
130 10.578116505743175
131 9.718625306735444
132 8.664594656052644
133 8.538059766390106
134 8.494298771864528
135 8.635858050754743
136 9.841726614146253
137 8.818984672394556
138 15.348859917246665
139 11.009469984316318
140 11.608524059846426
141 11.303515442896373
142 9.831341686043643
143 10.052088129250375
144 10.11513132172277
145 11.158137456747365
146 9.434981086924985
147 12.783327100604879
148 10.739253307300629
149 9.537765135614903
150 7.910357439752227
151 12.220568635699442
152 11.48995240583946
153 9.444435249174228
154 9.909681133511144
155 12.151850975420313
156 9.454248284762459
157 9.861285162359035
158 8.328950320351035
159 9.63832322072941
160 11.072586365413484
161 10.959793348386862
162 9.919494247155733
163 9.161786415021488
164 12.166020118509374
165 11.4351608404212
166 11.918554938035882
167 10.39300261629435
168 10.072675294427558
169 12.334514124958405
170 10.54689522982256
171 8.857274270540993
172 10.791727644095843
173 11.73140154954873
174 11.168533350744275
175 10.991490953890787
176 9.449855788229083
177 9.373330677964235
178 10.685864818055386
179 12.652409519297326
180 10.397318499704275
181 10.888270104090044
182 8.948388793833312
183 11.107737201170481
184 10.55289802375719
185 9.510609672005216
186 11.550474004659783
187 9.403950864912396
188 9.98685300481549
189 9.50959518418925
190 10.1584981163641
191 11.063101813282504
192 10.70832843033604
193 10.340346604607756
194 9.574594522326604
195 10.292419004700562
196 10.17534828697773
197 10.82667958043958
198 9.482167427636142
199 11.338945631091551
200 11.540650432337218
201 11.374525073810252
202 9.297225620626545
203 8.264511993422662
204 9.931750963193654
205 9.068049795417451
206 8.448784719135459
207 9.759947021941958
208 9.075738212240369
209 9.658626414201354
210 10.08008283547311
211 7.549388291725934
212 8.514673295622176
213 9.740280375991453
214 10.143201211647531
215 9.835129330248908
216 9.874907171896053
217 9.928926827519012
218 11.475842909815746
219 9.468709112404245
220 9.554132057258315
221 9.3593350271228
222 7.953294486416144
223 9.716868240605665
224 9.91562135081391
225 9.548875793171868
226 10.585055119506965
227 10.348966516315674
228 9.230098386092306
229 10.315367802972425
230 10.47167762619676
231 15.64559371729059
232 13.183731502808909
233 10.373302615572895
234 8.953953980567572
235 9.04555800496921
236 10.418793895679105
237 11.164078966157167
238 10.557969159628023
239 10.05472308777133
240 9.128059759736153
241 10.835361097678318
242 10.7274069906539
243 11.075401929455701
244 10.840812209847448
245 10.118678565995255
246 11.320396884089705
247 10.27940713512622
248 11.614645145106675
249 10.788993018493525
250 11.833595493510622
251 11.825183396457398
252 13.049986364093906
253 11.199925651913937
254 10.57814984350851
255 11.961621992563066
256 10.371339655506212
257 11.36572990689862
258 10.862473657694148
259 12.066309346700729
260 10.608465465330465
261 10.877887018887286
262 10.034137837559932
263 10.817377859013712
264 10.415669504476028
265 10.717074952025802
266 11.168494540467766
267 11.279940333630586
268 10.58799829419206
269 9.45592955428408
270 12.450751761626222
271 8.993685186798272
272 10.858105733073979
273 10.46656228371989
274 9.836293476836168
275 9.602606111003954
276 10.82857587756817
277 11.17591002914991
278 8.629536765206053
279 10.893198636315402
280 12.90625494746265
281 11.837525252493087
282 14.732570072838646
283 9.881820425478066
284 10.12789101704198
285 9.20011604390235
286 9.880683764945232
287 10.087400403793035
288 9.198096219472685
289 10.247162617277263
290 12.62275299157943
291 10.248208787948064
292 9.515215205010584
293 8.495755015906523
294 9.325199507009264
295 9.68434157231127
296 8.738591288679292
297 10.22727876050562
298 10.767956257772491
299 8.4197432974013
300 10.213080811117246
301 11.821768493453385
302 10.734930189184402
303 11.165731932562872
304 10.01325823927324
305 11.121139141435227
306 10.387078653345203
307 10.15380698450267
308 11.21680389209551
309 10.10997717018092
310 10.761501313232342
311 9.819456916612445
312 8.491422970154751
313 7.85901680516252
314 11.624430864080766
315 8.045598417778248
316 11.207165108874474
317 10.988924664254617
318 10.175490008741297
319 11.060118373977511
320 11.43187090793409
321 10.210587867460497
322 8.567609022215278
323 10.773548468668215
324 7.554477142597365
325 10.264167632671167
326 12.80532048511725
327 10.444761185013888
328 17.532357607709304
329 14.630707179888164
330 16.19716958944204
331 9.613738111123784
332 10.194681985143031
333 10.658789980359549
334 11.639189917735488
335 10.354301833991652
336 12.767288699189963
337 11.581245597350248
338 10.50983533047803
339 12.069125179001244
340 12.147945372102583
341 12.292759876143746
342 11.349747970357612
343 10.821656366738226
344 10.332181651712137
345 10.403298831062626
346 12.016355556731405
347 11.17231744971309
348 12.670769577022808
349 10.167560180680915
350 10.258557191957284
351 9.458390096858897
352 9.910467890123645
353 13.20178655451742
354 16.058579332230916
355 13.174814114914492
356 8.256627539200988
357 11.241568657264283
358 12.68805508042248
359 10.291945145701593
360 10.330808806956076
361 10.658347566605814
362 13.445358558448767
363 10.071924931638515
364 11.683937664301501
365 10.246362318974203
366 10.467046978215746
367 12.423366837922156
368 10.199093562932578
369 9.752935117423748
370 10.250505214623363
371 10.384775483594073
372 11.065516583589607
373 10.186914066649367
374 10.35725072680671
375 10.708473825787792
376 12.052048972539197
377 9.853086889352632
378 11.901530612383695
379 11.22758603807298
380 10.529820318514922
381 10.147501097907035
382 11.145978655450964
383 10.474664566492951
384 10.699632502578579
385 11.44284000531252
386 11.708885874346324
387 9.020971333554002
388 11.777339670347251
389 10.533715989541333
390 10.442345798714529
391 10.852675932381949
392 10.043523501119873
393 11.075692971091671
394 11.527340677995312
395 10.319736509692847
396 10.415241256039664
397 10.525312711866723
398 10.209150395857604
399 11.014486643778847
400 10.570356100603835
401 11.07211665954451
402 10.639571048115888
403 11.165402350955086
404 9.175550655043493
405 8.922372334112444
406 11.517428927724044
407 9.673635040340496
408 10.094953373855006
409 9.42324744208898
410 9.934043870995703
411 11.58252427503159
412 10.17711341147255
413 9.568271655125653
414 11.209482833426263
415 10.00593956485024
416 11.046189711419911
417 10.969958636036619
418 11.234582114016202
419 11.400762555935897
420 10.714164717396883
421 10.87411550269249
422 9.846575422403816
423 14.401679698488184
424 11.14912170234112
425 11.149699054079464
426 11.725414385702388
427 10.56578787223089
428 11.357736157143902
429 10.949219853632313
430 11.399308367418941
431 11.216465250810215
432 13.154052217383185
433 13.023848265854353
434 11.824651850164019
435 12.406795672474248
436 11.49507444667282
437 12.9097456346758
438 12.910897245029249
439 15.832771789949643
440 10.683661228192312
441 15.767301107875419
442 14.179900792782284
443 12.062756513874861
444 13.990741800094073
445 14.343187420859188
446 13.045558495937001
447 15.42835883107428
448 14.706929793820638
449 14.938472131537827
450 13.174193992132444
451 11.977004203173223
452 11.968227914647075
453 12.870590760457276
454 12.729785987684629
455 11.031427241428617
456 10.625980954788565
457 11.148212559277866
458 15.659320374607205
459 13.07135823425327
460 12.008300270940659
461 13.536463924145206
462 15.79980591054748
463 11.153358654640046
464 12.147963376260343
465 13.282807595082152
466 13.182650120350024
467 13.41709649752058
468 9.625487507902532
469 13.342590561939046
470 18.407917922293542
471 16.896406089761538
472 13.801864226284884
473 13.189643263082377
474 11.824305264674235
475 10.501762805750898
476 11.192367993891258
477 12.763953192226847
478 12.800302239531364
479 11.159919515377279
480 11.827787238256093
481 13.222012180327605
482 13.574485454172946
483 12.453656140769082
484 13.434305529062708
485 14.403369069940583
486 10.045773161114745
487 12.809822643918423
488 11.311459738905702
489 9.445258312131623
490 11.76773237262988
491 13.051471520775696
492 11.672636251882288
493 9.863580700539629
494 13.411943274451309
495 9.403179558087087
496 13.02810208260547
497 8.856356615541886
498 11.847927044292742
499 14.018780516902165
500 12.018451706998562
501 11.942313349279098
502 11.796918506020118
503 13.251421195681052
504 11.002963624477259
505 8.992391268919048
506 12.501904245035943
507 12.92433434280058
508 12.917821391208111
509 14.97486623327067
510 11.178840069772514
511 10.957268390091034
512 11.661526619784638
513 16.70970123872185
514 12.029208357932992
515 11.028191765096675
516 8.717022950275636
517 12.528082309717982
518 11.290272257640986
519 10.890196853766504
520 11.518564441829467
521 14.32770209594787
522 15.698021963229767
523 10.795470871960323
524 17.487878068242196
525 21.404470773091315
526 21.104601771965367
527 21.75681662702763
528 17.012254045513203
529 16.507798864077976
530 16.902558749294105
531 15.05265844962743
532 13.538783160332132
533 14.445257136624733
534 16.632558546350275
535 12.99908901773456
536 14.236419038225366
537 13.1901009346361
538 19.237355191910066
539 14.522778639086074
540 17.905083271787078
541 17.00578265013727
542 12.226182720178425
543 10.131843661981103
544 17.09255373927452
545 20.803971808924103
