0 2.8981478295925873
1 2.809725821243935
2 3.067162843987259
3 3.026150745053114
4 2.8035867586065444
5 2.956202425035834
6 3.0281383385017104
7 2.8963843545816146
8 2.862439816637008
9 2.6769905310514104
10 3.9125985467211994
11 2.936438069189029
12 3.014859206417554
13 2.8706665578625645
14 2.6557968068104083
15 2.838071116648962
16 2.970800154910451
17 3.0844281044567987
18 2.758816322167192
19 2.7918006472361028
20 2.8262531436035867
21 5.248533365590088
22 2.7355293002233716
23 2.781220256131718
24 5.0874030931543555
25 4.747014886865946
26 4.673793660566901
27 3.065236462978119
28 4.814952284253118
29 5.31286653693955
30 5.6321567772867365
31 5.040987459824324
32 2.8868020805368015
33 2.7999644451727064
34 4.790052783975393
35 2.9211633067012306
36 2.687567712321975
37 4.354476409118394
38 2.9063858792106205
39 3.0023016281947346
40 5.345299536607592
41 4.470072394922884
42 2.7923861519575595
43 4.245990668447978
44 3.698896615739331
45 4.264947056398497
46 4.512270818787287
47 2.8191731948963046
48 2.699738605011578
49 2.688402078233193
50 2.8979861687568853
51 2.873904118979943
52 2.79488815684528
53 2.7232502222188435
54 4.368716339509931
55 5.290595169458056
56 3.107878377742409
57 2.718132045364167
58 2.7579162756675837
59 2.7476851464875427
60 2.7099146201819355
61 2.7812302515957112
62 2.7392139285315693
63 2.8565990275406294
64 5.774901861008802
65 4.419459107049097
66 5.355806145989918
67 2.887499448353497
68 3.6898202824891895
69 4.716694460379192
70 6.336352593783889
71 2.7328296760418946
72 5.076686537259148
73 4.9951128028466885
74 2.929291438155672
75 2.8823317479311408
76 2.7092934160716946
77 2.7825844370375505
78 4.769704689583454
79 4.764506541070917
80 5.0210041250883455
81 5.065622844651025
82 2.681834262668429
83 4.829425398492243
84 2.7117344356923376
85 3.000993609605469
86 2.856769416389499
87 3.2639047538743835
88 5.963457406110769
89 5.006994577011106
90 7.242410845345319
91 2.7416807631711544
92 2.7091459201984245
93 3.37307328047259
94 4.827829161112789
95 2.800818218690046
96 2.8551206728153136
97 4.338942456796246
98 5.408967285602815
99 2.8276309786887386
100 5.099848207076606
101 2.9938464150291426
102 4.897453066853356
103 5.009353335397629
104 5.499820688251908
105 2.939527497242299
106 2.70793283940783
107 5.9425226364287616
108 2.9301814479989416
109 5.281750291940077
110 4.643709036806353
111 4.263826736865428
112 5.102183947494749
113 3.215607858844125
114 5.131410789669677
115 2.6938236815092247
116 5.171027160019208
117 3.114081218079832
118 4.728348508363044
119 5.434577728996996
120 4.387376603394583
121 5.013425492724646
122 5.519485091136171
123 4.651561092421012
124 4.42693793006828
125 5.220521976496046
126 4.533441235695868
127 4.332241995377554
128 4.949674789301348
129 4.8731580450637555
130 4.226630373701984
131 6.227926018555743
132 4.228583687134191
133 3.361849033337135
134 4.7663451826867735
135 4.278494053158484
136 4.888316413088243
137 3.710606483886788
138 4.835539075075497
139 6.834572640498578
140 4.296591350980278
141 3.731177850196851
142 6.079806388072701
143 2.7950144865989386
144 4.2212484381553965
145 5.337940965627623
146 4.926571725427934
147 2.8862457359311624
148 5.324197238369183
149 5.346128768733238
150 2.834511872675695
151 5.022469342834393
152 3.246898269025847
153 4.396802370741824
154 5.080557006955446
155 4.590931016100531
156 4.942871059903421
157 2.854775987843741
158 2.836578326617271
159 4.158780529649242
160 4.187961956418354
161 2.9263402112610324
162 2.7516974715864944
163 2.835735015505703
164 2.923474559807382
165 5.153646495628194
166 4.572977724387387
167 2.9986083236360552
168 2.633718214117781
169 2.8075770016319717
170 2.8471265458501707
171 2.761290761230774
172 2.8894828315222356
173 3.196877885504802
174 6.399355228963752
175 2.8013044983512905
176 2.8936427072701334
177 2.9417546910824663
178 2.7869114627170353
179 2.6961752491176205
180 2.844016781090444
181 3.178097572241897
182 2.6522971446157815
183 4.502915291649686
184 2.718729228047176
185 2.642386977466985
186 5.254948938520576
187 7.9637291183554675
188 4.543804680940067
189 4.028287719533298
190 6.232444005179064
191 3.6038322383659707
192 2.917859734143389
193 2.8576921168488685
194 4.909760852789204
195 4.650825385087434
196 2.912144579443259
197 5.304902013889206
198 4.618562843542727
199 4.539470574590226
200 5.423434024783108
201 4.751044963023874
202 4.880773182160041
203 2.895973295483633
204 5.01037878998989
205 5.20964661941058
206 2.782421778544006
207 2.738845427688858
208 3.617276026862694
209 2.8743101164220204
210 4.573077573422639
211 5.1106595115536475
212 2.7871098101253593
213 3.006984796814808
214 4.310982965354124
215 4.750600167305736
216 4.813673685671537
217 5.630118811496116
218 5.535472298469634
219 2.865804408486261
220 2.6671846957775514
221 2.771618161996948
222 4.755489746825716
223 2.8454902861132605
224 2.7823933387042894
225 5.066189226254752
226 5.138306487107237
227 2.8354344603085
228 2.929637313939433
229 2.7709550019172173
230 2.874467880198039
231 4.794924651773301
232 4.987124761035566
233 2.6822598190650244
234 2.846115978454253
235 3.1071436094799973
236 3.003451941475676
237 2.86756031074624
238 2.9078842109505936
239 2.798334230110204
240 2.869242279819184
241 5.029644097278133
242 4.284890639158724
243 5.052720036053614
244 3.0985017238622348
245 2.8551475289905452
246 2.9145739042393966
247 2.7536742062488813
248 3.052636826426732
249 2.9606836157764853
250 2.6712079563916453
251 5.097270919937559
252 4.9591317605109735
253 5.869531671879615
254 4.650300287151767
255 5.097636327259224
256 5.431980727102478
257 2.9083105541459697
258 2.883624851272723
259 5.023727925759313
260 2.866763437999859
261 2.8167780379384015
262 2.714637372825353
263 4.545566030858455
264 2.854130526300002
265 2.7697816128549766
266 2.778964154546777
267 2.7052303717458783
268 5.032140543101346
269 5.791015775346244
270 3.0072484924186353
271 3.571102904900604
272 3.8114123843617853
273 4.046765536172496
274 4.780113580745592
275 2.8684915125387915
276 4.314054027356473
277 3.1174062390170922
278 2.687304237829644
279 2.5952267845830144
280 2.7460053671742153
281 2.7270405791282264
282 2.799483485326031
283 2.750887383723025
284 2.698886938525373
285 2.75583250698038
286 2.651599031805349
287 2.7275769886392465
288 2.8792661465181917
289 2.7188678448749872
290 2.73169496145707
291 2.878206190241713
292 2.738404125898396
293 2.7704558385191866
294 2.9577133303771137
295 2.716837115791943
296 2.7095890853268885
297 2.772709297671547
298 2.8915345042072866
299 2.788618760185514
300 2.6400312477352585
301 2.670405668566995
302 2.652455353508848
303 2.6464093101503945
304 2.744525778516811
305 2.8187978560985716
306 2.653898573153775
307 2.7181891120430337
308 2.8966953425013995
309 2.8767475831719502
310 2.778961182405148
311 2.714006615732644
312 2.7906851969989743
313 2.5789990642823986
314 2.763436861169107
315 2.6594142201985425
316 2.799168712030104
317 2.660202905597691
318 2.8497168760164446
319 2.737256786367398
320 2.655179616943053
321 2.819063714495447
322 2.794899257595931
323 2.814821716782625
324 2.7485715937207877
325 2.8953186828508715
326 2.681839375696187
327 2.7265571882945907
328 2.8741412167218443
329 2.7061644871197115
330 4.3292714104527095
331 2.803229874682054
332 3.02781457252966
333 2.8608494959317916
334 2.7557760423572133
335 2.7605066690823366
336 2.896128779547373
337 2.7433059024408024
338 3.0587840930841166
339 2.781434982033464
340 2.8019796675156208
341 2.6095464946539884
342 2.683786710226914
343 2.7985268350033063
344 2.626143299673555
345 2.6193681547358727
346 2.704930436305471
347 2.870576178229001
348 2.901363468536926
349 2.9064945719901156
350 2.8693660765412066
351 2.7440341550949814
352 2.7136431600352537
353 2.77823990204192
354 2.611412894695258
355 2.7070819528098458
356 2.890480593005363
357 2.740768651844163
358 2.897278299544511
359 2.892364288715436
360 2.5719667856179385
361 2.748613504221171
362 2.852870405058104
363 2.854343318308182
364 2.6665729689552014
365 2.7514657973686187
366 2.5982818015061473
367 2.692493625601793
368 2.743884185885055
369 2.7562731580090634
370 2.87373397950845
371 2.693587990507054
372 2.742715407057046
373 2.7732357222911874
374 2.709953278115119
375 2.738444030890965
376 2.8778312191394826
377 2.747991332998112
378 2.7706188790095525
379 2.760490961287981
380 2.7563280519783424
381 2.9149741695500944
382 2.8493234460927424
383 2.803122566628627
384 2.6658333830397036
385 2.873942087201516
386 2.9706136952957176
387 2.7826999576207596
388 2.7073987060404576
389 2.8786265032863443
390 2.638781232295922
391 2.9525593516128508
392 2.9145005316997192
393 2.7865122376001596
394 2.806808753183441
395 2.6523271428507478
396 2.9482881352624255
397 2.680576423256207
398 2.721355227198382
399 2.9872333183201993
400 2.6296899192345027
401 3.094607923114628
402 2.7977068826472884
403 2.825871667993853
404 2.6887405267947346
405 2.7226513183979786
406 2.711561651020973
407 2.83828940644484
408 2.781867963684312
409 2.660431171785316
410 2.740725434520054
411 2.810114959448529
412 2.8049584412463764
413 2.7631511557987265
414 2.86570959421626
415 2.89637861098223
416 2.8812108249936306
417 2.6558795052008732
418 2.7800765052477034
419 2.7286444124007847
420 2.698073230104833
421 2.881797591128881
422 2.872147901585499
423 2.749072702305028
424 2.6674364132026835
425 2.791102763988659
426 2.726275537969969
427 2.74928532218219
428 2.736024476031715
429 2.900058155831191
430 2.7662711495264856
431 3.0112398778750387
432 2.68540725144021
433 2.96242573975786
434 2.7595123000686304
435 2.829715329154472
436 2.7255745795133564
437 2.7412445879508764
438 2.6952814069558033
439 2.786823457082794
440 2.966518028098921
441 2.964189320996577
442 2.7363797409230406
443 2.769986711866631
444 2.8148849765875656
445 2.9304104096282675
446 3.1900072832681157
447 2.730446362430423
448 2.8400662441240545
449 2.8431624691169644
450 2.8169205172958818
451 2.8549094779760016
452 3.0392087865750606
453 2.7992964498520196
454 2.7033701520682096
455 2.7189995910995663
456 2.6688044115162377
457 2.77462415743007
458 2.8235502744128094
459 2.9373952816251054
460 2.7555774353209337
461 2.7404094741350637
462 2.8789239565005436
463 2.8011813690268634
464 2.6147302950153377
465 2.6957164260140085
466 2.6763438533848403
467 2.7349805783163577
468 2.7820289285085895
469 2.933209634260235
470 2.9552854384386498
471 2.841835169026833
472 2.6926995204724893
473 2.806949098225582
474 2.6890564416361697
475 2.624605237770199
476 2.623715269144298
477 2.823446783671555
478 2.8132142804402918
479 2.7246568063211263
480 2.7561496147410227
481 2.8487591795054863
482 2.684080646710975
483 2.7080337619613193
484 2.826363369838047
485 2.9591653328591287
486 3.005322539460752
487 3.0047729167777795
488 2.6880333980015743
489 2.626387526603251
490 2.8507286375554903
491 2.94151772065289
492 2.70960920503365
493 2.9725133592086657
494 2.8805124508379194
495 2.7809683490310984
496 2.67363257517094
497 2.9594303417265713
498 2.8310908910435257
499 2.783596691781909
500 2.884191973706993
501 2.7393831064289174
502 2.75831679761004
503 2.682564943316705
504 2.847302894187622
505 2.9431049499649458
506 2.767940878998034
507 2.8972440581668715
508 2.7487002986584868
509 2.7270655719397388
510 2.7328963970077327
511 2.776117912924215
512 2.749095370919351
513 2.8566753116778982
514 2.7695895684273037
515 2.78540993262058
516 2.722850372586304
517 2.7921602232838016
518 2.8850737929961667
519 2.7414162788866268
520 2.7451781164560294
521 2.9067019536165373
522 2.7131630183785362
523 2.9620615102932413
524 2.660580078924495
525 2.7117626640678654
526 2.916420027138414
527 2.74081549457246
528 2.736012284980698
529 2.9474490946432206
530 2.7285126765631342
531 2.7476968125237193
532 2.671645729475803
533 2.8567157929129756
534 2.857758626004115
535 2.7642553944216166
536 2.7236427591405055
537 2.8019208535624016
538 2.6382010962999525
539 2.750539660842237
540 2.7923185192918836
541 2.753384908920921
542 2.740745800663453
543 2.939673231922668
544 2.648442864516993
545 2.7621585078475523
