0 3.0272224202028353
1 2.972225888848036
2 2.9042079585008596
3 3.0572296624693465
4 3.016120336965093
5 3.101060938825949
6 2.8468529830417078
7 3.072879724644737
8 3.4680759221138677
9 2.639619663548904
10 2.800110596365536
11 2.903266054587073
12 3.2461658291945104
13 2.9033216003255533
14 3.3553097719206963
15 2.796450988520843
16 2.8090638301316906
17 2.750671179602951
18 2.705014790496667
19 2.7082059185407465
20 2.807671960931972
21 2.881916590176323
22 3.2866025485622274
23 2.743911431775393
24 2.736107809620494
25 2.932890677019573
26 2.805571269013234
27 2.8310981707725587
28 3.012245442435921
29 2.7694355688036314
30 2.8863556621431616
31 3.0077626556630244
32 3.025984477598869
33 3.060765359517176
34 3.22547083201983
35 3.1825961626968358
36 3.0511611553314486
37 2.718633602440774
38 2.7010637117430742
39 3.429743919256932
40 3.187035972784885
41 2.910219053292042
42 3.000539512957478
43 2.8760424770470046
44 2.6521246202752
45 7.416336628552648
46 2.8448324096044626
47 3.3613942221158313
48 3.1800847585298864
49 3.275404891200821
50 3.0200852721501996
51 3.0863393961920966
52 3.254572511533496
53 3.292184845471368
54 3.561427939905966
55 3.9553061884856833
56 3.244000565821818
57 4.057160272196555
58 3.3873759004552086
59 3.6699369404975535
60 3.0605334516590132
61 3.162424145777186
62 9.081995948362705
63 5.343108968975005
64 2.9184656262237545
65 3.123114729373181
66 3.578962689832691
67 3.934009238362044
68 3.5221226757436135
69 3.3973410791828025
70 3.763844901504778
71 2.764275671142059
72 2.9603859521084592
73 2.7358212058736515
74 3.0911740966602577
75 3.4269157773598784
76 5.002424764282602
77 7.798185125971142
78 5.953971873481186
79 8.352218101479307
80 7.096337859552409
81 6.436195364870349
82 8.281445908095325
83 9.236229509388531
84 9.865329114819755
85 7.506103447507622
86 6.980566083290437
87 7.560984981687445
88 11.123501248704466
89 10.442304073253615
90 8.773595891869661
91 10.936665053880006
92 9.97763251970092
93 9.729887059804183
94 5.938081024717063
95 7.0913821210571415
96 11.466437395149166
97 10.871519541865506
98 11.476388448708716
99 9.688783613693317
100 10.646961381383946
101 10.46266003038095
102 10.992643352859554
103 10.303971471261407
104 7.0372184757409855
105 7.209294042781362
106 7.45815260973518
107 7.572705930272993
108 7.676617120876831
109 7.899701972818152
110 6.677746708509537
111 7.144376881762229
112 6.737656748024307
113 4.240753355874906
114 8.246183514732925
115 7.17050530164359
116 6.957058645735359
117 9.3044511151644
118 7.618163410222461
119 6.753796960595576
120 5.758073873018487
121 7.518748649545576
122 6.846168886650842
123 7.254751446837894
124 6.485440087917365
125 5.253985790379988
126 8.867590042536735
127 8.385102863042423
128 8.642627186497938
129 8.259833001152696
130 7.41623135589114
131 7.074613378354702
132 6.876585038173675
133 5.351524266148943
134 6.001310123223531
135 7.073006414626866
136 6.751982153369722
137 6.604353699790784
138 6.578857647305449
139 7.548340201869457
140 7.139260451499767
141 6.30963353713673
142 6.552151003487498
143 8.875180511218744
144 7.644722907961467
145 6.672824139398222
146 6.654033641254402
147 6.879991643163647
148 6.356521390765952
149 6.9139801515718755
150 8.333254084100846
151 6.719157300105
152 9.667638626865894
153 10.865446594294195
154 9.946246911459726
155 7.985177445958029
156 7.81242547954893
157 7.903230005554457
158 7.234097964316269
159 7.166191885140646
160 7.339498685241263
161 9.07861486185721
162 8.283128946058058
163 6.887570074208734
164 7.35174136001462
165 6.602115192984505
166 7.972050833131924
167 8.574112232393743
168 8.479996837652815
169 4.445790156759392
170 7.120230593330099
171 7.407228326468212
172 10.408557252781996
173 8.042937481071915
174 7.647341752112195
175 8.770195361116537
176 7.72288791793944
177 8.033045006104981
178 7.186441822590605
179 7.525082366555716
180 8.032767076969423
181 6.695475472504504
182 9.578424964464924
183 8.983662821200898
184 8.722320435222134
185 9.928450627512825
186 6.0765601839731005
187 8.079408675386734
188 7.1835925259209565
189 8.533819735679485
190 7.997109024833579
191 8.721733507193319
192 10.657141566469496
193 11.355457005214848
194 10.450836647317555
195 10.317347088680899
196 10.510989819790527
197 10.189289476494832
198 10.690350984611971
199 11.4118346702262
200 10.653099916376709
201 10.471079852974771
202 8.08423103825344
203 6.558176053637453
204 7.440181134291735
205 8.118797032165139
206 6.924901327567477
207 7.187343285809084
208 6.860744151809864
209 10.330603248890085
210 8.428411763495529
211 8.303693767557544
212 8.133615748849303
213 7.893084757489764
214 7.0613259802808095
215 10.748539023821222
216 7.784308721520787
217 8.725790048523312
218 7.678523362348104
219 7.5242986480622625
220 7.505921728653355
221 6.761008160853123
222 8.35470331913618
223 6.9521443552800095
224 8.22904776979406
225 7.097668687264411
226 7.57000299922387
227 7.1861411370113855
228 7.833944652311473
229 7.378936054000662
230 7.961641108323271
231 8.7850845524167
232 8.835554582320524
233 8.020399273531826
234 6.991003584333633
235 4.3752156494854235
236 7.322030320515356
237 12.513774033080923
238 8.862778988090424
239 8.118544465445659
240 8.282299494328905
241 8.963344409585169
242 10.390103040580508
243 10.216996196586088
244 7.674429023096438
245 10.903563535858089
246 7.034899173523158
247 10.260033319177886
248 6.0393805533588525
249 6.962982897474014
250 6.894290799473582
251 7.199445233012075
252 9.11956485620887
253 7.300309437036251
254 6.974365236612381
255 8.019098930598325
256 6.938518666208944
257 7.751501498040311
258 8.06178690388489
259 7.421157577521783
260 7.9389443825994475
261 9.987913733867455
262 7.18603846086372
263 8.093918081115728
264 12.585905365904935
265 8.400620241054995
266 7.623289692354109
267 6.634579429457045
268 5.173048496108653
269 7.367405954889406
270 7.875360544240857
271 7.084694538342123
272 6.569373896861324
273 6.482599672981643
274 6.835696600336677
275 9.570311177541287
276 7.178216257973003
277 7.077839990081566
278 8.411186076522522
279 10.605174633496647
280 7.052037555263532
281 7.103172420613003
282 7.012019157204037
283 8.746804988905666
284 8.684734341489062
285 7.004013903731635
286 6.619964391977765
287 9.425413699087695
288 8.687422171046636
289 7.702871207468731
290 9.273428459227649
291 9.165998871243694
292 10.262517980682475
293 9.197633529640699
294 9.333045287938155
295 11.674292504504955
296 9.985519596021987
297 9.621167262351948
298 10.701587754245871
299 10.352706538938893
300 8.715593479037295
301 10.078902973035737
302 11.3730797217968
303 10.695800165879314
304 9.223344404014284
305 10.124290024945193
306 10.16240098809204
307 11.970553137948981
308 10.624022625021013
309 9.13171224052624
310 10.850265773937426
311 8.213880517343782
312 8.001737244934032
313 9.422331515685087
314 8.58675767674512
315 9.849285440848018
316 8.418580075482712
317 9.229395707743345
318 10.192461080551201
319 8.16751482894815
320 8.305468712061987
321 5.090059615511266
322 7.7195986472759115
323 9.478804947893142
324 7.264365514888555
325 8.177987779520254
326 7.876886815513543
327 7.2405000347022845
328 7.87312743793704
329 8.835483199099444
330 10.854602791240866
331 10.57156807243278
332 11.680135219646365
333 8.74968696187196
334 10.381290459049152
335 10.570639306127436
336 10.762185084988703
337 10.856288792181514
338 11.091812372673381
339 9.223455831062083
340 9.257362029854551
341 5.540406351329443
342 2.7152966319864533
343 3.287645043297601
344 2.6576407950821084
345 4.3198652546337515
346 4.759878524802883
347 6.725998000939667
348 8.150764606430693
349 6.549963126058979
350 2.787800711876626
351 4.979317758138721
352 4.872612061843851
353 4.533314839447855
354 6.670688247121596
355 6.564139361024681
356 2.8100810259023477
357 5.280059297729883
358 9.02559892266229
359 7.552032523227422
360 7.702429924881496
361 4.645408301429619
362 7.13047381104593
363 9.783849357320275
364 6.744351889160395
365 9.889386781488083
366 7.951038871752578
367 9.369109134586896
368 6.701710165713422
369 10.316921982716186
370 6.793769964365792
371 6.824846834569539
372 7.188130882695202
373 6.858583941293457
374 7.600940430410122
375 5.9731702118508805
376 8.256748112165699
377 7.220567994229989
378 6.182389628786146
379 7.194702694651667
380 7.828240373982836
381 6.042138747881952
382 6.736997944332248
383 5.3619658081237445
384 6.74562937527531
385 5.328583046660713
386 8.695545564260685
387 6.614372672957216
388 8.316139315095052
389 7.238549544597789
390 8.478966355595043
391 8.527163634449481
392 9.08351022160039
393 7.988208099873884
394 8.401709806719573
395 6.67823819321631
396 7.668253693228142
397 9.210271779786607
398 9.056985374639334
399 10.631057584555409
400 8.277078977423807
401 8.763237708164818
402 9.15215787514661
403 11.038266829232457
404 9.545652635107642
405 9.114989851252108
406 9.380959487380554
407 8.582841713027108
408 9.411196297682139
409 6.792246972649028
410 8.427978153742949
411 8.794820693168242
412 7.05713220428046
413 9.291498687344896
414 8.921735950904328
415 8.077328784416416
416 7.274099656197788
417 9.145598784673266
418 4.9720277110608535
419 7.557352544379216
420 8.44934930741048
421 7.410731547665135
422 7.389248251196839
423 6.952423675932734
424 7.942176701878843
425 6.823795624315119
426 6.852995511195485
427 11.071283504780332
428 7.732095972262583
429 8.758262047207065
430 10.613898107474423
431 7.872031914538329
432 9.525558256465276
433 8.05662629031334
434 9.91317763491071
435 11.21289897435974
436 9.055685263666106
437 9.290731985535002
438 8.527606403322471
439 8.5326099755661
440 9.038138491214532
441 7.7402470637704
442 8.942744524421292
443 6.807685764142351
444 11.1454046657668
445 7.555165934939943
446 9.49910046236324
447 6.89382553240325
448 8.629991897544263
449 8.030025956107677
450 10.832389100999144
451 11.293105611780456
452 11.406708573201234
453 10.952520388682228
454 8.55931533034276
455 12.10693651226121
456 7.301538990844653
457 9.004680618134374
458 10.51776941897216
459 7.274238472091768
460 10.291427785102737
461 7.909730186923806
462 7.264421336277503
463 8.779331558350714
464 8.93711219399367
465 7.166893876182262
466 7.394442450064874
467 5.869467361794806
468 7.788227838047321
469 8.650045783259115
470 8.919008374634478
471 8.171578539941049
472 7.740617657730522
473 6.793290031912798
474 7.128545769533083
475 7.033678654798103
476 7.461808012365627
477 7.829463377297498
478 9.279230630742088
479 8.73332204423878
480 6.51778743222124
481 11.124024840218713
482 8.584119292240445
483 9.44553640257809
484 7.246814690102528
485 9.641744152641975
486 10.475212752600724
487 10.38293953993117
488 5.705999739063261
489 6.645162468017168
490 6.581233372123149
491 6.4616200489941855
492 7.185113049345834
493 8.33258453822877
494 6.7660651570373265
495 9.170346136187968
496 5.108555016016475
497 8.994364107840124
498 9.202562744691779
499 8.771874900634225
500 8.039376146009872
501 8.51457726547478
502 7.734000676008998
503 7.978085027739694
504 8.837442782500602
505 8.677186647307245
506 8.740687831824168
507 9.025358067249154
508 8.67541675323724
509 6.092647849933247
510 9.58260182776465
511 8.541944075884043
512 8.343889555231877
513 9.291421041424805
514 9.952137748014096
515 8.586651927051237
516 8.903358612287152
517 5.259008755856906
518 4.37456515521557
519 6.57241538406102
520 4.509950029290968
521 4.358062752728736
522 4.939330162460921
523 4.4525499630816725
524 4.86018867948904
525 4.417671018375893
526 4.663866041161014
527 4.363728972217034
528 4.579014817850059
529 5.021117794726485
530 4.563385011285507
531 5.021688063035128
532 5.067684209852615
533 4.047139923813172
534 4.615622226279496
535 4.370086725316704
536 4.408112335727422
537 5.125316155991241
538 4.542589876830679
539 3.1786224891802735
540 5.570715125181358
541 4.608861244125893
542 3.659485536177336
543 4.8137904112397285
544 5.073182193475849
545 4.450775696550658
