0 16.428313726644397
1 16.076795586681058
2 16.398904391943777
3 16.117789958815433
4 16.02073054102074
5 15.946083482223672
6 16.629452361711703
7 16.798025786902702
8 14.851726501797444
9 15.730169429794378
10 15.984861435778154
11 16.39520316986699
12 16.00249365094681
13 15.978761152768818
14 16.15271501748562
15 15.970350344517435
16 16.2078741257734
17 14.90716668218013
18 14.895804088505864
19 15.37725551668178
20 15.70002887420868
21 15.19668904805203
22 13.912483541533932
23 14.23718281192585
24 14.478387856873415
25 15.514637794483011
26 17.572512187950842
27 16.361648191955016
28 15.466987538799623
29 16.705394460224642
30 15.325762453211194
31 14.32598303701212
32 17.64353298589019
33 17.57401317463097
34 16.80184416336874
35 15.892777897186566
36 17.451626730935562
37 16.04050807742243
38 15.253963185641455
39 16.38973607960302
40 14.6165770011445
41 15.53225608512996
42 15.659748150790445
43 17.149068978764053
44 16.83329613394482
45 19.711625022230617
46 16.830475824948284
47 19.93811439243682
48 16.84326319323096
49 18.536457822785565
50 16.72116451645369
51 12.45470767603901
52 8.485521579257636
53 9.996727182772213
54 9.694144137017739
55 14.750189634017689
56 13.143158157689866
57 14.541870370515493
58 15.628307737876442
59 15.200101187514749
60 21.184407846180303
61 15.847545522616459
62 24.277640399465273
63 24.201834205609913
64 18.914650133421837
65 18.91816595842916
66 18.92664679800669
67 15.829383229246421
68 17.33845618959421
69 16.853722674354902
70 18.83116479476461
71 17.224465994274922
72 17.684869811693783
73 14.227339120731367
74 18.221667218839897
75 16.21589752750378
76 13.042544781457138
77 15.538757778301965
78 13.863476239364827
79 17.498972210098472
80 13.424908543941058
81 13.934892214667194
82 15.738409102993039
83 18.138664974561276
84 17.638886042953178
85 14.429808636095924
86 15.978077761686285
87 15.874212497696421
88 16.67691052799401
89 18.11584028897095
90 18.212955327724448
91 18.133131005610238
92 16.9301729733125
93 16.3410293197802
94 15.684225987026661
95 14.01355606421326
96 18.611956090493894
97 17.341573843451027
98 17.631038469929862
99 16.22511288417083
100 18.098723857210096
101 18.909228533825804
102 19.19174534562063
103 18.095544168940386
104 15.191444977722895
105 16.42948219202322
106 18.55414305055997
107 15.299710375156911
108 14.719243663546
109 15.287451110331762
110 16.690701304638825
111 15.512289322994869
112 15.183254702101868
113 15.281169600745281
114 15.958561727566641
115 14.589602738655046
116 15.436899148113431
117 19.352537636137317
118 15.683752371365472
119 15.098328669506511
120 13.252247890276744
121 15.528663046074694
122 15.068597521902781
123 15.436829783497439
124 14.964192056919568
125 15.037477991881211
126 20.05601755892293
127 17.749525010068094
128 23.054068676144517
129 19.9569637450495
130 15.696515726112578
131 14.922340405141316
132 14.128826308249725
133 12.10052585403677
134 12.88808611046198
135 14.1505563046455
136 14.83969598533978
137 15.090179294882212
138 20.35622966484717
139 16.435167999494126
140 17.08040399573024
141 17.57712016185602
142 15.227407258473493
143 16.971064628349875
144 15.635515312359866
145 15.285423557864066
146 14.93540781274505
147 15.30959974183452
148 15.238846465378561
149 13.437289780449895
150 13.18989435259498
151 16.36394089403594
152 18.279993034026916
153 17.121134251345094
154 17.115358396889874
155 16.910872124038256
156 14.116634398034344
157 15.665703283148396
158 13.960656525509828
159 14.216445813567848
160 14.882083546695178
161 14.494684544678192
162 14.419057607608028
163 14.741071732662327
164 16.619136853548014
165 14.30617151104479
166 16.132716225971215
167 16.244123567986506
168 16.31347215889228
169 14.987230761057726
170 15.974465346034671
171 15.018134939070336
172 16.59585693187793
173 15.509653097970912
174 15.536223102512839
175 16.6835654201306
176 15.674751174741045
177 15.31664009673303
178 15.148643283039416
179 16.08905840831932
180 15.119871851540601
181 15.870714719818478
182 16.48242313718541
183 16.05750047574402
184 16.215896474860237
185 17.87577206006318
186 14.238782567354953
187 14.182725973985976
188 15.281093675379866
189 14.875253586275775
190 14.594722413527354
191 16.772524284758507
192 17.120757048747503
193 17.01787530045164
194 17.416110746298965
195 17.333191307715392
196 17.508211771896786
197 17.349097687575853
198 16.738302395934074
199 17.607258158607415
200 18.60288390260765
201 17.67480649711
202 14.117012564060932
203 12.587308608946438
204 15.850480730444941
205 15.296105216980823
206 13.284726556940097
207 14.090136482328777
208 13.14776997223491
209 15.190020740566519
210 15.122573130254327
211 12.328522400122694
212 13.123566223925678
213 13.422926082033932
214 14.212991216576755
215 15.68326225781388
216 12.144386951695308
217 15.525099435594328
218 15.14141908760377
219 13.305823981034584
220 13.786621453434995
221 13.055596664036305
222 13.105114327506126
223 13.95292836075396
224 13.64128392677039
225 15.026842698097488
226 15.96885271671438
227 15.202787916757623
228 13.736818371601824
229 14.32674934956245
230 15.027616467373363
231 21.691095963533176
232 18.659221910244543
233 15.18583528203849
234 13.455506470725192
235 9.803112595120465
236 15.549880732484358
237 19.103816178700328
238 16.124187649880465
239 15.141599021946258
240 14.351942926107643
241 15.891837696181593
242 16.800568156728016
243 17.71781617114944
244 15.002223986039075
245 16.464289714950944
246 14.507026080071537
247 16.10105473301891
248 14.367171774742603
249 15.286119760964976
250 14.883818897507414
251 15.927065421701013
252 18.023247416977064
253 16.11319809534912
254 15.73067889807132
255 14.527022575670461
256 15.382941998357904
257 14.090707846776537
258 16.73794113497195
259 16.731203555988678
260 15.002071104096943
261 17.18135545065017
262 12.00159244070533
263 15.274068321833527
264 18.915614651833728
265 15.792971983365522
266 14.969806460873556
267 14.900075872640182
268 12.116313673100214
269 13.037444104647124
270 16.581529799422817
271 13.023361197923165
272 13.062902547500192
273 12.212239210248557
274 12.214280955859634
275 18.190139917721023
276 15.852794422911208
277 16.069944005923954
278 14.302682750258086
279 18.713009973657165
280 18.899346355299446
281 16.556719205463438
282 18.537197099711562
283 15.288587333160942
284 15.201505739775481
285 15.024097634842672
286 15.532514353691951
287 18.132945905736083
288 14.427050498236168
289 14.76287026845919
290 19.72146867175432
291 17.58320864534446
292 15.098999766461391
293 15.601025395483813
294 15.027785786820514
295 18.838609120000683
296 16.16879164084012
297 17.569852016144367
298 18.310210921396635
299 15.916004774816333
300 14.889217303903626
301 18.518064506047843
302 19.15287999379693
303 17.83612864156226
304 17.39325042911669
305 19.262273172888037
306 18.77463656886233
307 17.11813901148964
308 19.043591886870765
309 16.152953242544015
310 17.0611919495481
311 14.619202767654269
312 12.28030016261124
313 14.456866418046708
314 16.555645651937034
315 14.721264691522622
316 16.513672205172657
317 16.239936552431377
318 15.646495782369657
319 16.6120234473126
320 15.760799461733312
321 12.69513350196131
322 14.71133628478034
323 16.682624051352533
324 13.54264533686737
325 13.905579777979627
326 15.73624753055691
327 12.46701150468191
328 19.592314925387683
329 16.71118866325601
330 22.018617200316168
331 14.748398106333115
332 17.670418509969792
333 16.529566600387927
334 18.453332179212516
335 18.291150963850246
336 19.222753583850547
337 19.52183170340786
338 18.792994169204647
339 15.288240639430047
340 17.269931577698028
341 12.237963194784609
342 12.42422231166219
343 12.585360727865835
344 11.391316162303237
345 11.435977037906628
346 13.15382603812751
347 10.88560623196968
348 16.93806315320278
349 14.236980229690188
350 10.748723186904968
351 11.044159522846186
352 10.791274525877778
353 13.251163622096298
354 18.750195754353673
355 14.904392019779356
356 7.123931456400491
357 13.452612720253814
358 16.230251826974364
359 15.057132558100765
360 15.207836370669018
361 12.491756087683006
362 15.867041308567899
363 15.4821509861391
364 14.793249444544335
365 15.6259548465641
366 15.050067270725425
367 17.741866608571012
368 13.08718577867712
369 15.827320192624446
370 13.463327239964743
371 15.167061623471394
372 16.02486960417117
373 13.819850388700823
374 15.349214136095767
375 13.920566863931745
376 16.17904768978908
377 14.083098054490954
378 14.198969734528161
379 14.381536897595065
380 14.654818755770949
381 13.401755308237787
382 14.22943682741226
383 12.86805653631878
384 15.388232350219354
385 14.5105438835341
386 17.48985212007337
387 13.30247523592747
388 15.8714859974571
389 14.138628240957342
390 14.820536886882037
391 12.976101507426108
392 15.411090208738026
393 14.386636065115079
394 15.177808623285468
395 12.454175558530814
396 13.021514568146719
397 11.927188234673713
398 15.122541746404341
399 18.058399199571276
400 15.35437857421228
401 16.116442336305038
402 16.373735777040647
403 18.609611845226567
404 14.979354979357941
405 14.822443383752274
406 17.894062603301624
407 15.744389073919839
408 16.405757569523715
409 13.467563087666232
410 15.013707694967346
411 17.483678241099636
412 14.523821222632334
413 13.517513531399482
414 16.46881033728939
415 15.84321754244242
416 14.625429517295128
417 15.719658165141086
418 10.027529403802719
419 15.163626690947632
420 16.41150811091229
421 15.308701013719212
422 15.176725413429589
423 17.105980236490748
424 16.16498721754033
425 16.466458588960606
426 15.789194288931515
427 17.78864858885663
428 15.670111674838378
429 16.550999584708844
430 17.24160257815019
431 15.031848517493215
432 18.524568644614153
433 17.029242296571798
434 17.54581976151731
435 20.384142647448332
436 15.181463302675283
437 15.328011042111669
438 14.518010625200777
439 19.089041498703654
440 14.541236565840872
441 18.2088337057015
442 16.14799833956127
443 13.044040385765683
444 18.571112313014787
445 14.515400768756075
446 16.294752460829926
447 17.238816252130487
448 18.410039249839034
449 18.746401028032963
450 18.361387595835566
451 16.727929205012565
452 16.925855683093825
453 17.666663432626034
454 14.825932966044249
455 17.427938944876043
456 13.429989982598293
457 14.403121457800413
458 19.31949036357893
459 13.718578408659937
460 14.761311959050714
461 15.06667437874706
462 16.55300307935112
463 14.581364655011903
464 16.087881500633074
465 15.546324282647834
466 14.65566509458422
467 13.917900515691128
468 10.292334198734522
469 16.689759524398113
470 19.348421585957105
471 17.925449832058238
472 14.64125693262288
473 16.03313301840484
474 12.715328741033586
475 13.343504041890702
476 13.512391774907298
477 15.034025598103405
478 16.28662315279829
479 15.38997665715379
480 13.62366935636267
481 17.996426910957812
482 17.9979598594718
483 17.06817182795366
484 15.28342551015292
485 17.273198373361645
486 15.385280554249457
487 17.13690979898234
488 13.086162927627697
489 12.337236070143396
490 13.939713895616972
491 14.021227136696414
492 12.79674135125827
493 13.776279849120657
494 14.263510541762813
495 14.963558384362623
496 14.583588902144985
497 13.776294977382154
498 15.163162587010927
499 17.856918394540166
500 14.731400139825316
501 15.799174907982662
502 14.333869950509175
503 16.26786410731352
504 14.314493210017107
505 12.607448002509823
506 15.477236136790342
507 16.933426154585682
508 15.896530448520021
509 17.18550064455188
510 15.794024817486555
511 15.25602261577199
512 15.909935670819728
513 21.655507997506707
514 18.9835602300903
515 15.60416536079253
516 11.89366638773948
517 14.773079090738651
518 13.750418323517986
519 15.534869255332655
520 10.68120341814977
521 16.24122216317729
522 18.213373891686985
523 12.658464623098183
524 16.252689631417724
525 20.26313936337481
526 19.568667476892085
527 19.20841495923777
528 17.126853207249326
529 13.843064029365555
530 15.8944016368942
531 15.690155517850219
532 12.50191927211741
533 12.263580513898503
534 15.919498892808068
535 11.43094800516702
536 12.581130844619002
537 11.252357355418763
538 17.100920341250664
539 13.359027749013435
540 17.016528189357714
541 14.504745986132155
542 10.779109994082175
543 10.195575537323926
544 14.566491801186455
545 18.111299782120064
