0 14.825358366455555
1 14.855706493757449
2 14.666499461273672
3 14.428944993385027
4 14.886988909702687
5 13.786273706212148
6 14.179914784781955
7 15.065322803161195
8 14.84595226253396
9 15.420464729775315
10 13.924413207228694
11 15.057230173358194
12 15.077968812774845
13 15.432479638456664
14 15.426465634035889
15 15.80638210346385
16 16.42859044511635
17 15.093549972923807
18 16.28187682013417
19 15.287859963398958
20 16.589016173174887
21 17.113734978039545
22 16.86481921746024
23 16.938432730143273
24 15.406100458243781
25 17.084701956250314
26 18.13710328071643
27 16.716154935410824
28 18.070270848482252
29 17.844805727124427
30 16.681790393696208
31 18.4489588178147
32 16.88796732309623
33 16.082597938172817
34 13.996478938940939
35 17.404677071358563
36 16.89927643590161
37 15.118302543426944
38 14.732723754016645
39 16.561364601316097
40 14.07317674631912
41 16.07332837842624
42 15.296799649630044
43 13.488402934239762
44 14.269342815812447
45 16.13669365189546
46 15.224343242397724
47 16.125749517184936
48 16.1704009428995
49 17.85305860411486
50 17.12149834957033
51 17.611846276646467
52 17.143439273235668
53 17.41390253104391
54 15.8616330160417
55 16.902985613530372
56 17.318738062737715
57 16.12267461949965
58 16.85180275400104
59 17.21602972934251
60 16.75790750464079
61 16.844959285609843
62 16.988380536936347
63 15.21725563084648
64 14.97334845263718
65 15.480614909185443
66 16.00819014402686
67 16.48597294325997
68 14.432925857850998
69 17.523698374958077
70 16.91666462343577
71 17.701999084858514
72 14.640956402739722
73 17.10666987986683
74 14.62073036473484
75 16.18729958355447
76 15.943135816048276
77 15.9869069599223
78 17.552564717190034
79 13.146134744430189
80 17.622560324401025
81 18.02426809263221
82 17.768718148211807
83 14.98529345174589
84 17.636782978807403
85 16.252847134156838
86 16.650857775052888
87 16.745674196732672
88 17.452406119354922
89 17.432086813555998
90 15.021875977166804
91 17.15695494630299
92 18.13362235120634
93 17.371214609937642
94 17.52660248967157
95 19.740759608779413
96 17.51140855274926
97 16.30620505305169
98 17.965238335425752
99 17.844593561406743
100 16.730652910938215
101 17.32655521745346
102 18.040959408091076
103 16.6794360857311
104 14.170486536114002
105 17.7386948547867
106 16.47916029930228
107 16.602457463034167
108 18.273003343580022
109 18.426230754331286
110 18.171002935249817
111 19.490060450393
112 19.57107700835219
113 20.748587534745266
114 21.159730549446753
115 18.41832492232834
116 18.032908226607184
117 18.12462523851472
118 18.424813075367513
119 17.565983353171113
120 19.28898239422203
121 19.01434244770056
122 19.902961384878893
123 18.9646324620416
124 18.87533169733388
125 18.079357641161206
126 17.170709843225584
127 16.092680897716775
128 19.02185090259255
129 18.580572498498693
130 16.482649444239094
131 15.226859000189378
132 13.636482951233802
133 17.48472966902688
134 14.633396864289328
135 14.108418176474862
136 14.150460272813469
137 16.48818053086269
138 16.76841526807494
139 13.893096194839245
140 14.285826653124076
141 13.879493706889674
142 13.80342653493299
143 17.905150336659293
144 18.48793369763171
145 17.354773624146485
146 16.576309417537484
147 16.2194380720133
148 16.557135571099185
149 15.948047683078753
150 16.39852709231923
151 17.417946289041325
152 16.2170197829334
153 17.182911430857533
154 16.17090588526236
155 14.631923384487122
156 14.225980406568105
157 16.94045819656829
158 16.42529630585342
159 14.357814615816812
160 14.711820638799333
161 16.05730713827774
162 15.31412024178647
163 18.09453636388736
164 16.759036460785413
165 16.429893481075467
166 15.975111601244711
167 17.459191671333
168 16.944133899989126
169 16.344328880502456
170 16.245906450761428
171 16.86333896493956
172 18.0758452982181
173 17.20270122011492
174 14.271911721133465
175 17.808264357081974
176 16.924032279638855
177 18.322900439006606
178 17.925522950156275
179 16.866112429180024
180 15.929289293303938
181 17.286527786723244
182 17.29418250154311
183 16.440336873387537
184 17.92565945565179
185 17.98860706137068
186 14.597378880471275
187 15.096102909314913
188 13.956062307307025
189 14.665102522281426
190 14.702964215232328
191 14.920281706751796
192 16.97512762362157
193 16.63918609631971
194 18.776766643445356
195 17.7951966306087
196 17.622644054331044
197 17.104912862472393
198 16.85857428157916
199 17.71885383057147
200 17.488656731896807
201 16.703334307530863
202 17.285346929700363
203 16.346179633290404
204 16.376029237541168
205 17.270831769919194
206 16.042809441533723
207 16.30602633744142
208 15.326018741995018
209 15.54533119795986
210 17.455106380011156
211 16.808562096092718
212 15.110003222997884
213 15.525021058642167
214 13.901205357103326
215 16.446196660261993
216 15.68967177769187
217 15.078050891406415
218 15.01641430611853
219 15.816800733570645
220 15.767649023105658
221 14.214481555531
222 16.96194096936952
223 15.389181104089593
224 15.55775890969043
225 16.286604921173318
226 15.031163594541827
227 16.34226630917263
228 15.859661496384783
229 17.13669139013849
230 15.62327287750055
231 15.535612996929503
232 14.950055639425843
233 16.77410531905045
234 16.93087805261129
235 17.367374607645978
236 16.603233095610744
237 17.484786335919605
238 17.699589721232563
239 15.775138412836748
240 17.572704042588736
241 15.22965210712481
242 15.62213746021267
243 16.48113150986292
244 16.240741224508206
245 17.284559326909623
246 17.753398905088456
247 17.76195887685286
248 15.457447018339685
249 16.835193761324152
250 16.9034924179867
251 17.811597165154513
252 16.660420916054175
253 15.979562400357965
254 14.812651079488324
255 14.590331508989374
256 14.94175779652475
257 17.83560229053126
258 16.944866213626053
259 15.03584778480818
260 16.32210867988105
261 15.928195512060217
262 16.673155631740784
263 17.604106591933327
264 17.46675782611859
265 17.538503995573887
266 17.723183608852608
267 17.191860520558826
268 16.416125059326188
269 13.328810870665524
270 16.698512665861024
271 14.701071829139957
272 15.662053300046724
273 14.801283414089305
274 14.29649041982424
275 16.934905291638632
276 14.509658317427734
277 14.516041633757714
278 17.423600637963446
279 17.529536528423282
280 14.735676912950993
281 15.242380925888366
282 14.684762522035564
283 15.25164831745608
284 15.662079705767317
285 15.914735732194314
286 14.832824417033875
287 16.20405475831941
288 17.063527294122057
289 15.584851572497028
290 15.956206973835828
291 15.92394079644888
292 16.47015661956346
293 16.089850615491976
294 16.561691455636197
295 18.329177628417767
296 16.236091680363064
297 15.952421221568759
298 17.096714632368855
299 16.9818066616966
300 16.22287606168238
301 17.96163160408904
302 17.401637931801268
303 16.79523768173168
304 16.85005113932872
305 16.063007125891595
306 16.586827411815182
307 18.20093931231882
308 17.10947010195165
309 15.385951233898284
310 16.666330085469387
311 15.617839231542746
312 16.213733094376515
313 16.697766467726332
314 17.27602058252913
315 17.47498370189405
316 17.288463008892204
317 16.764578439866572
318 17.586604248054854
319 18.844157176948944
320 16.344433855499613
321 16.567117425268464
322 16.83316996049762
323 17.008671810111625
324 18.39492055948262
325 18.51354935663047
326 17.10907333638448
327 17.60775515861621
328 16.95651287402232
329 16.718754000155485
330 14.200270650585784
331 17.060732417168996
332 17.989076634441773
333 16.751185462259365
334 18.466875010147103
335 16.631645927620745
336 17.086640758339406
337 15.540769285372296
338 17.110181045871496
339 18.054029734981235
340 17.06753269077104
341 16.952820295516265
342 17.189990225338374
343 17.992255521557105
344 17.33822002514075
345 16.320789199818947
346 17.563595827488815
347 16.789467052510343
348 16.8591420276266
349 18.134340421866458
350 17.530201797160462
351 17.1396981395185
352 15.966342385591409
353 17.28480869064691
354 17.01409571431962
355 17.655371200450634
356 18.282105976824237
357 17.095128336768482
358 16.52623728949064
359 17.993268118851674
360 19.197097864661938
361 16.83535076116692
362 18.590353927973915
363 18.41351116454905
364 17.769015916345868
365 17.253656597391032
366 18.62380119699469
367 18.109246509293687
368 17.442993648183226
369 17.123718370124188
370 16.31645984108572
371 17.37325316377099
372 17.568942737717332
373 17.268022450184993
374 17.049159373660725
375 17.130467574490883
376 18.055257287198316
377 18.984088631076844
378 17.77203604691471
379 17.05638829663255
380 18.978407127329856
381 17.234781947940863
382 17.33971177810313
383 17.661323237696948
384 16.59518736654206
385 18.138208833602334
386 17.603888773922097
387 17.17681520502154
388 18.010386224769995
389 17.5686961597945
390 17.062472201705074
391 15.08619405240819
392 17.255217474500142
393 15.878786572052316
394 17.00357972854256
395 16.902513430065973
396 18.323746649302674
397 16.454882150665043
398 18.35470638166389
399 16.45446981711292
400 18.07740063604571
401 18.15202550189059
402 17.564092366973846
403 18.598766530495183
404 16.71828877870065
405 17.22767755229282
406 17.669512322053905
407 17.202085902740993
408 17.20567179664606
409 17.458653232844558
410 16.989722082190745
411 18.33101535028376
412 18.26981822550626
413 17.632436435977347
414 17.73447899378722
415 17.587929057749168
416 18.957647562254785
417 17.164245197261845
418 17.409584124000002
419 17.04471121595191
420 16.862294632820472
421 17.729632219439814
422 17.819282930683418
423 17.032877604919438
424 17.152430024859775
425 18.12061629306102
426 16.875517429242404
427 17.023876107520937
428 16.103328512258525
429 16.923752774700528
430 16.8544338688474
431 18.672304175434242
432 17.763747724934493
433 17.90782627067715
434 17.573625123247222
435 17.400308181085943
436 17.261083285317962
437 16.82827202264096
438 16.807910549738818
439 17.076490279895598
440 17.870980993381675
441 16.96225715002864
442 16.08692155434685
443 15.970541881082934
444 15.388595599139386
445 15.582045168364399
446 18.522515754134453
447 16.524872821992446
448 18.02840159945151
449 16.976888243597045
450 18.117160991017652
451 16.553638139873282
452 17.13851863288143
453 17.20117434964837
454 16.94633935458976
455 16.903060995551947
456 17.872247080218422
457 16.232801217749948
458 17.028659709825625
459 16.075462696068648
460 16.709039496069657
461 17.30290349468559
462 17.092266204796356
463 16.65038645685508
464 16.208094516636464
465 16.575317640545467
466 17.399091565373954
467 17.256344124477952
468 17.233400354546482
469 18.58452042012704
470 17.690925645309928
471 17.303751091587525
472 16.511848040554916
473 17.497765916013126
474 17.42975430358651
475 16.534031392915363
476 16.658334534001746
477 17.375781044953683
478 17.081940786802665
479 16.907344123910086
480 17.56217806412474
481 16.424175768387634
482 16.622924077936926
483 14.581525094162732
484 13.474430271138086
485 13.824817724105143
486 14.031200269324302
487 14.548767178195364
488 17.617939195416266
489 16.978395024932592
490 16.637441337155998
491 16.790202314763555
492 16.94013920622125
493 17.21511256024267
494 18.08211982231418
495 17.950231878663065
496 16.325867946196926
497 18.447586849994142
498 16.668020458885554
499 16.70233501736184
500 15.931299945362847
501 18.111843210127123
502 16.97543703333206
503 17.672401992332567
504 16.788645603425053
505 17.27962271143435
506 16.61807766499123
507 16.968886509223687
508 17.89845107974793
509 17.134622075938463
510 17.294649357075954
511 16.38484542834667
512 16.52386479937085
513 16.415220603956488
514 16.63869348606929
515 16.399361236591698
516 17.143151490363422
517 18.381385116661924
518 16.329373112702477
519 17.485169116064984
520 16.791164699958372
521 17.04124122619873
522 17.104948175751364
523 18.15560113187497
524 16.40657209043874
525 16.80055964478699
526 17.124237435316918
527 17.22995210048372
528 17.75702823503728
529 18.036736535850373
530 17.90275535945246
531 15.994058167912861
532 16.929814308235365
533 17.78623923215145
534 18.278022483988156
535 16.9286140918997
536 17.54915933469854
537 17.305809756316627
538 16.21176879362471
539 16.47698739211924
540 17.796862890293603
541 17.176736723148274
542 17.38731509362098
543 15.919472955555799
544 16.87250594341301
545 16.347674994645274
