0 17.16473121498618
1 16.9113271405773
2 17.09987728107457
3 17.002866142223212
4 16.983889449727936
5 17.293650602892374
6 17.417118514117437
7 17.297233724119547
8 15.94874256305451
9 16.775029988263373
10 17.09249899877306
11 16.94328892342764
12 17.294037360396118
13 16.915687051869686
14 16.495727430086298
15 17.27152855704693
16 17.204129462286375
17 16.452884266707763
18 15.626560063876136
19 16.382075701767562
20 16.511108154232474
21 15.930748686161598
22 15.095113993910546
23 15.709936891561052
24 15.935239754646974
25 16.819833179834635
26 17.31477078466426
27 17.09587708672461
28 16.19384284546084
29 17.296431881675815
30 16.588688742923612
31 16.240952603085816
32 18.23135901222069
33 18.43017686092595
34 17.350971751275356
35 17.08455000495889
36 18.71723823392507
37 17.810925720689966
38 16.581448217742636
39 16.87775843907868
40 15.662779554620764
41 16.82985431748018
42 16.71084559695405
43 17.65655506737728
44 17.380400290119745
45 16.84699069936026
46 18.646580975292014
47 18.456734283140698
48 17.006660486642502
49 19.60643028906784
50 18.23287809741684
51 13.567856314993687
52 9.536560425801454
53 10.608487114591892
54 9.671999961697404
55 14.06601214736917
56 15.041049317772176
57 15.722082576523372
58 15.46136285119692
59 14.653254999491535
60 18.40037811730421
61 13.54457461068816
62 19.91313307938733
63 19.883476483898676
64 18.48385607298979
65 16.7991290644585
66 16.617744834952305
67 13.451011918098263
68 17.909216074199055
69 17.433568741613726
70 18.115752844289744
71 17.461196238641126
72 16.75751903307524
73 13.138515245366058
74 18.876613900054707
75 17.377747011152888
76 14.86230660185763
77 14.337132554561645
78 16.13492448696435
79 15.26513367989052
80 12.411655066818058
81 13.3761345210573
82 13.267402635941659
83 14.5292379488395
84 14.491402424981494
85 13.138456708959582
86 14.379096768287733
87 13.52061209737356
88 12.818377543205347
89 14.21388860825129
90 15.258259988311805
91 12.852318959626464
92 12.227610831461718
93 12.46762988259191
94 15.065303986807073
95 12.689493020439764
96 13.514303061638222
97 13.174259098213936
98 13.057655276232394
99 13.075693020302749
100 12.848032762537022
101 14.30823695684248
102 14.196807616968183
103 14.240205709121987
104 14.240185890585227
105 13.784391237912303
106 16.48693811468795
107 13.452227181022538
108 13.871779854391358
109 12.667476828410098
110 14.985836146173458
111 13.425116110814933
112 14.032493809415794
113 14.951690950421451
114 13.708752962875248
115 13.170268721186778
116 14.060947018420908
117 16.520776756527315
118 13.559855094197015
119 13.215931642100283
120 12.89973812558618
121 13.881326880586736
122 13.674006511774385
123 13.666934529790582
124 13.342478160921525
125 13.939944990973904
126 15.79510664649763
127 15.16280933884652
128 17.656239044671036
129 17.129314918458185
130 14.976749696926293
131 13.495796593763854
132 13.630639351952883
133 13.647029260317764
134 13.351009822764874
135 13.660185253744142
136 13.899154403871378
137 13.704352127502753
138 17.9904478212948
139 14.125842907329778
140 15.624010628300983
141 15.832921509125985
142 13.546354335353723
143 13.370963276298426
144 14.047443310307214
145 14.506228711751527
146 13.271089485696486
147 13.54529961783358
148 13.998024418604492
149 12.909326057282058
150 10.60602940122041
151 13.806014206457288
152 13.686745320919613
153 12.084698514326396
154 13.424715181581819
155 15.830872151935894
156 12.317104529609077
157 12.803750494336471
158 12.917774424812022
159 13.533791217070288
160 13.689504734371368
161 12.282894347356711
162 13.924871702481777
163 13.498281915974609
164 15.059636326822732
165 13.065739280127207
166 15.175020852173917
167 14.112932275455051
168 13.736530049996563
169 15.248389885370157
170 13.70712594593706
171 13.111611153450283
172 12.745209651143922
173 12.994749709254682
174 14.005468307639617
175 13.234950309512746
176 13.695839870457997
177 13.462262850535724
178 13.771781150026326
179 14.771906951042023
180 13.17090300592601
181 13.720219423255609
182 12.99882734536626
183 12.81896938255246
184 14.141534548419077
185 14.072913514093326
186 13.66768808201018
187 12.481917938276277
188 13.137972652024047
189 12.439455845298342
190 13.075233314142553
191 14.603631885541777
192 13.292533733246776
193 13.214098921868219
194 13.16624453299155
195 13.643621863563478
196 13.153847544579875
197 13.615429071729864
198 12.725832213000329
199 13.549453863688639
200 14.017854000206906
201 14.130685165185328
202 13.028823917492767
203 11.635938728642786
204 14.313852681658531
205 13.890741711978311
206 12.900512788873964
207 12.257443083570223
208 12.406524437176945
209 10.904993833555931
210 12.995532208270467
211 11.928787065178113
212 10.426811537246437
213 12.034461877708562
214 13.290809184660628
215 10.908117362709993
216 11.18526405804584
217 13.079647126948046
218 12.536275833215498
219 12.934754159663044
220 11.78407578249491
221 13.157045001763372
222 12.127553571218048
223 13.925644021912543
224 13.86094906173792
225 13.939965388147453
226 14.962195838371906
227 14.452036519036092
228 13.09718633532716
229 13.386654757811002
230 13.990763003814356
231 16.644978855569377
232 15.652012818991233
233 13.404875352795345
234 11.179939001230748
235 11.164352587560277
236 14.315535759654498
237 14.539076196622556
238 13.836410980396405
239 13.097499089822852
240 11.938361088701383
241 13.7594755245576
242 12.762729290588151
243 14.124737418970524
244 13.63690741334524
245 12.681412008241637
246 13.5657984957007
247 12.856634211080282
248 14.763383784796549
249 14.001379016805025
250 14.61691291643453
251 14.928693646866023
252 15.16724257999002
253 14.914892120844279
254 13.860180222503883
255 13.994610378425598
256 13.749583240224704
257 12.81450712839975
258 14.170240450616406
259 14.521040064478731
260 13.877746871254214
261 13.808494140067106
262 13.317805147073067
263 13.707212568085838
264 13.345346068867268
265 12.953051520600837
266 13.747349418624975
267 13.78060296167442
268 13.39855179278929
269 11.535977003625552
270 15.511574399927838
271 12.889088412353704
272 14.006817083788176
273 14.011132982466181
274 14.082947402471271
275 14.885965205541972
276 14.466204716167473
277 14.88099220374558
278 12.443958437412613
279 14.915831406931343
280 16.279446542424456
281 15.426270377777485
282 17.68666287581199
283 12.627132995687008
284 12.351668053745716
285 13.289124715575046
286 13.936626178847312
287 14.440717320006682
288 12.19485450671478
289 13.484080104619714
290 16.809552369603512
291 13.720702035580437
292 12.008124311065384
293 12.774758344988314
294 12.049789595886013
295 13.442365195213132
296 13.180340329828955
297 14.026684966780156
298 12.762280059005336
299 10.997490765073188
300 11.72825361670467
301 14.74902646725121
302 13.838610649732288
303 13.839935042586136
304 13.903223502867485
305 15.465050057610144
306 14.635827665040878
307 12.795305637885544
308 13.438245289542968
309 13.43314778382837
310 12.853869486554924
311 11.874583184808559
312 12.083557606368567
313 10.861406997593638
314 13.738867495696997
315 10.290456244720778
316 14.390865253557577
317 13.960440562361686
318 12.455385294688647
319 14.893288377374665
320 13.852463824375883
321 13.451060471036385
322 11.350671082566919
323 12.574981082183383
324 11.469739541685565
325 10.994357911200156
326 14.642979128101734
327 14.113023386661222
328 17.02347023515395
329 15.20320786508419
330 16.498323207972202
331 11.54221666534447
332 11.46959999336812
333 11.641951170417999
334 13.736738888098898
335 13.873475008056952
336 15.268211785257098
337 13.780175583117511
338 11.192186114675964
339 12.04531956726129
340 15.425367311788817
341 13.859839408762081
342 13.984595634949859
343 13.770161538997822
344 13.910824293296997
345 13.174890383039347
346 14.745726023921259
347 14.03584408057222
348 13.58832915675539
349 13.76090116264393
350 12.962100893712144
351 13.102329894460421
352 11.889488384840785
353 16.083494717409298
354 16.7111638666293
355 15.466245092537878
356 12.2045354103974
357 14.211513443351054
358 15.784750897234934
359 13.902615447801933
360 13.216470650729626
361 13.154769974267744
362 14.225762142772304
363 13.344070884612952
364 13.860999904476946
365 12.648954653676634
366 13.144005888687955
367 14.434004441661079
368 13.464444423169562
369 12.516955886262274
370 13.19211340611283
371 13.152634761704505
372 14.314107222498043
373 13.05424534505497
374 12.80383713388739
375 13.224188415731597
376 14.139035071397032
377 13.00467904027247
378 14.161642858573902
379 13.221176804368099
380 13.111021627540891
381 12.46000353032536
382 14.107785667384908
383 13.212655166239866
384 13.79873812600414
385 14.394203680977782
386 14.25144836475694
387 12.174334194757419
388 14.232700018603023
389 13.24765534141098
390 13.011646468947783
391 13.347393612106055
392 12.523407385923296
393 13.171680567767945
394 14.297563450917156
395 12.70362179210533
396 12.677142956314679
397 12.968414005390365
398 13.000976391893987
399 13.364323144238497
400 12.692451798906758
401 13.538735355059424
402 12.863052182738235
403 13.99942507399125
404 11.225607994557599
405 10.743578768278859
406 13.777544006118646
407 11.407073199787716
408 12.024704899611073
409 11.543423020345628
410 12.390669421020021
411 14.202287815414037
412 12.480164554700034
413 12.338827869500111
414 13.729464495862231
415 13.102016642676327
416 13.531862496308467
417 13.573945064485128
418 13.925158776308006
419 13.864625393340479
420 13.314606769823303
421 14.461055871850611
422 12.647317548266786
423 13.0731512861102
424 13.37969953361163
425 14.69360529072965
426 14.451083499677086
427 12.996882246957519
428 13.19959032744152
429 13.385442119276524
430 13.660002203890201
431 12.967118513206694
432 15.907781425604101
433 16.131326223153355
434 13.547354547480442
435 13.867642049060523
436 10.717083344792936
437 10.271548171352409
438 8.515758362606222
439 13.695765398524808
440 11.57795815764871
441 14.845379394029218
442 14.695697889625986
443 11.657017692668422
444 14.287208663949018
445 13.951139783082917
446 10.305241716036727
447 14.603247057374658
448 13.163015857979415
449 14.516858589836245
450 12.616055281403455
451 12.853728531736552
452 12.53065675342029
453 12.428243778392405
454 11.305546435787388
455 10.857889600950987
456 12.260893411174472
457 10.801249838656734
458 11.02997425763072
459 12.47765750929907
460 11.637610265269863
461 11.038047599779164
462 12.648052486437646
463 11.578786779034479
464 13.791213126767751
465 15.83525988453319
466 13.272234039182905
467 13.667479832733227
468 11.088043236108241
469 15.022435959012805
470 16.6878229679928
471 14.803907474257956
472 12.002529136679273
473 12.916757721383462
474 12.806869554095773
475 12.888094918588568
476 11.195499596347467
477 13.17130462197383
478 12.8152472234035
479 12.923495673338948
480 11.76879196593255
481 13.650084139668184
482 14.496214686759254
483 13.788820052105676
484 13.654827440410774
485 13.797431275879385
486 10.899689262960507
487 13.881746007878535
488 12.420241098488475
489 10.817773808828875
490 11.706908967299766
491 13.363568700020847
492 12.354826577612611
493 10.177245555031865
494 12.412267368817282
495 11.005253688165233
496 14.369347566075325
497 10.124519063726957
498 12.415926133367686
499 13.773223067877177
500 12.529721414479397
501 11.12893337888374
502 12.054774268935082
503 12.231070407297207
504 12.037599724866368
505 10.515698031330311
506 13.086291779043274
507 13.873754621688606
508 13.218374988106394
509 13.755459428202652
510 11.451083145521785
511 11.315157541095084
512 11.07752099694694
513 18.76486862490061
514 17.73570094981577
515 16.183338872497064
516 12.383795619365973
517 18.520381844495347
518 16.212079007349477
519 17.727163659852597
520 15.155976906346378
521 18.47398584079723
522 18.035117427223486
523 12.102547525059977
524 14.048150058147204
525 18.93702086955422
526 19.123562709475554
527 18.198195103108283
528 17.464558686871115
529 12.791853481554083
530 13.225841524715083
531 13.43250067581483
532 10.887847812589413
533 9.443021744862303
534 14.788592411792683
535 10.868725313229849
536 10.71932159907309
537 10.524079586624618
538 14.304663971914868
539 14.416037846141277
540 16.452090307666317
541 13.757052070445216
542 14.626507650446008
543 14.027707408140587
544 15.052496958359047
545 16.23141660699617
