0 2.5703783040364727
1 2.5716326548345445
2 2.5855189427745366
3 2.508901759287438
4 2.625910918316305
5 2.6313259897065167
6 2.7991098994509818
7 2.548359806326188
8 2.6803862289671594
9 2.58648691154765
10 2.769163671686681
11 2.511142021978169
12 2.724487003983666
13 2.5878769797429864
14 2.641000136207608
15 2.6337630076279304
16 2.7695349516257948
17 2.597769029357112
18 2.5871039904367374
19 2.56303372395805
20 2.703703704705033
21 2.660777247896185
22 2.5971017598147994
23 2.6762568652989414
24 2.7547485087236505
25 2.5992155318854646
26 2.4528811484526156
27 2.671568569567305
28 2.712064867260842
29 2.545364400166822
30 2.5776574381407125
31 2.6958757483652374
32 2.6435084305833296
33 2.690135649695494
34 2.5444798674655438
35 2.5083906426288585
36 2.5547359242286536
37 2.5781112754189883
38 2.606184432802477
39 2.522658969049044
40 2.518932451174767
41 2.649586566797865
42 2.545533814159144
43 2.7048958866786945
44 2.6202425932914357
45 2.692148644586021
46 2.658625977292248
47 2.6491037901740846
48 2.908072211051618
49 2.6285589728520575
50 2.6953205875235926
51 2.6511884245184145
52 2.7064385813634413
53 2.560793502042858
54 2.4874278899699576
55 2.5856006385483163
56 2.8015238566209595
57 2.6478479049935824
58 2.598071355232017
59 2.5565561374585952
60 2.7183967214871667
61 2.609003474756265
62 3.757741972895429
63 2.542810575738866
64 2.7116468277834374
65 2.5462052995169095
66 2.540903234051025
67 2.7398236513346026
68 2.555885409980037
69 2.775334813752523
70 2.7006303675628076
71 2.6882874526878275
72 2.760829418323348
73 2.7257261353061097
74 2.5866932868893793
75 2.655212218768617
76 3.4612554911108853
77 2.541575280244641
78 2.6831764007463423
79 2.7081103467790095
80 2.702828246173148
81 2.6921216899651763
82 2.539451942721431
83 2.6163860129223804
84 2.6892721802166792
85 2.6232416824858578
86 2.5761028011089415
87 2.571498712072238
88 2.740178464470934
89 2.735079859738082
90 2.755004458988027
91 2.649418666224306
92 2.517349439879579
93 2.5984258680153074
94 2.6790915339902144
95 2.7619259030589336
96 2.588721194964849
97 2.55776710946157
98 2.612801306219037
99 2.7843204160421
100 2.78119496530503
101 2.583423438003711
102 7.002391482211429
103 7.5045412711358885
104 7.254354579854057
105 7.361266901995243
106 5.419585866618947
107 6.428714005905104
108 7.203897028963945
109 7.474059703099043
110 6.85740932099814
111 6.78251866829544
112 7.328246375084051
113 6.880070492204004
114 6.998099567056665
115 7.013549508742471
116 7.311109750212592
117 8.016290862519575
118 6.660795293025023
119 3.257090575410971
120 6.168418287800184
121 6.334204171654846
122 7.737400835334566
123 6.768226614729962
124 7.804736199267699
125 6.549878503027093
126 3.5012543521735604
127 2.9920814116979795
128 5.6817302748310645
129 4.5890158711450075
130 3.008009638640475
131 3.1395184913853877
132 3.28410728575712
133 3.2841926933372307
134 3.4759437311839205
135 3.105267308707953
136 3.232443775658182
137 3.356459080468907
138 3.689669286716888
139 3.259856067526184
140 6.665162619145921
141 6.680966683971168
142 6.27872356362228
143 6.171235290397362
144 7.342320555176699
145 6.22116649839877
146 2.8699671759426635
147 5.30960366173976
148 7.760392669835414
149 4.609736224634084
150 3.376123257688699
151 5.4631479845999635
152 6.1439895502568325
153 6.0489223906210485
154 6.49364414645265
155 6.2993877959999525
156 7.531278470617924
157 6.337557163907139
158 5.669432981543075
159 7.562669455844392
160 7.041457359127377
161 7.8073401698758245
162 6.583055319338037
163 7.088404738738756
164 7.67405450499598
165 8.071118136693071
166 6.33205671119455
167 6.83442425840968
168 5.809051390440192
169 7.113796071570084
170 6.897818897113601
171 6.5934734117979605
172 7.629044588001817
173 7.734815377282952
174 7.482795521174525
175 5.882874926467156
176 6.320450996486221
177 3.367206647206385
178 7.226481769829176
179 6.578870085343236
180 6.571797694556151
181 6.526830335362165
182 6.609790165930181
183 7.913942177795309
184 5.40561787948893
185 6.328885769687925
186 8.177042018771981
187 2.727366263276449
188 2.666789697510908
189 2.613944477130877
190 3.102927640755474
191 2.6597589584719237
192 2.718004216189091
193 2.5543918140022996
194 2.6003711034719226
195 2.6736827788159268
196 2.605320764867881
197 2.7050295037249334
198 2.7619426162464196
199 2.5870297106360938
200 2.612926144670016
201 2.587094636297957
202 2.6944476686841106
203 2.678977534282981
204 3.3716790919597175
205 3.193392716664347
206 3.032051916896874
207 3.277405749540192
208 2.9758675293397263
209 3.912100821050972
210 4.2225146106864075
211 3.278443277322726
212 3.749723142131082
213 3.406341610199044
214 3.895206806478855
215 7.0405737805694475
216 7.495434629576638
217 7.560088336209595
218 8.086459060609378
219 3.866346447584687
220 3.4666438071109997
221 3.352599141077232
222 3.4261004893296763
223 3.7313769189440817
224 4.130850345699787
225 3.241638054937227
226 3.5730754768407786
227 3.2795509303072494
228 3.688523596068822
229 3.1454894843126797
230 3.2963159910637847
231 4.219398720219659
232 3.451469923856225
233 3.104051247241429
234 3.379293319423209
235 4.129075650942733
236 3.882331248491644
237 2.6526330771381983
238 2.608262907954918
239 3.5991698373096
240 2.768823820667996
241 2.6303456972690173
242 2.6617772218730726
243 2.563978064526603
244 2.608186012738798
245 2.7499257819569207
246 2.63161683795511
247 2.5712409303346755
248 2.817208621314166
249 2.643799434728546
250 2.9755084285944973
251 2.6670932501384943
252 2.7988155381750475
253 2.614934979642835
254 2.563470210296037
255 2.5320832332152645
256 2.7568252979763237
257 2.6653486861692697
258 2.614306101290418
259 2.6936840452131676
260 2.733071436814407
261 2.638849071111551
262 2.6631473430654937
263 2.7638559104383718
264 2.6301818798695002
265 2.52660401571549
266 2.8010069610457977
267 2.7279032329852004
268 2.6601517183981085
269 3.9980648324222994
270 4.618284561851908
271 7.639151289170601
272 7.004384115194567
273 7.3699330291939
274 6.945740848338379
275 7.155930116932105
276 7.904726455537304
277 7.5074297784230275
278 7.442100546366227
279 6.940879638443896
280 4.645127989703645
281 2.560559728145798
282 2.609990456480999
283 3.0192301755516016
284 2.6414890028038007
285 6.907974825459001
286 6.8538353370432485
287 7.12221384872108
288 7.287763745610615
289 7.73904702162033
290 7.436996230434055
291 6.876290183670369
292 7.324279970265125
293 7.051092910054259
294 7.310447120369452
295 7.07669962301389
296 6.506250899145813
297 6.84094363778073
298 7.460696666886787
299 7.921769533080064
300 7.408758704214955
301 7.657372616331675
302 7.037542697994099
303 6.185656010892346
304 6.53862370970113
305 6.835869866006476
306 7.805387010895333
307 2.6746611988393902
308 2.582759873055051
309 4.367725453019509
310 3.217767979767582
311 3.9904046751722038
312 2.696040882587952
313 2.5958337822022757
314 2.683268949203847
315 2.603444478371058
316 2.6316470920316544
317 2.553983630872608
318 3.0954359101738214
319 2.7207919217767964
320 2.6045689331945514
321 2.656903531587877
322 2.6713178610354595
323 3.3788924956532735
324 2.7136922589569834
325 4.474525634594687
326 8.223598176303076
327 5.945515705709025
328 3.3887825060173946
329 3.6447046752720857
330 4.008335712689751
331 3.8799038100501826
332 4.122820691569575
333 3.317972338716285
334 3.081200855184137
335 3.961832377729475
336 2.70300828838888
337 2.5468424837910386
338 2.6246477986057473
339 2.6613945215077393
340 2.6111036825532152
341 2.5873558844899627
342 2.5808630428600967
343 2.6435724988600797
344 2.637747207027398
345 2.730363187563655
346 2.4552036082535973
347 2.633650335086409
348 6.077341965369915
349 6.661520568762558
350 6.603925354113708
351 6.184938121531026
352 5.71708093636048
353 7.0888355792169255
354 6.3708820067343925
355 5.368483956174766
356 5.842337072541142
357 5.983225804972438
358 6.63519467091818
359 5.640790362895105
360 5.836435628296272
361 6.443713339564039
362 2.558804802757446
363 2.7699478970725173
364 3.833861709453745
365 2.604699533514678
366 2.737734100117085
367 2.63539016594177
368 2.6160263246527333
369 2.642182231316898
370 2.656027775070501
371 2.5753498285974072
372 2.6514569437399076
373 2.8007191724721454
374 2.5395788473825984
375 2.6933619331414844
376 3.8020345829465927
377 3.363429376805196
378 4.234953794640415
379 3.9525964086576653
380 3.548491345255755
381 2.6863144476439453
382 2.685077312530082
383 2.613588738882144
384 2.6832516260533725
385 2.6238739105560835
386 2.5625855883264492
387 2.6219129079474666
388 2.8824505828604843
389 2.733174386346366
390 2.87284276290043
391 2.634462131626735
392 2.594125297816005
393 2.5151867385868036
394 2.5705761352418173
395 2.5654035438871206
396 2.7295411176872233
397 2.536910129720861
398 2.718225588815053
399 2.7400948501231857
400 2.564757418588809
401 2.6866517350004786
402 3.19834696702044
403 2.6723332657429597
404 2.7110461202685547
405 2.886590577407577
406 2.573137547799058
407 2.6385094331786307
408 2.7646589246131237
409 2.578730555175096
410 2.7035154641301076
411 2.570333501329552
412 2.663035393060236
413 2.8150081218410286
414 2.733901462208291
415 2.56980740716418
416 2.705758479496376
417 2.7065610844992007
418 2.6248659751744317
419 3.1762029719493903
420 2.519599874501392
421 5.506419083629151
422 5.429953259973989
423 6.239494953309494
424 3.219415815735132
425 2.583429726136934
426 2.730852562920895
427 2.50952502623094
428 2.5642414546757375
429 2.650955416677227
430 2.760978470106565
431 2.7445590054972655
432 2.854966641858452
433 2.6144459439177354
434 2.6015605915326607
435 2.6712212537164284
436 2.6505336910670336
437 2.8888587002427424
438 2.7409687393986837
439 2.788742209968901
440 2.583865807156356
441 2.6000542634686554
442 2.6737730563896607
443 2.463827169628973
444 2.644173159410341
445 2.615700260176855
446 2.6904299194415673
447 2.6178866534725977
448 2.6115220620152786
449 2.6712061417570245
450 2.6466475687092137
451 2.635889957036669
452 2.9542429704979436
453 2.6480323123063965
454 2.6387094574324523
455 2.645708475442671
456 2.6032688679691653
457 2.6298267758684526
458 2.7735546044765758
459 2.7058995582253664
460 2.6650616729450283
461 2.715752790370751
462 2.6111060001125126
463 2.7010915317601967
464 2.65099522106182
465 2.6093213303486102
466 2.605348696298433
467 2.746223710007333
468 2.6472147999221267
469 2.8059225539275583
470 4.312080398016519
471 3.8250767060479944
472 3.015908669312441
473 2.6875540994450886
474 2.567362905549804
475 2.6343544357535515
476 2.7031787932246023
477 2.770409630276201
478 2.693548747738384
479 2.7264607845570117
480 2.8260894852254075
481 2.7495778863795035
482 2.73190904853757
483 2.773302301583873
484 2.563118438117606
485 2.723108208326521
486 2.6790474447372614
487 2.691637395499772
488 2.5234343138829103
489 2.765421715684601
490 2.616851194886795
491 2.518170061107218
492 2.5904162277855525
493 2.610493293099206
494 2.596084146711981
495 2.56845510204334
496 2.576134027177651
497 2.6246083807977576
498 2.605939034605685
499 2.760985098873139
500 2.575376698743922
501 2.8181852465201818
502 2.676994333591899
503 2.7434596977323076
504 2.8273532828124246
505 2.4906400039638688
506 2.717937876649582
507 2.693857420432227
508 2.671441272697752
509 2.66013937110194
510 2.783106520196655
511 2.8063813347467708
512 2.8988456585655067
513 2.9186726779149654
514 3.5580881901378487
515 3.397113677626426
516 3.284198160937765
517 3.574487160166945
518 3.782743674197921
519 4.368911082205935
520 2.5623580276140663
521 3.4364144907962935
522 3.364226777319683
523 3.961094564989659
524 3.7166251301084774
525 3.5252220456523236
526 3.798282378219819
527 3.83497711096029
528 3.234472491935551
529 3.547430791876699
530 3.485951830477481
531 3.2252626207775834
532 3.5472258090753397
533 3.6090943305508243
534 3.48646305042159
535 3.577217372441348
536 3.933889721321848
537 3.469064222639139
538 3.5165951067578898
539 3.4134804791586464
540 3.6901830992059015
541 3.7127318641312437
542 3.550271167443983
543 3.5434157664367425
544 3.4815865666282564
545 4.291307756004435
