0 2.637585279579006
1 2.6687705508478463
2 2.7412831843236725
3 2.7285185586631995
4 2.777742049854997
5 2.660914935318851
6 2.8517635360657865
7 2.981009798323444
8 2.904342865732086
9 2.7457332948676427
10 2.8314195539316493
11 2.7898887076046743
12 2.7572268120124757
13 2.692667082562344
14 2.725941725094353
15 2.7261489489921416
16 2.736405097766728
17 2.6244362485619233
18 2.7169910300266977
19 2.698862575782326
20 2.8990501029527156
21 4.223255844448041
22 3.4967367270951524
23 4.606509321342098
24 3.767987901559922
25 2.730761100386538
26 4.042693606174964
27 3.0401675247906543
28 2.907268922566235
29 3.5257908423478823
30 2.985252757813888
31 2.8924504020335435
32 4.020519719123655
33 4.786828570069969
34 4.0818911500242585
35 2.7888911493125796
36 4.017663469891179
37 7.155986262963312
38 3.1121780225275106
39 5.245903635106611
40 3.997112993095099
41 4.556431628793014
42 5.094569589001846
43 6.248115498901428
44 4.929599886173422
45 4.645028357396913
46 3.9094750971299406
47 5.50537766362642
48 4.68629214652576
49 5.124673176627571
50 3.0018514691374163
51 3.9256108414000854
52 4.123290526446203
53 3.016146371983298
54 4.601139894030428
55 3.455776793924145
56 4.142665088305472
57 2.972795681261876
58 2.9490770351756006
59 3.6224013206889283
60 5.249699877406226
61 4.714699719418207
62 2.964572433832326
63 5.240400438118058
64 3.3666724336927443
65 5.361039470181199
66 2.703536419459363
67 2.900516885876473
68 6.052859267749544
69 2.625410222658249
70 2.775186291266769
71 2.7464447455798773
72 3.762161582302329
73 2.8047740453690357
74 5.179590002702141
75 4.781617716717272
76 4.247204538599903
77 2.8534145717662804
78 4.353777975771843
79 5.169162441281142
80 3.6259247266543806
81 2.9170858387820457
82 3.738974163248018
83 5.355991884603501
84 2.776488504301721
85 4.283581235933691
86 2.6655726130468933
87 2.7905362683944674
88 2.66571324683208
89 5.357050436818849
90 5.560698874590889
91 4.246341526256609
92 2.6303522229784617
93 4.491830651839822
94 4.424363589335505
95 5.188635915876764
96 3.258471242531276
97 4.083711628294647
98 2.831840340434524
99 4.389818964019577
100 5.069813545639621
101 4.502122050276545
102 4.351170303245995
103 5.3822946320015
104 4.648967168620764
105 2.814131722421158
106 3.9379732686737796
107 3.35422912108443
108 3.5067948915568996
109 4.057409841673239
110 3.926835835038691
111 2.681109453889401
112 2.8764714607508655
113 2.899101532064206
114 2.850553057602117
115 2.843685755952308
116 4.357147263183085
117 5.364907860293059
118 3.622737732494581
119 4.551025491522191
120 2.850887889891783
121 3.588754116034043
122 3.312435920365243
123 2.641935248739966
124 5.156591124912181
125 3.0656798040846818
126 5.778647273335249
127 5.504761248422169
128 2.9063868436475335
129 2.7484865590047294
130 4.394066628659055
131 4.430530516761922
132 5.359032337583841
133 2.806912462547026
134 2.884363433107938
135 3.127140324974772
136 3.996435878877544
137 4.233638050639641
138 2.750136780916565
139 4.173251660548534
140 5.694191376514498
141 5.241307440721114
142 4.6959674776314655
143 6.004848570915559
144 4.152913333875506
145 2.6846292751591974
146 2.718710133256659
147 2.706705434417934
148 2.687127903922556
149 2.658068755523906
150 2.7815726170686643
151 2.709408397718
152 2.8912300273239446
153 2.8413817229373177
154 3.713128291222068
155 3.4198690681290844
156 4.803622240729065
157 2.6884303725799508
158 2.7695875862231074
159 4.811932571273172
160 4.37071978797806
161 5.212521605708804
162 4.484536237549786
163 4.099327161256561
164 3.852570479319619
165 3.850601125893353
166 5.398790005207573
167 4.011050632564345
168 5.387449086137448
169 4.339557382634113
170 5.6226125514873875
171 6.113449273008722
172 3.491081499750516
173 4.426404668633275
174 5.224579196546421
175 4.69310131500473
176 5.328259740932079
177 4.87952451631756
178 2.8840079039536226
179 3.1574853164328713
180 3.0379526156247896
181 3.6960311219472444
182 3.7765060438029896
183 4.185088969470398
184 2.8343309823155938
185 3.8208070907511162
186 5.1746451362883645
187 6.220267281755389
188 5.604406857869746
189 4.533447410992169
190 5.4380590356575
191 5.358585959099808
192 4.336295754128763
193 2.7978567551734277
194 2.8540330259359905
195 2.719163574594682
196 2.8891585471665358
197 2.6245176483270285
198 2.859884560431633
199 2.7540499542149743
200 2.788489296326978
201 2.886172135620766
202 5.299900688401117
203 2.7244634879945058
204 2.91350502237226
205 2.913084093307754
206 3.7865361845577135
207 4.464429323478339
208 2.708680635656194
209 2.7726227486706945
210 3.20528704330911
211 2.729539961057722
212 4.686252615229289
213 4.406090635310482
214 5.510383224567902
215 2.800977228925443
216 2.7563261609204375
217 5.308324369580065
218 5.494422646367957
219 4.787665761685057
220 5.193038650080095
221 5.226593831641466
222 2.71591232409801
223 3.7243310582555447
224 5.226194936222192
225 2.962227190704031
226 6.3797114701106725
227 3.04014160437028
228 4.597231851705394
229 3.9063124230377846
230 3.9922249399382967
231 4.966524935563501
232 4.440551541674996
233 3.849676470505453
234 4.229043298558882
235 4.553401221562391
236 4.544923806337684
237 4.28015995516053
238 5.342068345457418
239 4.500695273761764
240 4.848781226841478
241 4.4985113460658175
242 5.951992823737182
243 5.601356373099979
244 3.584743143594559
245 4.432880904182949
246 7.369754956090863
247 4.668663622864304
248 5.994350435721455
249 5.051683537199536
250 4.405383484975304
251 4.12432890873894
252 4.068159467309094
253 8.648308780686577
254 6.317581105758968
255 6.648596180177121
256 4.59086950422809
257 4.174651186536007
258 2.7749654178681116
259 4.993161566304605
260 4.623293262693123
261 4.362728653046813
262 2.7793570787991477
263 4.6120118406339055
264 5.229423803968835
265 5.683681426856241
266 4.485995652565041
267 2.6751058011595434
268 3.3791815582828226
269 4.803207252708503
270 4.466148352272192
271 4.4125162278518735
272 4.460671270755976
273 4.018382028834141
274 3.305789323052124
275 3.9416253156169354
276 4.658860770290034
277 5.847670146685289
278 2.6619663461118663
279 2.8327990592835834
280 5.1637382878978375
281 5.467918042807472
282 3.0707088474672855
283 6.743476117081558
284 6.145824172658271
285 7.144956804301123
286 6.429517128952174
287 6.850176863072129
288 4.275665608668169
289 4.355143208643553
290 4.471899317039994
291 4.209538218613773
292 6.817591379811576
293 6.8787018824758555
294 6.295648971797435
295 6.647130277358049
296 6.062689598919703
297 7.014960478211594
298 6.172622284243338
299 6.824680919589684
300 6.418405352045379
301 3.9117315904862298
302 4.262027726566879
303 6.570135898560346
304 5.74310576567689
305 7.256429699210908
306 6.612973417066125
307 6.440503041264589
308 6.6648569238243365
309 6.566323871393168
310 7.1608301496502955
311 2.791946814077942
312 3.0433029668418152
313 3.2596979146010643
314 3.0538733255843056
315 2.9606484650104448
316 2.7827582884771314
317 2.8583690041009038
318 2.707286005223099
319 3.065142117954355
320 2.729211726970387
321 3.0070793489056116
322 2.8646642198356593
323 2.68661934246201
324 3.0909731864063996
325 2.7671575039321703
326 5.156461526410465
327 2.8862485128716897
328 5.096833958623331
329 4.501909277027116
330 4.539297793819899
331 5.2923091760543475
332 2.7638629182071663
333 2.6101095562074406
334 2.7391355503397743
335 2.9101230008747163
336 3.456624304092711
337 5.371852787397956
338 2.7006324362650425
339 2.648631074468579
340 2.694193934306211
341 2.7726617342038344
342 3.0037684047864506
343 2.943488734351109
344 2.7668443260360744
345 2.758885323192264
346 2.8594736355435253
347 2.638056264795856
348 2.7274481888428665
349 2.8053422611453867
350 2.9177835385502044
351 2.663275985648211
352 2.698720664019532
353 2.8089758287818443
354 2.6975395239557045
355 2.7045787107464623
356 2.8299198860510666
357 2.826135670927596
358 2.8305243498944788
359 2.886339922898268
360 2.7851566914050667
361 2.7383102864944036
362 2.8652203107820453
363 2.8056805920298618
364 2.9564520852183818
365 2.839813864137522
366 2.914567421938203
367 2.6346127397813874
368 2.8121241379557516
369 2.7665720000503917
370 2.6068989924051746
371 2.832128514157138
372 2.772966075084379
373 2.735723655311993
374 2.8651473633309448
375 2.8158782269357077
376 2.7219116996814807
377 2.669036888635565
378 2.666259123659266
379 3.044536591113886
380 2.9717067568320124
381 2.6829852863710433
382 2.859800432591168
383 3.058154991203129
384 2.8582696744403697
385 2.7743108414531092
386 2.6501571662422947
387 2.713816523489226
388 2.87029434828618
389 2.9422120043519646
390 2.7862331618630174
391 5.430795501285945
392 3.051219041615768
393 2.969243819401926
394 3.001985813342765
395 2.772824660192402
396 2.767735074086221
397 2.89159801634354
398 4.304031770645834
399 2.833948435933838
400 2.68089093981431
401 2.87794146129762
402 2.6899889343874945
403 2.676050062568184
404 2.600466421568297
405 3.116504126812112
406 2.8154868329946927
407 3.0544993953214195
408 3.030560403493181
409 2.828060844095393
410 2.7736135246960107
411 2.880379636232786
412 2.9339691953873817
413 2.8994492571201937
414 2.6615121674826554
415 2.7252021928059786
416 2.9771236647796293
417 2.7858132842442638
418 2.762047804339534
419 2.677540433298897
420 2.7966279580796862
421 2.86459822400187
422 2.6719166449816307
423 2.621510230221892
424 2.8421962679955324
425 3.0551263928012777
426 2.751622782587621
427 2.7744052725003643
428 2.780107052540935
429 2.7376612274339176
430 2.722554642219482
431 2.804438985967693
432 2.8280041280140975
433 2.679310685302162
434 2.7457617199684137
435 2.7874633096219346
436 2.652411945856614
437 2.7190713221558016
438 2.7274678711586096
439 3.7391687910802647
440 2.715116243341519
441 2.627209931251917
442 2.9392205050876026
443 2.9936190796241906
444 3.1223670205163394
445 2.717364032113939
446 2.8540741961910934
447 3.0016958224601193
448 2.876571083652573
449 2.71200657661104
450 2.9658286857852807
451 2.7055706572324993
452 2.780758508085607
453 2.7583344880173626
454 3.070873381309159
455 3.0441441955187414
456 2.909977078345759
457 2.6523908876159923
458 2.6629891169997104
459 2.703042628620362
460 2.897195173437649
461 2.7250941355526934
462 2.866041752800144
463 2.7176437047496864
464 2.769080526177085
465 2.98640687178917
466 3.066455012753507
467 2.7756995164540985
468 3.09367341484456
469 2.7610028110817564
470 2.8150767870234765
471 2.8003669196252723
472 2.880502734597599
473 2.7104000697649604
474 2.6847860561725896
475 2.860283326325883
476 2.7116791512926723
477 2.8512462475221714
478 2.7699891445903777
479 2.7492416469175747
480 2.8003426629703623
481 2.5761630094406063
482 2.7784370781092744
483 3.8257423089221008
484 3.864028122769461
485 4.121609936518262
486 5.344775485983337
487 3.660705322847772
488 2.7609094767140134
489 2.90225369562376
490 2.679508817955679
491 2.812722637348485
492 2.771471975646726
493 2.7931714407884978
494 2.786698779420617
495 2.7080130830672897
496 2.9300356407818984
497 2.761917122300595
498 2.7912625889146385
499 2.667093787389072
500 2.7509940744752273
501 2.553897498874143
502 2.7570014599079835
503 2.6749386108170903
504 2.8111229783128504
505 2.6186458886412587
506 2.7664942992436385
507 2.76974113331474
508 2.693892366033913
509 2.8158518823762533
510 2.66832849074921
511 2.6174098475839433
512 2.924558498515062
513 2.9029869758857054
514 2.9364603602047303
515 2.7635272783578078
516 2.6667878298417884
517 3.1191414823135117
518 2.7907311131834023
519 2.8944479441643423
520 2.6460379536775926
521 2.8036844789906397
522 2.8218943938686243
523 2.690977150856028
524 2.861984905696174
525 2.933268443825953
526 2.9362529028469466
527 2.7635161273663207
528 2.888484713052908
529 2.7846833892254383
530 2.740254044265696
531 2.9501936189018974
532 2.9200800493451737
533 2.8722472348285004
534 2.773304242151995
535 2.949200354824266
536 2.91858553050869
537 2.709812576989404
538 2.9716854053535777
539 2.706723441393605
540 2.811416641113798
541 2.7560845067180764
542 2.5863865799390187
543 2.8481207115126628
544 2.767009749225412
545 2.894775081470189
