0 10.068022366363254
1 10.018730873129527
2 9.870620995402037
3 10.02401032900415
4 9.909132870608516
5 9.480532872074578
6 9.854616622439645
7 9.41289810550823
8 9.682745147541777
9 10.346484595285764
10 8.913936013045324
11 9.879472149896971
12 9.859291134142879
13 10.226042299135033
14 10.127203968259277
15 10.281666162333487
16 10.331299281824272
17 9.885003231809788
18 10.802024641969904
19 10.256453141148244
20 10.718705767243332
21 9.967275976044261
22 11.783377072669643
23 11.494099991346243
24 9.321808435958744
25 10.796261531946536
26 11.570522041615105
27 11.12768293625036
28 11.702022825825583
29 11.427649037002682
30 10.40992616632537
31 13.046043136937085
32 10.755489520069494
33 10.689694760111609
34 7.799999386232616
35 11.24476876413849
36 10.61651808324677
37 8.634516243684692
38 9.380734636555939
39 10.029179352640787
40 7.506389075797112
41 9.598121797747908
42 10.10988637226237
43 6.999523167387501
44 8.115427434503548
45 5.425206294578485
46 8.882049220405735
47 8.517605790409599
48 10.145985427253295
49 11.82996713519214
50 11.08605607196438
51 10.875433874992076
52 10.410910368070287
53 10.634704117005562
54 8.577410991496588
55 8.879031549030547
56 10.598711693800267
57 9.826239820038102
58 9.891106755205703
59 10.253194118896051
60 10.322840790854832
61 9.799224326514182
62 6.8399957190956
63 8.444933880598782
64 7.858651639742315
65 7.702335001640667
66 8.629904700226746
67 10.01065466765103
68 7.887838433052506
69 10.100304525067077
70 9.171407172465806
71 10.622572977534235
72 7.644960022071484
73 10.432367990517402
74 8.515212723368089
75 10.36046199902841
76 8.423433567312255
77 7.1483575997928
78 9.880535474246086
79 2.868907213984811
80 7.403623905562563
81 8.764315749839575
82 8.004532089778964
83 2.804012489750882
84 7.130600843497858
85 7.2993599539188985
86 8.3735008865408
87 7.820912445243637
88 5.705831837807708
89 5.092023789389133
90 2.9368810992853214
91 6.2022916598916025
92 7.149629503308818
93 5.759808282512152
94 9.190861271193363
95 10.51667425969384
96 5.546387608041888
97 4.504172238485101
98 5.047741145599214
99 6.664397908815896
100 2.714239838701675
101 5.999030227034816
102 2.7444707026948407
103 2.791671151435339
104 4.810501162867834
105 6.8794233123780915
106 7.193155943847808
107 6.771830901494294
108 9.147681537825742
109 7.816023369414353
110 7.703030345313783
111 9.496459753896115
112 9.734401695686675
113 12.868297086359577
114 9.984960137714609
115 9.541307485937532
116 7.757683310237868
117 6.541793467393037
118 8.34267233127197
119 7.831086847131807
120 9.522189905085105
121 8.901669091016915
122 10.19690744536298
123 9.628990346430585
124 8.722680348649437
125 9.439881826172764
126 4.6351252254007855
127 4.798230902767195
128 7.048313996726486
129 8.656178233303715
130 6.517538494924274
131 4.8376151000573735
132 4.891484036015055
133 8.751483482835742
134 5.814532443561508
135 5.09924989974819
136 4.585854841752768
137 6.067425575104742
138 6.367838301152409
139 2.9202632588218687
140 4.9495977702794764
141 4.716913465606563
142 5.503179057484435
143 6.28258342384784
144 6.946616062259604
145 7.288826696840442
146 6.234356134959295
147 6.7998488302480435
148 6.318054410127578
149 5.394341190938279
150 6.79680908085859
151 7.487397074393008
152 4.259027802025078
153 4.56468675847675
154 2.9780045299837585
155 4.147889914153346
156 5.080670158813982
157 7.083618997083558
158 7.022517018011736
159 4.906625607975642
160 5.195516706886339
161 6.111645554851294
162 6.563891931033384
163 8.059440028076814
164 6.4756084981064586
165 6.419743103205351
166 5.420331146798714
167 6.74693784174457
168 6.064571518651343
169 9.556070732017492
170 6.872280136502021
171 6.91687238051344
172 6.256632132250316
173 7.381169396261513
174 3.7489142772867123
175 7.086049614416132
176 6.9867176311117
177 7.992156883177149
178 8.699163205055134
179 7.2847194434399665
180 7.086939223302211
181 7.955836179276516
182 6.013573191513154
183 4.813431818867969
184 8.130452073541216
185 4.535521069665336
186 4.93181182724277
187 4.672620800719368
188 4.949763325034447
189 4.910890307805543
190 2.9398135278170097
191 2.9875228223724455
192 2.937045545330687
193 4.016969039152991
194 4.890787947068059
195 3.060206832458797
196 4.4740532997164415
197 2.9637207364479017
198 3.4550239007167094
199 4.82433413187306
200 2.817750861454432
201 5.18323084083052
202 6.690536009368172
203 7.213846885046781
204 5.827222118489104
205 6.9151701706316615
206 6.757896517467931
207 6.613838144878833
208 7.001954112568673
209 4.130060177540756
210 6.028539622460273
211 6.8376592370513425
212 6.090339660077361
213 6.213830813331206
214 4.325677694181312
215 3.6000658017433906
216 5.147961183778099
217 3.6941082415633226
218 4.470560997447619
219 6.505193336567474
220 6.789108664524657
221 4.666128799726052
222 6.650735833547096
223 6.3911185254553935
224 7.098765287991597
225 6.071587275534841
226 2.786398310134717
227 6.724254786723653
228 6.396062789336621
229 7.980357297657783
230 6.20494663497833
231 2.74761579577888
232 2.6738539618777444
233 5.746270154009035
234 7.14311453239971
235 9.873480932161842
236 7.400351266500357
237 4.502318630845428
238 7.493172717388689
239 5.889941277966313
240 5.961045052066891
241 4.726054143440861
242 3.518884814293316
243 2.9569908674746954
244 7.204433885409388
245 3.09091298655468
246 9.30380976137965
247 8.3383620119262
248 6.815917757766036
249 6.73141347718992
250 7.731375387495396
251 8.010951849398626
252 4.726164651594149
253 5.2365379162662915
254 4.802711490846223
255 4.376685253306791
256 5.030514611967898
257 9.755224231313074
258 6.95773931400397
259 2.8508793882563292
260 5.449148428810273
261 3.8085511899773405
262 8.690290970979333
263 6.67648071862792
264 4.296599159400775
265 7.292853775116271
266 9.854359939930958
267 8.706350241583458
268 8.256304955443134
269 2.6885973196751727
270 5.78941448956906
271 4.8598764213110055
272 5.913843696446459
273 8.401234764361053
274 5.645575587762044
275 4.225281380266601
276 5.369454375780603
277 5.270448212068376
278 7.312898439195519
279 2.9232498540664196
280 6.951010693975193
281 5.1817042505091395
282 5.044787875582641
283 4.332165263400174
284 5.019542246735078
285 6.27079776984947
286 5.562739494850071
287 2.675445329424465
288 6.45851527546038
289 5.642711989372458
290 5.700122366201685
291 2.664840423348117
292 2.9725962290856995
293 2.805454305706662
294 2.755319111693653
295 2.608221624364925
296 2.791719432732854
297 2.7830691264997207
298 2.95582200747792
299 2.7745889708057097
300 2.772499006664497
301 4.3504699934151905
302 2.8857267520852234
303 2.70371295391775
304 2.8693543037426648
305 2.729312741059963
306 2.6422921355642672
307 2.790001890620572
308 2.7971344739708353
309 2.989768096758211
310 2.7013006513970637
311 5.1221459033490095
312 5.776286137450599
313 6.346568205653877
314 6.852764331805609
315 6.629645675439011
316 6.677961088378276
317 6.0680918197608396
318 4.903499871220675
319 8.873541517586682
320 6.834085514794032
321 9.07818318728369
322 5.615403634835213
323 5.047847245031558
324 7.121320531779981
325 9.22992483301551
326 7.046234121684252
327 8.472825425833268
328 7.796564970794345
329 5.109031441368169
330 2.788738777126479
331 5.066886699490082
332 4.865860118704685
333 6.441029187388975
334 6.706498059306716
335 4.476524196821434
336 4.752900350156402
337 4.79958738964135
338 5.743569379951343
339 7.942398113911102
340 6.371214035116424
341 10.005389850456536
342 11.338999949436776
343 11.342039906867349
344 11.788810473877952
345 9.355597415739377
346 9.742129236319116
347 10.191640297571327
348 7.163923524773657
349 9.007238614378243
350 11.124259468692811
351 9.16099030716194
352 8.342755193230568
353 11.081706455637846
354 8.649388299723626
355 10.774361461626613
356 14.123573154336889
357 9.917174984460242
358 6.251702445932976
359 7.7917616785247095
360 9.110573593676449
361 10.192551149837337
362 9.621585861367182
363 6.887284200317923
364 8.283084013651978
365 6.203912900401072
366 8.867002906295331
367 6.976294398271866
368 8.554094331675932
369 5.4458168748828
370 7.071076571108588
371 7.793009757882109
372 7.712750092107345
373 8.19040567203798
374 7.65123536717885
375 9.204511382819826
376 7.18818055734383
377 9.439183872297189
378 10.038728379411365
379 7.715079075984969
380 7.6613318637414585
381 8.599148992783276
382 9.441329436249173
383 10.416404069482864
384 7.699049956032796
385 10.64749520125528
386 7.059137605842652
387 8.302762951241704
388 8.271725040943391
389 7.946393409345614
390 7.72864497491336
391 5.948510706154897
392 7.099233209312199
393 6.7236524476732695
394 7.723183539738545
395 8.686377456501601
396 8.865549443113887
397 8.700971874377656
398 7.886857822489344
399 6.218834813546957
400 7.6391411397063465
401 7.350276991247246
402 6.658598464964294
403 5.666711251953004
404 6.673332842187369
405 6.142213644763556
406 6.645169732238994
407 6.417523634260911
408 6.508344045328109
409 8.43233051632638
410 6.872966033100762
411 6.74890761233331
412 9.377705228626628
413 9.434838376995723
414 6.824286289101062
415 7.083046945546945
416 8.941825282141677
417 7.012704789243038
418 10.185638703046923
419 7.5595864517938365
420 7.157476818132853
421 8.815942077587783
422 8.137011497587457
423 8.011585796291413
424 6.632578242557999
425 8.573346436741412
426 7.269240002435969
427 4.576663288928726
428 6.573025427620581
429 5.547526999934631
430 5.292198311812553
431 9.884718088175674
432 7.418810153030532
433 9.472082463795871
434 6.8478173755411005
435 4.723026203065464
436 6.502584348149298
437 5.927925998257141
438 6.741198970668873
439 6.398413291628252
440 7.326731477063054
441 6.399645617910392
442 5.2484227024806644
443 7.095520578268695
444 2.8420405587080757
445 5.151837886666051
446 6.470895026533092
447 7.354158652060901
448 6.813855249592871
449 6.857727638693352
450 4.28295304455211
451 4.735820795178932
452 4.9557496322655545
453 4.529140732518716
454 6.765012800793284
455 4.29838208060374
456 8.094954484050024
457 5.793041216128369
458 5.141848323163221
459 6.542825237532233
460 4.993845483456364
461 6.405150862797757
462 7.794561059458553
463 6.078785261236649
464 5.243049860966468
465 6.391797191193835
466 6.663149962497428
467 9.245786105646589
468 6.158511944534015
469 7.807213184929876
470 6.732112004186388
471 6.7272905574229735
472 6.47139094055199
473 7.039800159286782
474 7.201017305057066
475 7.269440176791176
476 6.7802392732954475
477 7.878465802220659
478 6.803081835091312
479 6.25489484309505
480 8.440914712182352
481 4.821727897309026
482 5.146125939237372
483 4.8087746199887915
484 2.8894853618627914
485 2.9857902224903947
486 3.8304786682318857
487 2.677189287970246
488 8.647796267232353
489 6.819496049791304
490 7.376134901409614
491 8.000769835256191
492 8.25531615169047
493 7.416704836929271
494 9.389355422846917
495 6.895056473933427
496 9.514955244729284
497 6.76571891006797
498 6.152828975477658
499 5.671875300292513
500 5.235271578301115
501 5.796885583263002
502 6.690257724772982
503 6.742607204995621
504 6.567551335054677
505 6.1359639549843665
506 5.9540582515165426
507 6.744757944338153
508 7.247369574296957
509 7.561579533240784
510 5.709604511575736
511 6.600073988487201
512 7.15911539902068
513 5.6703563574499185
514 5.34255836727231
515 7.3880927575072795
516 8.870267291645836
517 11.485104010067655
518 9.603798972410589
519 8.685936344422185
520 9.751537003436505
521 10.37022657657225
522 9.756291524122412
523 10.506152423927702
524 9.392391604351424
525 9.769550236794553
526 10.03796821831874
527 10.453542956983572
528 10.026690915915022
529 10.987341403582137
530 11.07333088555967
531 9.12020571316333
532 10.183545062440157
533 11.69664365810698
534 10.617033369141199
535 10.348836916984224
536 10.633820830199985
537 10.027408401951467
538 9.438604902734786
539 10.25797960668257
540 9.921108695541557
541 10.93202105746704
542 11.23197533143628
543 8.83565381115589
544 10.120968763109405
545 9.1207904901135
