1 0.5869520306587219 0.1208440363407135 0.12084405869245529
2 0.6281702518463135 0.1481402963399887 0.14814028143882751
3 0.6660118103027344 0.1749744713306427 0.1749744713306427
4 0.727725625038147 0.23682335019111633 0.23682336509227753
5 0.7429406046867371 0.2437741458415985 0.2437741458415985
6 0.7452739477157593 0.23398694396018982 0.23398694396018982
7 0.7356778383255005 0.24892231822013855 0.24892230331897736
8 0.7534739971160889 0.24501559138298035 0.24501556158065796
9 0.8272026181221008 0.3239858150482178 0.3239858150482178
10 0.8133573532104492 0.30911973118782043 0.30911967158317566
11 0.8134201765060425 0.2912699580192566 0.2912699282169342
12 0.809853196144104 0.30906417965888977 0.30906400084495544
13 0.8251746296882629 0.29493457078933716 0.29493460059165955
14 1.0370591878890991 0.487962007522583 0.48796212673187256
15 1.0425935983657837 0.4255301058292389 0.4255300760269165
16 1.052323341369629 0.4522772431373596 0.4522772431373596
17 1.070691704750061 0.465524822473526 0.465524822473526
18 1.0901015996932983 0.4684716463088989 0.46847179532051086
19 1.5084576606750488 0.8280930519104004 0.8280929923057556
20 1.7764664888381958 1.218227744102478 1.2182278633117676
21 2.002588987350464 1.4370836019515991 1.4370834827423096
22 1.9842697381973267 1.404440999031067 1.404440999031067
23 2.034641981124878 1.518093228340149 1.518093228340149
24 1.9689267873764038 1.2866207361221313 1.2866207361221313
25 2.481626510620117 1.887837529182434 1.8878377676010132
26 2.4802558422088623 1.874719262123108 1.874719262123108
27 2.535283327102661 1.8517358303070068 1.8517358303070068
28 2.545701742172241 1.9103153944015503 1.9103152751922607
29 2.361318826675415 1.605425477027893 1.605425477027893
30 2.4333584308624268 1.7091666460037231 1.7091666460037231
31 2.372105598449707 1.738498330116272 1.738498330116272
32 2.383153200149536 1.6838350296020508 1.6838351488113403
33 2.370328903198242 1.6493459939956665 1.6493459939956665
34 2.366642475128174 1.4994480609893799 1.4994479417800903
35 2.774562358856201 2.1548244953155518 2.1548244953155518
36 2.654348850250244 1.971383810043335 1.971383810043335
37 2.525193214416504 1.8729298114776611 1.8729298114776611
38 2.2555668354034424 1.4794766902923584 1.4794766902923584
39 2.547316074371338 1.9353195428848267 1.9353195428848267
40 2.5455095767974854 1.9003781080245972 1.9003781080245972
41 2.488365888595581 1.8446016311645508 1.8446018695831299
42 2.324361801147461 1.6500455141067505 1.6500455141067505
43 2.535651206970215 1.817481279373169 1.817481279373169
44 2.7154626846313477 1.9992989301681519 1.9992989301681519
45 2.740206003189087 1.9982924461364746 1.9982924461364746
46 2.7038943767547607 1.9803557395935059 1.980355978012085
47 2.5339243412017822 1.7918676137924194 1.7918676137924194
48 2.4720568656921387 1.7602063417434692 1.7602061033248901
49 2.6118478775024414 1.8515546321868896 1.8515546321868896
50 2.5034735202789307 1.7624942064285278 1.7624940872192383
51 2.640244245529175 1.9352012872695923 1.9352011680603027
52 2.5933682918548584 1.9039820432662964 1.9039820432662964
53 2.68583607673645 1.9809471368789673 1.9809473752975464
54 2.5606791973114014 1.858564853668213 1.8585649728775024
55 2.6450250148773193 1.9734219312667847 1.9734220504760742
56 2.5784502029418945 1.8986680507659912 1.8986680507659912
57 2.616948366165161 1.9302937984466553 1.9302937984466553
58 2.582458734512329 1.8693149089813232 1.8693149089813232
59 2.5326685905456543 1.7792311906814575 1.779231071472168
60 2.5301077365875244 1.7129074335098267 1.7129074335098267
61 2.583136796951294 1.776137113571167 1.776137113571167
62 2.6228582859039307 1.8612251281738281 1.8612251281738281
63 2.6314756870269775 1.8784065246582031 1.8784064054489136
64 2.586345672607422 1.8399544954299927 1.8399544954299927
65 2.437394142150879 1.7557542324066162 1.7557543516159058
66 2.602647304534912 1.861862063407898 1.8618621826171875
67 2.6023213863372803 1.92289400100708 1.92289400100708
68 2.5151636600494385 1.8923008441925049 1.8923008441925049
69 2.528421401977539 1.8593237400054932 1.8593237400054932
70 2.5410306453704834 1.8490025997161865 1.849002718925476
71 2.5714902877807617 1.9907139539718628 1.9907140731811523
72 2.5352296829223633 1.907016396522522 1.907016396522522
73 2.6479339599609375 1.9639490842819214 1.9639490842819214
74 2.5882906913757324 1.9910759925842285 1.9910759925842285
75 2.5258281230926514 1.8624342679977417 1.8624343872070313
76 2.59687876701355 1.9450411796569824 1.9450411796569824
77 2.4947009086608887 1.8408986330032349 1.8408985137939453
78 2.492377758026123 1.8715230226516724 1.871523141860962
79 2.433387041091919 1.6646558046340942 1.6646558046340942
80 2.3809525966644287 1.649095892906189 1.649095892906189
81 2.4446768760681152 1.6939911842346191 1.6939911842346191
82 2.451977014541626 1.8171449899673462 1.8171451091766357
83 2.324842691421509 1.732611060142517 1.7326111793518066
84 2.490246057510376 1.8824827671051025 1.882482647895813
85 2.4467732906341553 1.7944540977478027 1.794453740119934
86 2.335679292678833 1.674662709236145 1.674662709236145
87 2.4375200271606445 1.6959060430526733 1.6959060430526733
88 2.399095296859741 1.6809362173080444 1.6809362173080444
89 2.4254209995269775 1.707820177078247 1.707820177078247
90 2.44663667678833 1.6587907075881958 1.6587908267974854
91 2.649048089981079 1.9442286491394043 1.9442287683486938
92 2.856083631515503 2.107858657836914 2.107858657836914
93 2.8712003231048584 2.079921007156372 2.079921007156372
94 2.6623013019561768 2.017582416534424 2.017582416534424
95 2.7432401180267334 2.118795871734619 2.118795871734619
96 2.7581472396850586 2.036792516708374 2.036792516708374
97 2.7608633041381836 2.1073360443115234 2.1073360443115234
98 2.674332857131958 1.9596354961395264 1.9596354961395264
99 2.640381336212158 1.93124258518219 1.9312427043914795
100 2.7031567096710205 1.9471608400344849 1.9471609592437744
101 2.6181111335754395 1.817578911781311 1.8175785541534424
102 2.758418321609497 1.9780446290969849 1.9780446290969849
103 2.80796480178833 2.0564894676208496 2.0564892292022705
104 2.626328945159912 1.933211088180542 1.9332109689712524
105 2.74440860748291 2.080364465713501 2.0803639888763428
106 2.605194568634033 1.9497408866882324 1.9497411251068115
107 2.601619243621826 1.8614450693130493 1.8614449501037598
108 2.4954307079315186 1.747155785560608 1.747155785560608
109 2.7140657901763916 1.9803309440612793 1.9803308248519897
110 2.670792579650879 1.926758885383606 1.926758885383606
111 2.9199106693267822 2.2036986351013184 2.2036983966827393
112 2.7677292823791504 2.157456636428833 2.157456636428833
113 2.6424367427825928 1.9076443910598755 1.9076443910598755
114 2.7870702743530273 2.0910873413085938 2.0910868644714355
115 2.7601609230041504 2.050478219985962 2.050478219985962
116 2.7782843112945557 2.130340814590454 2.130340814590454
117 2.8749160766601563 2.199993371963501 2.19999361038208
118 2.908458709716797 2.220909357070923 2.220909595489502
119 2.9188954830169678 2.3216114044189453 2.3216114044189453
120 2.8605589866638184 2.1904754638671875 2.1904752254486084
121 2.956592321395874 2.217072010040283 2.217071771621704
122 3.008866786956787 2.2787368297576904 2.2787370681762695
123 3.07938814163208 2.457808494567871 2.457808494567871
124 2.805816173553467 2.15558123588562 2.15558123588562
125 2.8716769218444824 2.221848249435425 2.221848249435425
126 3.1006863117218018 2.4828970432281494 2.4828970432281494
127 2.943432092666626 2.23934268951416 2.23934268951416
128 2.9954404830932617 2.3228113651275635 2.3228113651275635
129 2.8581089973449707 2.2651164531707764 2.2651164531707764
130 3.2311112880706787 2.5138440132141113 2.5138440132141113
131 2.93660306930542 2.276010751724243 2.2760109901428223
132 2.8904941082000732 2.269918441772461 2.269918441772461
133 3.197751998901367 2.5133042335510254 2.5133042335510254
134 3.1339359283447266 2.4843695163726807 2.4843695163726807
135 3.40122652053833 2.7735331058502197 2.7735331058502197
136 3.2308719158172607 2.538161039352417 2.538161039352417
137 3.480991840362549 2.8067126274108887 2.8067126274108887
138 3.4345452785491943 2.810899257659912 2.810899257659912
139 3.2079105377197266 2.5545828342437744 2.5545828342437744
140 3.3798670768737793 2.706784725189209 2.706784725189209
141 3.2974820137023926 2.610442876815796 2.610442876815796
142 3.066512107849121 2.315627336502075 2.315627336502075
143 2.989781618118286 2.255377769470215 2.255377769470215
144 2.832449436187744 2.0819859504699707 2.0819859504699707
145 2.863960027694702 2.0965845584869385 2.0965845584869385
146 2.8696608543395996 2.08756685256958 2.08756685256958
147 2.994123697280884 2.316009521484375 2.316009521484375
148 3.064234733581543 2.298171043395996 2.298171281814575
149 3.351675271987915 2.6644198894500732 2.664419174194336
150 2.950592041015625 2.2458465099334717 2.2458465099334717
151 2.9630041122436523 2.1872620582580566 2.1872620582580566
152 3.1012377738952637 2.3149712085723877 2.3149712085723877
153 3.1868486404418945 2.4171595573425293 2.41715931892395
154 2.9254038333892822 2.1718506813049316 2.1718509197235107
155 2.7592670917510986 1.9603742361068726 1.9603742361068726
156 2.999472141265869 2.1936917304992676 2.1936919689178467
157 3.0830085277557373 2.3905410766601563 2.3905410766601563
158 2.879542589187622 2.1429085731506348 2.1429085731506348
159 2.8695790767669678 2.2004826068878174 2.2004823684692383
160 3.088040351867676 2.3422083854675293 2.3422083854675293
161 2.9519851207733154 2.1851131916046143 2.1851131916046143
162 2.914508104324341 2.189507007598877 2.189507007598877
163 3.0444908142089844 2.3251914978027344 2.3251912593841553
164 3.1378774642944336 2.3911221027374268 2.3911221027374268
165 3.287130832672119 2.6048905849456787 2.604890823364258
166 2.955845355987549 2.241910457611084 2.241910219192505
167 2.7201526165008545 2.0185704231262207 2.0185704231262207
168 3.083487033843994 2.283503293991089 2.283503293991089
169 3.033658981323242 2.360042095184326 2.3600423336029053
170 2.8824565410614014 2.1378626823425293 2.1378626823425293
171 3.175493001937866 2.4879677295684814 2.4879674911499023
172 2.948197603225708 2.1354963779449463 2.1354963779449463
173 2.8147265911102295 2.0837242603302 2.0837242603302
174 2.9156551361083984 2.2179911136627197 2.2179908752441406
175 2.84377384185791 2.154951572418213 2.154951572418213
176 3.0370614528656006 2.320042610168457 2.320042610168457
177 3.0243563652038574 2.2925052642822266 2.2925052642822266
178 3.0859034061431885 2.3240909576416016 2.3240909576416016
179 2.952850103378296 2.253634214401245 2.253634214401245
180 3.101815700531006 2.400503635406494 2.400503635406494
181 3.1688902378082275 2.523153781890869 2.5231540203094482
182 3.0531136989593506 2.330202341079712 2.330202341079712
183 3.024637222290039 2.3769783973693848 2.3769783973693848
184 3.039069175720215 2.274860382080078 2.274860382080078
185 2.897031784057617 2.156052589416504 2.156052589416504
186 2.8858509063720703 2.1382319927215576 2.1382319927215576
187 2.8954544067382813 2.196056604385376 2.196056604385376
188 2.849618673324585 2.193488597869873 2.193488597869873
189 3.1215996742248535 2.468956470489502 2.468956470489502
190 2.9286935329437256 2.2317700386047363 2.2317700386047363
191 2.896665573120117 2.190425395965576 2.190425395965576
192 2.858236789703369 2.1341495513916016 2.1341495513916016
193 2.869028329849243 2.0944252014160156 2.0944252014160156
194 2.779350996017456 2.0834250450134277 2.0834250450134277
195 2.8023431301116943 2.055858850479126 2.055858850479126
196 2.9721789360046387 2.243072032928467 2.243072032928467
197 3.070692300796509 2.3203158378601074 2.3203160762786865
198 2.7269113063812256 1.929587721824646 1.9295876026153564
199 3.0529823303222656 2.348095655441284 2.348095655441284
200 2.987741708755493 2.275681257247925 2.275681257247925
201 2.9524013996124268 2.1729047298431396 2.1729049682617188
202 2.876495838165283 2.0851223468780518 2.0851223468780518
203 3.254031181335449 2.472202777862549 2.472202777862549
204 2.9661083221435547 2.252988338470459 2.252988338470459
205 3.0382537841796875 2.3510708808898926 2.3510706424713135
206 2.9485747814178467 2.2232913970947266 2.2232913970947266
207 2.8233959674835205 2.1048548221588135 2.1048552989959717
208 2.7742903232574463 1.9741172790527344 1.9741172790527344
209 2.9857594966888428 2.2021260261535645 2.2021260261535645
210 2.8219892978668213 2.021591901779175 2.0215916633605957
211 2.7894139289855957 2.080641508102417 2.080641508102417
212 2.9780681133270264 2.279285192489624 2.279285192489624
213 2.7404985427856445 2.0827391147613525 2.0827391147613525
214 2.7119083404541016 1.8968634605407715 1.8968634605407715
215 2.8669285774230957 2.1189653873443604 2.1189651489257813
216 2.735992908477783 1.9954140186309814 1.9954140186309814
217 2.784869432449341 2.094345808029175 2.094345808029175
218 2.9260947704315186 2.1614744663238525 2.1614747047424316
219 2.8663690090179443 2.0361552238464355 2.0361552238464355
220 2.644618272781372 1.8839263916015625 1.883926510810852
221 2.845827579498291 2.079946994781494 2.079946994781494
222 2.9359898567199707 2.1480696201324463 2.1480696201324463
223 2.822132110595703 1.9559465646743774 1.9559465646743774
224 2.754762887954712 1.9480865001678467 1.9480865001678467
225 2.848210096359253 2.018301486968994 2.018301486968994
226 2.6782639026641846 1.9224114418029785 1.922411561012268
227 2.6834049224853516 1.866743803024292 1.866743564605713
228 2.7712173461914063 2.066197395324707 2.066197395324707
229 2.6019539833068848 1.8713116645812988 1.8713116645812988
230 2.7183682918548584 1.9546782970428467 1.9546782970428467
231 2.6919171810150146 1.8901264667510986 1.890126347541809
232 2.724654197692871 1.9610649347305298 1.9610646963119507
233 2.8720011711120605 2.1279094219207764 2.1279094219207764
234 2.815737247467041 2.072394371032715 2.072394609451294
235 2.8421475887298584 2.1421592235565186 2.1421592235565186
236 2.951263666152954 2.1671934127807617 2.1671934127807617
237 2.818113327026367 2.104456901550293 2.104457139968872
238 2.915712833404541 2.134791612625122 2.134791612625122
239 2.953007698059082 2.1786489486694336 2.1786489486694336
240 2.76081919670105 2.022819995880127 2.022819995880127
241 2.8256516456604004 2.0677542686462402 2.0677542686462402
242 2.895793914794922 2.136502742767334 2.136502742767334
243 2.9436326026916504 2.1406781673431396 2.1406781673431396
244 2.8149073123931885 2.1179609298706055 2.1179609298706055
245 2.925252676010132 2.1693356037139893 2.1693356037139893
246 2.688589334487915 1.9861565828323364 1.9861565828323364
247 2.723738670349121 2.0036306381225586 2.0036306381225586
248 2.827080488204956 2.105313777923584 2.105313539505005
249 2.7387709617614746 1.9617691040039063 1.9617691040039063
250 2.7492926120758057 2.048344135284424 2.048344135284424
251 2.9451043605804443 2.2429094314575195 2.2429094314575195
252 2.8773436546325684 2.180454730987549 2.180454730987549
253 2.908050775527954 2.120042562484741 2.120042562484741
254 3.043546199798584 2.3318939208984375 2.3318939208984375
255 2.9232897758483887 2.245480537414551 2.245480537414551
256 3.0735909938812256 2.4397716522216797 2.4397716522216797
257 3.1033754348754883 2.277585506439209 2.277585744857788
258 2.9920194149017334 2.288377046585083 2.288377046585083
259 2.904937505722046 2.2377631664276123 2.237762689590454
260 2.9578378200531006 2.212881565093994 2.212881088256836
261 2.902024745941162 2.026409387588501 2.026409387588501
262 2.8213322162628174 2.0251595973968506 2.0251595973968506
263 2.818458080291748 2.079352855682373 2.079352617263794
264 2.849308729171753 2.050137758255005 2.050137758255005
265 2.7827506065368652 2.050006866455078 2.050006866455078
266 2.846754789352417 2.1654090881347656 2.1654090881347656
267 2.8384783267974854 2.109729766845703 2.1097300052642822
268 2.7464637756347656 2.060525417327881 2.060525417327881
269 2.8394317626953125 2.112740993499756 2.1127407550811768
270 2.83713960647583 2.079059600830078 2.0790598392486572
271 2.8730947971343994 2.1347298622131348 2.134730100631714
272 2.965989112854004 2.210399866104126 2.210399627685547
273 2.8404288291931152 2.0591156482696533 2.0591156482696533
274 2.8985178470611572 2.1839687824249268 2.1839687824249268
275 2.8972699642181396 2.160997152328491 2.160997152328491
276 3.034977436065674 2.1943278312683105 2.1943275928497314
277 3.002030849456787 2.237240791320801 2.2372405529022217
278 3.044726610183716 2.1853981018066406 2.1853981018066406
279 3.21911358833313 2.4022939205169678 2.4022939205169678
280 3.1485276222229004 2.2747902870178223 2.2747902870178223
281 3.1297826766967773 2.312014102935791 2.312014102935791
282 3.0486254692077637 2.180068254470825 2.180068254470825
283 3.092827558517456 2.253441572189331 2.25344181060791
284 3.411033868789673 2.7578134536743164 2.757812976837158
285 2.7757461071014404 1.9246798753738403 1.9246797561645508
286 2.8675127029418945 1.9583094120025635 1.9583094120025635
287 2.8344709873199463 1.9848103523254395 1.9848103523254395
288 2.7926294803619385 1.9228676557540894 1.9228675365447998
289 2.8097872734069824 2.0026443004608154 2.0026443004608154
290 2.837116241455078 2.1076278686523438 2.1076278686523438
291 2.907593011856079 2.0818674564361572 2.0818674564361572
292 2.9313926696777344 2.118319272994995 2.118319511413574
293 2.7724087238311768 1.999354600906372 1.9993547201156616
294 2.9591126441955566 2.265110731124878 2.265110731124878
295 3.1289429664611816 2.360816717147827 2.360816717147827
296 3.032073974609375 2.2663142681121826 2.2663140296936035
297 3.0081937313079834 2.285743236541748 2.285743236541748
298 3.0466513633728027 2.2798256874084473 2.2798256874084473
299 3.247063159942627 2.4475021362304688 2.4475021362304688
300 3.0013763904571533 2.1575984954833984 2.1575984954833984
301 2.8752875328063965 2.056800603866577 2.056800365447998
302 2.799593925476074 2.0210652351379395 2.0210652351379395
303 2.951604127883911 2.275651454925537 2.275651454925537
304 2.913898468017578 2.1182281970977783 2.1182281970977783
305 3.035205602645874 2.2331669330596924 2.2331669330596924
306 2.8269166946411133 2.0037295818328857 2.0037295818328857
307 2.9906082153320313 2.213655471801758 2.213655471801758
308 2.8858726024627686 2.011781930923462 2.011781930923462
309 2.825556516647339 1.9518213272094727 1.9518213272094727
310 2.805396556854248 1.992510437965393 1.9925103187561035
311 3.052673578262329 2.286129951477051 2.2861294746398926
312 3.1302573680877686 2.4533989429473877 2.4533989429473877
313 3.1279993057250977 2.4235005378723145 2.4235007762908936
314 3.1588082313537598 2.472672939300537 2.472672939300537
315 3.4631104469299316 2.703246831893921 2.703246831893921
316 3.051255464553833 2.2579586505889893 2.2579586505889893
317 3.1510045528411865 2.3354547023773193 2.3354547023773193
318 3.2205212116241455 2.420163869857788 2.420163869857788
319 3.211735963821411 2.3851656913757324 2.3851656913757324
320 3.0750527381896973 2.20759916305542 2.20759916305542
321 2.970128059387207 2.1556267738342285 2.1556270122528076
322 2.9929473400115967 2.1973726749420166 2.197373151779175
323 2.9037301540374756 2.104627847671509 2.104627847671509
324 2.777029037475586 1.9258091449737549 1.9258090257644653
325 2.992464065551758 2.2512989044189453 2.2512989044189453
326 2.8427774906158447 1.9855188131332397 1.9855186939239502
327 3.021998882293701 2.2760910987854004 2.2760913372039795
328 2.9235143661499023 2.164571762084961 2.164571762084961
329 2.9766502380371094 2.2584428787231445 2.2584428787231445
330 3.0589964389801025 2.3300671577453613 2.3300671577453613
331 3.018311023712158 2.35441255569458 2.35441255569458
332 2.834211587905884 2.1107029914855957 2.1107027530670166
333 3.029836654663086 2.3353137969970703 2.3353137969970703
334 2.8250765800476074 2.093580961227417 2.093580961227417
335 3.0766496658325195 2.325956344604492 2.325956344604492
336 2.949833631515503 2.185415744781494 2.185415744781494
337 2.9938981533050537 2.2430238723754883 2.243023633956909
338 3.0163919925689697 2.1865458488464355 2.1865458488464355
339 3.0259850025177 2.384901762008667 2.384901762008667
340 3.113823890686035 2.402899742126465 2.402899742126465
341 3.3285694122314453 2.712768316268921 2.712768316268921
342 3.465235710144043 2.78963041305542 2.789630651473999
343 3.368316173553467 2.5959794521331787 2.5959794521331787
344 3.1978089809417725 2.4045653343200684 2.4045653343200684
345 3.030738592147827 2.3002336025238037 2.3002336025238037
346 3.0147571563720703 2.2384915351867676 2.2384915351867676
347 3.0823912620544434 2.3647189140319824 2.3647189140319824
348 3.0060994625091553 2.200826644897461 2.200826644897461
349 3.221482753753662 2.4237074851989746 2.4237072467803955
350 3.0324959754943848 2.291470527648926 2.291470527648926
351 2.9111404418945313 2.0968668460845947 2.0968668460845947
352 3.001634120941162 2.2229888439178467 2.2229888439178467
353 3.0224084854125977 2.1988518238067627 2.198852062225342
354 3.1037514209747314 2.220250129699707 2.220250129699707
355 2.800881862640381 1.9244260787963867 1.9244259595870972
356 3.0587265491485596 2.1903562545776367 2.1903562545776367
357 2.852257013320923 2.0188395977020264 2.0188395977020264
358 2.9771504402160645 2.1177375316619873 2.1177375316619873
359 2.881781816482544 2.0139803886413574 2.0139803886413574
360 3.0189499855041504 2.163994312286377 2.163994312286377
361 2.9312124252319336 2.1735453605651855 2.1735453605651855
362 2.940990447998047 2.0998055934906006 2.0998058319091797
363 3.0165538787841797 2.266432523727417 2.266432523727417
364 3.0254757404327393 2.1667380332946777 2.1667380332946777
365 3.055912971496582 2.257472276687622 2.257472276687622
366 2.887570858001709 2.080303907394409 2.080303907394409
367 2.913424491882324 2.0190181732177734 2.0190181732177734
368 3.072391986846924 2.2769956588745117 2.2769956588745117
369 3.0462486743927 2.263094663619995 2.263094663619995
370 3.203245162963867 2.3908464908599854 2.3908464908599854
371 2.9693727493286133 2.096123456954956 2.096123456954956
372 3.005035877227783 2.184156894683838 2.184156894683838
373 3.056138277053833 2.1902339458465576 2.1902337074279785
374 3.0773026943206787 2.296995162963867 2.296995162963867
375 2.9578444957733154 2.1384170055389404 2.1384165287017822
376 3.090986967086792 2.3072474002838135 2.3072478771209717
377 2.8953261375427246 2.1369407176971436 2.1369407176971436
378 3.0955166816711426 2.335024118423462 2.335024118423462
379 2.962228536605835 2.211625576019287 2.211625576019287
380 2.9868767261505127 2.234727382659912 2.234727382659912
381 3.0388753414154053 2.258021116256714 2.2580208778381348
382 2.9096832275390625 2.1090171337127686 2.1090171337127686
383 3.0967981815338135 2.2569918632507324 2.2569916248321533
384 3.0174739360809326 2.204911708831787 2.204911947250366
385 3.0845563411712646 2.4060726165771484 2.4060726165771484
386 3.074883222579956 2.317436695098877 2.317436456680298
387 3.022845983505249 2.261976480484009 2.261976480484009
388 2.9142770767211914 2.148261070251465 2.1482608318328857
389 2.799283981323242 1.9653549194335938 1.9653548002243042
390 3.049633264541626 2.249281883239746 2.249281883239746
391 2.9906105995178223 2.049856424331665 2.049856662750244
392 2.943857431411743 2.064023971557617 2.064023971557617
393 2.9011430740356445 2.073277473449707 2.073277235031128
394 2.861705780029297 1.9405813217163086 1.9405813217163086
395 2.9307782649993896 2.027369260787964 2.027369260787964
396 2.894343852996826 1.9708874225616455 1.9708874225616455
397 2.8981919288635254 2.006995677947998 2.006995677947998
398 2.8874781131744385 2.141470193862915 2.141470193862915
399 2.9115426540374756 2.1374475955963135 2.1374478340148926
400 2.8738090991973877 2.0257792472839355 2.0257792472839355
401 2.9787421226501465 2.114936590194702 2.114936590194702
402 2.9844491481781006 2.130852460861206 2.130852222442627
403 2.759244441986084 1.9683526754379272 1.9683526754379272
404 2.953418731689453 2.18230938911438 2.18230938911438
405 2.851609230041504 2.010308027267456 2.010308027267456
406 2.8011388778686523 1.9973509311676025 1.9973509311676025
407 2.754099130630493 1.9482473134994507 1.9482471942901611
408 2.767517328262329 1.8960444927215576 1.896044373512268
409 2.887519598007202 2.0607264041900635 2.0607264041900635
410 2.7430248260498047 1.8714648485183716 1.8714648485183716
411 2.7709619998931885 1.9736361503601074 1.9736361503601074
412 2.7746803760528564 1.9435113668441772 1.9435116052627563
413 2.8429079055786133 2.025646924972534 2.025646924972534
414 2.674227476119995 1.8941404819488525 1.8941402435302734
415 2.7038488388061523 1.8615576028823853 1.8615574836730957
416 2.7721335887908936 1.9569108486175537 1.9569108486175537
417 2.804591178894043 1.9965050220489502 1.9965049028396606
418 2.63520884513855 1.8615175485610962 1.8615175485610962
419 2.753488779067993 1.9917161464691162 1.9917161464691162
420 2.731198787689209 1.9109523296356201 1.9109523296356201
421 2.7117395401000977 1.9436612129211426 1.9436613321304321
422 2.8402702808380127 2.079444408416748 2.079444169998169
423 2.8019957542419434 2.064429998397827 2.064429998397827
424 2.834001064300537 2.079174518585205 2.079174280166626
425 2.7528698444366455 2.0520546436309814 2.0520546436309814
426 2.8732128143310547 2.1265106201171875 2.1265106201171875
427 2.725290060043335 2.0120925903320313 2.0120928287506104
428 2.827427864074707 2.1232831478118896 2.1232831478118896
429 2.7789926528930664 1.9786916971206665 1.9786916971206665
430 2.97294282913208 2.19663667678833 2.19663667678833
431 2.8444831371307373 2.071448564529419 2.071448564529419
432 2.842055559158325 2.1222431659698486 2.1222431659698486
433 2.7070648670196533 1.9952641725540161 1.9952641725540161
434 2.7576699256896973 2.0182607173919678 2.0182607173919678
435 2.76149845123291 2.0064940452575684 2.0064942836761475
436 2.8261008262634277 2.0499017238616943 2.0499017238616943
437 2.8968915939331055 2.139733076095581 2.139733076095581
438 2.8141157627105713 2.0136704444885254 2.0136702060699463
439 2.853459119796753 2.164957284927368 2.164957284927368
440 2.851301670074463 2.125631332397461 2.125631332397461
441 3.0375781059265137 2.318713426589966 2.318713426589966
442 2.9291067123413086 2.2205545902252197 2.220554828643799
443 2.9259467124938965 2.2210419178009033 2.221041440963745
444 2.9226977825164795 2.20059871673584 2.20059871673584
445 2.9332175254821777 2.214907646179199 2.214907646179199
446 2.966761350631714 2.210099220275879 2.210099220275879
447 2.9511513710021973 2.247692823410034 2.247692823410034
448 2.9021589756011963 2.1297836303710938 2.1297836303710938
449 2.9699084758758545 2.2164127826690674 2.2164127826690674
450 3.0517168045043945 2.332521677017212 2.332521677017212
451 3.001450300216675 2.3758740425109863 2.3758740425109863
452 3.0296850204467773 2.353271484375 2.353271484375
453 2.8991918563842773 2.1385605335235596 2.1385605335235596
454 2.927478551864624 2.2448644638061523 2.2448644638061523
455 2.9067702293395996 2.2150039672851563 2.2150039672851563
456 2.96103835105896 2.1938672065734863 2.1938672065734863
457 2.8652374744415283 2.150200843811035 2.1502013206481934
458 2.8040623664855957 2.0485618114471436 2.0485615730285645
459 2.816190719604492 2.080665111541748 2.080664873123169
460 2.9830362796783447 2.2235350608825684 2.2235350608825684
461 2.9285974502563477 2.085554361343384 2.085554361343384
462 3.0392422676086426 2.381997585296631 2.381997585296631
463 2.898103952407837 2.1188981533050537 2.1188981533050537
464 2.8842990398406982 2.134351968765259 2.134351968765259
465 2.89599347114563 2.108621835708618 2.108621835708618
466 2.8882663249969482 2.1025116443634033 2.102511405944824
467 2.885087490081787 2.1271214485168457 2.1271214485168457
468 3.042367696762085 2.2145724296569824 2.2145724296569824
469 2.823230504989624 2.0182993412017822 2.0182993412017822
470 2.9473674297332764 2.1703758239746094 2.1703758239746094
471 3.0549089908599854 2.315382719039917 2.315382719039917
472 2.8199429512023926 2.019580125808716 2.019580125808716
473 2.7932214736938477 1.9538743495941162 1.953873872756958
474 2.8190371990203857 2.042168378829956 2.042168378829956
475 2.987980365753174 2.227151870727539 2.227152109146118
476 2.965266227722168 2.1792964935302734 2.1792964935302734
477 2.773496389389038 2.0240161418914795 2.0240161418914795
478 2.6945533752441406 1.9771171808242798 1.9771169424057007
479 2.8316946029663086 2.029607057571411 2.029607057571411
480 2.848585367202759 2.0350735187530518 2.0350732803344727
481 2.8224704265594482 2.0242886543273926 2.0242881774902344
482 2.6276774406433105 1.8414331674575806 1.8414331674575806
483 2.7818174362182617 1.9983165264129639 1.9983165264129639
484 2.8609039783477783 2.1382875442504883 2.1382875442504883
485 2.8340234756469727 2.0185818672180176 2.0185818672180176
486 2.629058361053467 1.8985642194747925 1.898564100265503
487 2.8015785217285156 2.0383338928222656 2.0383338928222656
488 2.8413314819335938 2.133237600326538 2.133237361907959
489 2.7695229053497314 2.0283076763153076 2.0283076763153076
490 2.7078354358673096 1.9452780485153198 1.9452780485153198
491 2.7842671871185303 2.0028796195983887 2.0028793811798096
492 2.933685541152954 2.1175806522369385 2.1175806522369385
493 2.868809461593628 2.0232913494110107 2.02329158782959
494 2.9239816665649414 2.0757317543029785 2.0757319927215576
495 2.813422203063965 2.0300869941711426 2.0300869941711426
496 2.846846580505371 2.0778465270996094 2.0778462886810303
497 2.9357805252075195 2.122540235519409 2.122540235519409
498 2.9347846508026123 2.227027654647827 2.2270278930664063
499 2.925534725189209 2.192321300506592 2.192321300506592
500 2.8173789978027344 2.1256284713745117 2.1256284713745117
501 2.897336721420288 2.1293509006500244 2.129350423812866
502 2.8748557567596436 2.0601789951324463 2.0601789951324463
503 2.993067741394043 2.282147169113159 2.282146453857422
504 2.90861439704895 2.1894187927246094 2.1894187927246094
505 2.844189167022705 2.1081249713897705 2.1081249713897705
506 3.0052788257598877 2.2264881134033203 2.2264883518218994
507 2.9975063800811768 2.135496139526367 2.135496139526367
508 2.8416972160339355 2.060590982437134 2.060590982437134
509 2.8105757236480713 2.104828357696533 2.1048285961151123
510 2.8408267498016357 2.119370698928833 2.119370222091675
511 2.8794374465942383 2.150733470916748 2.150733470916748
512 3.072047472000122 2.2930386066436768 2.2930386066436768
513 2.856154680252075 2.079742908477783 2.079742908477783
514 2.8677663803100586 2.0301742553710938 2.030174732208252
515 2.796166181564331 1.9647444486618042 1.9647444486618042
516 2.8621912002563477 2.0004351139068604 2.0004351139068604
517 2.916747570037842 2.056636333465576 2.056636333465576
518 2.8098373413085938 2.0390119552612305 2.0390119552612305
