9 	 1.4691507816314697
10 	 1.1013965606689453
11 	 1.0105865001678467
12 	 1.3923873901367188
13 	 1.215319275856018
14 	 1.275342345237732
15 	 0.9530104398727417
16 	 0.8914467692375183
17 	 0.7707106471061707
18 	 0.7651751637458801
19 	 0.7040565609931946
20 	 0.6899822354316711
21 	 0.759453296661377
22 	 0.9613600969314575
23 	 1.2343780994415283
24 	 1.4472123384475708
25 	 1.836128830909729
26 	 1.7531534433364868
27 	 1.6112658977508545
28 	 1.382009744644165
29 	 1.2326889038085938
30 	 0.9766766428947449
31 	 0.9901600480079651
32 	 1.0925142765045166
33 	 0.9552887082099915
34 	 0.8092277646064758
35 	 0.9932382106781006
36 	 1.1491950750350952
37 	 1.0688612461090088
38 	 0.7880221009254456
39 	 0.8379389643669128
40 	 0.9572299718856812
41 	 0.8285374045372009
42 	 0.7689008712768555
43 	 0.9838992953300476
44 	 1.0684309005737305
45 	 0.9541816115379333
46 	 1.114161491394043
47 	 0.8676393628120422
48 	 0.8633245229721069
49 	 0.9309152364730835
50 	 0.9992927312850952
51 	 0.9319369792938232
52 	 0.9315359592437744
53 	 1.0361520051956177
54 	 1.219018816947937
55 	 1.5965646505355835
56 	 1.6421808004379272
57 	 1.7788735628128052
58 	 1.6007179021835327
59 	 1.1295013427734375
60 	 0.9707207679748535
61 	 0.8244792819023132
62 	 0.9132166504859924
63 	 0.9548680186271667
64 	 0.8237906694412231
65 	 0.9026901721954346
66 	 1.1633248329162598
67 	 1.1662049293518066
68 	 1.138016939163208
69 	 0.995857834815979
70 	 1.2599964141845703
71 	 1.258827567100525
72 	 0.8967902660369873
73 	 0.7870383858680725
74 	 0.6299477219581604
75 	 0.5725799202919006
76 	 0.5429826378822327
77 	 0.5453839898109436
78 	 0.6142823696136475
79 	 0.8422271013259888
80 	 0.7726525068283081
81 	 0.7538119554519653
82 	 0.7082111239433289
83 	 0.7281966805458069
84 	 0.6465557217597961
85 	 0.5700832009315491
86 	 0.587428092956543
87 	 0.5753482580184937
88 	 0.5628129839897156
89 	 0.5615746974945068
90 	 0.6368646025657654
91 	 0.6618938446044922
92 	 0.7754487991333008
93 	 0.9470899105072021
94 	 0.9664810299873352
95 	 1.2615848779678345
96 	 1.0888807773590088
97 	 0.9349701404571533
98 	 0.9970343708992004
99 	 1.0371484756469727
100 	 0.9012442827224731
101 	 0.9393201470375061
102 	 0.9605041742324829
103 	 0.7547771334648132
104 	 0.5902920961380005
105 	 0.5207524299621582
106 	 0.5058904886245728
107 	 0.5152794122695923
108 	 0.593136727809906
109 	 0.7141193747520447
110 	 0.9901324510574341
111 	 1.488059639930725
112 	 1.684789776802063
113 	 0.969226598739624
114 	 0.6136271357536316
115 	 0.5790560245513916
116 	 0.5581488609313965
117 	 0.5556201934814453
118 	 0.5890535712242126
119 	 0.634741485118866
120 	 0.6679655313491821
121 	 0.6804207563400269
122 	 0.7738168239593506
123 	 0.8676241636276245
124 	 0.9296340942382813
125 	 1.0398269891738892
126 	 0.9670710563659668
127 	 1.229034662246704
128 	 1.0171692371368408
129 	 1.0371969938278198
130 	 1.3764680624008179
131 	 0.9650239944458008
132 	 0.8820081949234009
133 	 0.8646739721298218
134 	 0.7175104022026062
135 	 0.6503140926361084
136 	 0.6908400654792786
137 	 0.6412168741226196
138 	 0.5761113166809082
139 	 0.5829406976699829
140 	 0.6308361887931824
141 	 0.6362774968147278
142 	 0.6334198713302612
143 	 0.6395199298858643
144 	 0.7404590845108032
145 	 0.7000675201416016
146 	 0.753415048122406
147 	 0.7103992104530334
148 	 0.709450364112854
149 	 0.686797022819519
150 	 0.6800268888473511
151 	 0.6211221218109131
152 	 0.5670514702796936
153 	 0.5557861924171448
154 	 0.6191118955612183
155 	 0.6103432774543762
156 	 0.6388082504272461
157 	 0.7137441039085388
158 	 0.9457225203514099
159 	 1.3101296424865723
160 	 1.1996217966079712
161 	 1.0281407833099365
162 	 0.9802276492118835
163 	 0.6824949383735657
164 	 0.5728718042373657
165 	 0.55469810962677
166 	 0.5867677927017212
167 	 0.5648945569992065
168 	 0.52619469165802
169 	 0.5281792283058167
170 	 0.5343655943870544
171 	 0.5116188526153564
172 	 0.5722019672393799
173 	 0.6254839897155762
174 	 0.6830170750617981
175 	 0.710764467716217
176 	 0.7377927303314209
177 	 0.8588991165161133
178 	 1.1131504774093628
179 	 1.121628761291504
180 	 1.2208657264709473
181 	 1.473573088645935
182 	 1.7358510494232178
183 	 1.9933134317398071
184 	 1.8867616653442383
185 	 1.9947036504745483
186 	 2.2735378742218018
187 	 2.0173237323760986
188 	 2.0393967628479004
189 	 1.7294989824295044
190 	 1.7101274728775024
191 	 1.570683479309082
192 	 1.2690236568450928
193 	 1.2461411952972412
194 	 1.3328278064727783
195 	 1.1654635667800903
196 	 1.0142078399658203
197 	 1.1979655027389526
198 	 1.2843363285064697
199 	 0.9956589937210083
200 	 0.9870675802230835
201 	 1.200805902481079
202 	 1.359617829322815
203 	 1.075392246246338
204 	 1.12030029296875
205 	 0.7691245675086975
206 	 0.7630348801612854
207 	 0.8201186060905457
208 	 0.7237067222595215
209 	 0.6481435298919678
210 	 0.5137919783592224
211 	 0.4763166904449463
212 	 0.46487414836883545
213 	 0.543329656124115
214 	 0.7407829165458679
215 	 0.8167229890823364
216 	 1.1271371841430664
217 	 1.060261845588684
218 	 1.087526559829712
219 	 2.3886542320251465
220 	 3.0439603328704834
221 	 3.1604249477386475
222 	 3.0800063610076904
223 	 3.1295993328094482
224 	 3.838374614715576
225 	 3.7272226810455322
226 	 3.40289568901062
227 	 3.7799923419952393
228 	 3.471552610397339
229 	 3.807631731033325
230 	 3.7337613105773926
231 	 3.41106915473938
232 	 2.545653820037842
233 	 2.2043280601501465
234 	 1.775536298751831
235 	 0.9278557300567627
236 	 1.0954142808914185
237 	 0.8611791133880615
238 	 0.7642114162445068
239 	 0.8051202893257141
240 	 0.8970988392829895
241 	 0.8622127175331116
242 	 1.0573666095733643
243 	 0.9039599299430847
244 	 0.8945980668067932
245 	 0.8095225691795349
246 	 0.9629199504852295
247 	 1.1593694686889648
248 	 0.9777687788009644
249 	 0.6611508727073669
250 	 0.6884118914604187
251 	 0.655336856842041
252 	 0.6934341788291931
253 	 0.961678683757782
254 	 0.9406121969223022
255 	 0.8556297421455383
256 	 0.827420175075531
257 	 0.5950437188148499
258 	 0.5796890258789063
259 	 0.5081065893173218
260 	 0.45065802335739136
261 	 0.47103530168533325
262 	 0.5620810389518738
263 	 0.5828021168708801
264 	 0.5751531720161438
265 	 0.6369279623031616
266 	 0.8115066885948181
267 	 0.7753390669822693
268 	 0.7886967658996582
269 	 0.9569820165634155
270 	 1.0956289768218994
271 	 0.988457977771759
272 	 0.7773488759994507
273 	 0.867643415927887
274 	 0.7966004014015198
275 	 1.2987644672393799
276 	 1.6861766576766968
277 	 1.8355631828308105
278 	 2.824232339859009
279 	 3.059014081954956
280 	 2.3537774085998535
281 	 2.058022975921631
282 	 1.9030073881149292
283 	 1.3858050107955933
284 	 0.815610408782959
285 	 0.6739087700843811
286 	 0.5481899380683899
287 	 0.47429683804512024
288 	 0.4818919599056244
289 	 0.5026902556419373
290 	 0.547225296497345
291 	 0.661922812461853
292 	 0.7367739081382751
293 	 0.9344319701194763
294 	 0.7752550840377808
295 	 0.8848919868469238
296 	 0.8659184575080872
297 	 0.8699925541877747
298 	 0.7643463611602783
299 	 0.7218512892723083
300 	 0.758091390132904
301 	 0.6909631490707397
302 	 0.6527675986289978
303 	 0.7026705741882324
304 	 0.7308179140090942
305 	 0.7049832940101624
306 	 0.7154358625411987
307 	 0.8771549463272095
308 	 0.9664123058319092
309 	 1.004697322845459
310 	 0.8902060985565186
311 	 0.7615983486175537
312 	 0.9102262258529663
313 	 1.0864596366882324
314 	 1.0903321504592896
315 	 1.2218191623687744
316 	 0.8650051951408386
317 	 0.9107755422592163
318 	 0.7013508081436157
319 	 0.6393643021583557
320 	 0.5723257660865784
321 	 0.534520149230957
322 	 0.5534505248069763
323 	 0.5591462850570679
324 	 0.5156898498535156
325 	 0.5594183206558228
326 	 0.49207255244255066
327 	 0.44821733236312866
328 	 0.4417988359928131
329 	 0.49687477946281433
330 	 0.6040887236595154
331 	 0.775199294090271
332 	 1.1018943786621094
333 	 1.7880141735076904
334 	 1.941645860671997
335 	 2.255098342895508
336 	 1.5143725872039795
337 	 0.94720858335495
338 	 0.6398962736129761
339 	 0.7087625861167908
340 	 0.6595125794410706
341 	 0.700718343257904
342 	 1.4392244815826416
343 	 1.066219449043274
344 	 0.9247379899024963
345 	 1.0153429508209229
346 	 1.1331392526626587
347 	 1.0231801271438599
348 	 0.8355280756950378
349 	 0.646609365940094
350 	 0.5928803086280823
351 	 0.5195956826210022
352 	 0.5712550282478333
353 	 0.6043228507041931
354 	 0.562048614025116
355 	 0.6041961908340454
356 	 0.7397786974906921
357 	 0.7275714874267578
358 	 0.75386643409729
359 	 0.7577815651893616
360 	 0.6174469590187073
361 	 0.5899927616119385
362 	 0.7706763744354248
363 	 0.9517000317573547
