0 11.475579060007176
1 11.312042030913119
2 11.126041039943802
3 11.963994665434155
4 11.789729552532158
5 11.519108204784947
6 11.723380426037059
7 11.422486751377896
8 11.360740872062214
9 11.01430472727486
10 11.654145772226228
11 11.532053149043499
12 10.953355410940055
13 11.847143265593896
14 11.06362285829335
15 12.703932937614647
16 11.885022768086369
17 11.478882033247508
18 10.990889351475689
19 11.934965115199395
20 16.081993893025
21 19.804121792484075
22 17.00705368626081
23 18.60697584122992
24 23.40096252625615
25 20.187559045354707
26 18.86822594014728
27 19.431060605765232
28 21.76673007918687
29 21.940165861399546
30 12.588270842314293
31 13.32845362091582
32 16.15041880241339
33 13.825566572056172
34 13.439911160450214
35 12.956167092595118
36 12.056192531194304
37 15.056412309695618
38 14.216867089183868
39 18.556446091670402
40 15.371430964829418
41 13.043537037467077
42 12.99666398851135
43 12.926212118618286
44 16.312084911711324
45 16.451787646268826
46 15.277690882733355
47 15.318571736321275
48 16.24253899881002
49 11.1188317539358
50 10.025026913530258
51 11.14302900127134
52 8.787715151892403
53 11.311805652145152
54 13.045273562930984
55 15.184849180963612
56 16.02976979756386
57 14.558108216676924
58 13.333699097503095
59 12.962006688307465
60 11.277288082242896
61 14.195357290278098
62 13.488494176506356
63 12.76628158849739
64 13.875001820329963
65 15.197441405266707
66 13.765515493026326
67 17.148538771230545
68 16.658077772818984
69 17.107415730849212
70 16.31922837887929
71 17.06307363032799
72 14.73999099831501
73 15.695432604645845
74 15.92749140645813
75 17.745139640411523
76 16.597532051380888
77 16.587892609038043
78 19.967113829004116
79 14.742334474414307
80 20.01629832818888
81 21.133624021661678
82 15.192849288747075
83 14.960683889779022
84 12.512847680177504
85 18.12336017576262
86 13.337702802201038
87 13.065566586425541
88 16.53943356821911
89 17.196361363802044
90 15.62863369962737
91 18.16516053154895
92 14.337961837041735
93 16.278084418820395
94 13.787058300112221
95 15.343026153906953
96 13.075084572652885
97 16.534735527895275
98 14.16078331643727
99 14.558507340925548
100 15.953023660229706
101 16.08254969389604
102 14.311280163900927
103 14.36650841369016
104 13.635649945593347
105 15.851768890562726
106 13.06313798953697
107 11.148138371646379
108 13.75384805557931
109 17.307634846092732
110 15.329991956312156
111 15.695834901660819
112 14.768269223163356
113 15.400992143229209
114 14.079481045862984
115 15.06585975758146
116 12.647773310685714
117 16.52077311901905
118 14.544109460608214
119 15.358412957280379
120 14.800907929067689
121 14.053678645283034
122 16.458837531862695
123 17.725907815548748
124 20.430558677879716
125 15.314142474061638
126 16.27909861453226
127 17.315852676031646
128 17.270848628586606
129 16.705662045549325
130 17.966443862408674
131 12.970497850051032
132 13.910633870671527
133 17.636794462123998
134 13.655329108419945
135 17.83345307055561
136 15.305724935777974
137 15.291800948490598
138 14.554366956205035
139 13.990098788567487
140 13.313880380864873
141 17.40987734464926
142 18.383966081357716
143 21.035211012874054
144 16.35459936031216
145 18.426705929690403
146 17.693448447323625
147 17.99550452265852
148 13.492191405508613
149 16.499909188657814
150 16.350764796256712
151 15.811817172155935
152 13.786252237455482
153 15.329907545522445
154 13.374642075837345
155 11.780172897778483
156 10.903393513093125
157 13.012914744374362
158 13.2368545778928
159 11.504800000983964
160 11.690277092385958
161 12.341777065098249
162 12.4234713097478
163 10.21002391254459
164 13.473370133388952
165 14.581728732006301
166 12.379728921393582
167 10.843206886584332
168 11.064418567464442
169 13.798756826690562
170 13.058056478292782
171 11.41773014752506
172 10.339564792506792
173 12.413536134050101
174 11.999318634359495
175 13.654632356980331
176 10.82350768985391
177 12.332703610817228
178 14.409628161544177
179 13.349035242508815
180 11.885429099837008
181 11.419311054448034
182 11.44808975273509
183 11.567231659064683
184 13.059345316418105
185 12.582630056854487
186 14.75480545044425
187 13.10557345131317
188 12.158015520508862
189 10.930974597330385
190 13.245784168551516
191 16.40775613573686
192 16.31177007926831
193 11.578651169034075
194 11.492291143158583
195 10.350257176934425
196 10.663310815680655
197 11.126219650556216
198 11.246107942856835
199 14.594882814148852
200 15.33724228864994
201 12.967141285671005
202 16.453179445908123
203 14.581006603596874
204 13.83290129385265
205 12.032288630389967
206 13.06811881388195
207 13.612953752640466
208 14.042975956959042
209 19.078560787845543
210 15.773408816917016
211 15.343677068936762
212 13.674406575078473
213 15.166982699728358
214 14.210020329495036
215 16.833802997514027
216 14.188897728387973
217 15.491548196521459
218 13.538064868872416
219 15.52975970207239
220 14.984378716778803
221 16.644896445118196
222 14.767762602046503
223 13.22330755631285
224 17.377803904772286
225 13.718907488331132
226 12.980872960954533
227 14.925322536027954
228 15.465016506130684
229 16.06342192999149
230 14.576297855299384
231 14.420419037615867
232 16.078938127249433
233 13.859064770284592
234 15.310341526880638
235 14.787815843242617
236 14.402232081402575
237 14.590243857657242
238 13.206922683434339
239 16.361745656171262
240 14.212715348905743
241 15.310724027388027
242 14.14045963854944
243 15.804835459845293
244 15.57179911417155
245 18.723542992820747
246 16.28652560252321
247 14.983288151740059
248 18.760737772587383
249 14.70412041202661
250 12.940184573938332
251 15.002277146551853
252 16.95222527195011
253 10.606912934876926
254 12.766978288180603
255 11.824619788232827
256 12.151176793238179
257 12.897905247746085
258 10.51137572261894
259 15.000488975218932
260 13.372318969879819
261 14.098570047577141
262 13.951505906876006
263 12.397528811844618
264 15.212371010075874
265 16.332903564495375
266 15.80573943870739
267 16.843087686077215
268 15.408630981202336
269 14.461798575544702
270 14.523384067604093
271 15.55257646867282
272 16.407512860534993
273 15.607117844672654
274 14.459137782800148
275 15.007288182399572
276 17.10945757090511
277 15.169225513908534
278 13.335501062539473
279 17.25065358477499
280 17.895042178824614
281 13.105862782938068
282 16.40258041758907
283 21.99890573973196
284 18.083605136281612
285 17.560434000020344
286 16.900632513204076
287 15.715277943770934
288 15.62757558633545
289 12.281885059901086
290 9.926756301884408
291 13.300323115847045
292 14.802725700185059
293 12.67045364315022
294 17.119169356804452
295 15.115580849827664
296 13.443782136872068
297 16.74573275220636
298 15.868349725763377
299 17.335141716820228
300 9.801207841178353
301 13.923779967011859
302 12.645275896781744
303 13.845861621290869
304 16.261558827065144
305 16.456078530736516
306 13.723509977602022
307 15.582297533331783
308 9.77891717620285
309 12.086293942661703
310 14.107057742614067
311 11.100631080736301
312 10.843133355044392
313 12.808302537080152
314 11.983410407126533
315 13.758534370967269
316 15.521245837076059
317 11.33097619361981
318 14.388443571579437
319 18.411655133379
320 18.65120798198577
321 22.92808175807767
322 17.13407926075759
323 17.918574908719062
324 16.163225086792888
325 17.781338298845224
326 17.517221708333928
327 20.74067215515995
328 20.65572901894947
329 18.76917128241999
330 21.193979039815858
331 21.306063386077675
332 21.101244576602372
333 15.239948681421152
334 16.175963981499518
335 15.419873228802409
336 14.107792002340512
337 16.09722265023263
338 18.606674550321824
339 20.604593183334245
340 19.522623143669005
341 18.685828200620705
342 17.66601480562238
343 17.578529517680895
344 17.412994209220816
345 13.727236893418587
346 14.473477411394159
347 18.32047839994238
348 15.794847906410201
349 20.220345901673973
350 17.812463842014736
351 19.615738239819827
352 18.983505637458656
353 15.276731130644396
354 16.537720872788533
355 16.49717257442423
356 16.387568502547424
357 14.132409455003216
358 13.483127403413944
359 15.674586535578966
360 11.926944235401724
361 12.509705823392055
362 12.006087528119249
363 10.94350954196496
364 10.519939667951814
365 12.392278699067905
366 11.333887778180092
367 14.073482400649347
368 10.728498706366812
369 11.73432929081545
370 10.914564777807849
371 9.474267152093995
372 10.759095073608478
373 11.100213328225262
374 14.339420576755977
375 12.43767874399487
376 12.463213938584646
377 9.237929968389489
378 9.06108609563622
379 14.556006321002155
380 16.170904152851673
381 19.43863334779658
382 16.482505067124663
383 14.285904163248944
384 16.97432952740321
385 16.932693889012775
386 15.877250476970117
387 16.374580621318124
388 15.569857578718675
389 16.504698206233975
390 14.84109637586479
391 18.37861400927814
392 17.321839849705288
393 17.505343037147384
394 14.206481042915847
395 16.026904886449334
396 16.30888579887647
397 15.357143775530632
398 14.232809311643182
399 13.859934439043041
400 14.319894175405638
401 13.427919378417217
402 12.458214363569425
403 14.05786245030692
404 17.66003261169688
405 16.96762401538517
406 13.483697449347538
407 14.601926496549462
408 14.404502808291918
409 16.58935819865679
410 16.229994050184633
411 12.963720023140553
412 14.713796864508506
413 13.672061635628106
414 15.100015215579074
415 16.28264553664243
416 15.285694899463754
417 13.835089570370785
418 15.673597825597291
419 14.311881723532098
420 17.202799751339935
421 16.376440872711886
422 14.324871187211919
423 15.154583101573696
424 11.97839644960509
425 15.966321600900477
426 16.33668047331405
427 15.561436632875203
428 13.62666623566239
429 12.814851722161706
430 13.015572305622928
431 14.853752235501016
432 14.95126124146792
433 14.16894851060192
434 17.847492397449354
435 15.735461144313756
436 17.10823276353152
437 13.860865117755644
438 17.40590556842238
439 15.965889110927327
440 12.2164254706146
441 10.863202151780666
442 10.244278722525223
443 10.368008972944207
444 10.202473066397248
445 11.28564347856653
446 10.204598258060743
447 12.911379040533928
448 10.608201082326683
449 12.516417937517563
450 16.52822536844085
451 16.157121673741738
452 10.784868012119817
453 11.091762242618383
454 10.837671349075901
455 14.340043854947094
456 13.1599842663644
457 14.179623646914003
458 10.69918579803061
459 16.601258440643875
460 16.73308578181388
461 11.875644542048814
462 18.036215903985504
463 12.454860414137457
464 10.603836639905674
465 18.34554442764848
466 13.697142279720705
467 15.188323716917798
468 16.35072572294793
469 14.712615784947586
470 15.38436560987943
471 15.015939693457776
472 12.309407010690723
473 15.527000967295349
474 14.832905903270511
475 17.185298287367598
476 14.212838629616334
477 14.965385892067625
478 18.038036998544268
479 14.669080096256652
480 14.365778353331317
481 13.358222119623411
482 15.112208368796871
483 17.77939969335222
484 14.98263454818615
485 13.452033533109779
486 18.68818332088177
487 12.671823401536509
488 14.172138331057395
489 13.625360473299837
490 13.494307532041997
491 14.011998467461128
492 13.210456032850702
493 14.984546988944912
494 16.389179140992724
495 17.628285620166672
496 14.350295953751392
497 13.6960314196106
498 13.526437597648131
499 13.342112519551378
500 13.618110484004347
501 12.356090004389218
502 16.931791059241
503 14.213733173469073
504 14.660445781720238
505 12.192820815642591
506 13.846931410379565
507 14.48650385877522
508 15.067435564490907
509 15.423859416764056
510 13.353803894687841
511 16.91239220529316
512 17.750166432282942
513 14.77663844715388
514 13.676792700820076
515 20.349559106815626
516 12.390632317222703
517 19.18124304691293
518 14.982353164203275
519 14.808796440553472
