0 16.412470358821565
1 16.37329205215627
2 16.37606246295183
3 16.29781447363177
4 15.738159055360816
5 15.876994367005464
6 16.356901841117413
7 16.40615684711433
8 16.544475492480235
9 16.660505594851454
10 15.983005381997204
11 16.14778931340558
12 16.777236385047498
13 16.1748379678725
14 16.685341107863415
15 16.96413950431303
16 16.842273006697287
17 16.514342324164616
18 16.81721703062713
19 15.018888693835152
20 17.12047030667188
21 15.432142819352213
22 17.491729544476996
23 16.003826776027513
24 17.137856680133837
25 16.857003588369576
26 18.183538287215107
27 17.446769551662882
28 17.635834141569923
29 17.426090261247786
30 17.782364962257383
31 17.70106980984215
32 16.767232662293914
33 17.15855317656688
34 18.190961805783957
35 18.213771271971833
36 18.055007078432478
37 18.619121920830512
38 18.043192646132205
39 14.550250335668684
40 18.153338573715114
41 17.024783614811856
42 17.513264243658654
43 17.378078108192565
44 17.655281322622397
45 17.431541878629023
46 17.45740164112749
47 17.546761547329456
48 14.71371200882813
49 18.28329655365194
50 16.18590180178758
51 18.121572681903825
52 18.40632159152598
53 16.74472137092735
54 16.971442987615855
55 18.228879948805787
56 17.6299983606444
57 18.82184202474528
58 17.90178492032629
59 17.412406272803086
60 18.067836561139885
61 16.375430739649193
62 16.86477664418276
63 18.32360242244469
64 17.753113095215795
65 17.509977657713467
66 17.142607407336566
67 15.250347640190919
68 16.85571373359674
69 15.990016171239326
70 16.170418014599132
71 17.802384309273656
72 16.409402520696727
73 18.04994289910641
74 18.083411945239938
75 18.26728807996792
76 17.0408921253598
77 18.18363529629106
78 15.250073774655954
79 17.539277548341015
80 18.224721604991615
81 17.535232680640377
82 17.62749475736195
83 17.768019926286986
84 17.347480542411404
85 18.681344939194954
86 17.780244727265224
87 17.50666947715536
88 15.920878664065663
89 16.92219554408767
90 18.6587720791747
91 18.371081079791335
92 16.720024515720542
93 16.773838169004286
94 18.468591579094156
95 16.794077260866572
96 17.58362530719814
97 18.33893243705381
98 17.605572470852486
99 16.54849835062061
100 16.455461551053332
101 19.003560816770122
102 19.228752287240628
103 18.480659742363887
104 18.828873306820032
105 18.24104050123743
106 18.449305458993834
107 18.642757503909976
108 19.664006839466126
109 17.21429215029501
110 17.733853136728992
111 18.417055402143454
112 17.74874058698896
113 16.869357327220122
114 17.492507682128807
115 16.96756608998943
116 17.194450699919894
117 16.903079697825795
118 17.850116648851916
119 18.52595218439613
120 18.34547681546997
121 17.70943584237232
122 18.58055932987437
123 16.553105833354298
124 16.21573898181694
125 16.77611938144657
126 17.94335450318985
127 17.99178186762255
128 17.41277142465077
129 17.3270920715496
130 16.69293757219398
131 17.41764330131054
132 16.395215511109967
133 16.520946755748106
134 16.83555845013527
135 16.50928240275989
136 16.620220735783473
137 17.684593375256387
138 17.634514503776582
139 17.18823847412756
140 18.016814559339387
141 18.096306546567536
142 18.189991888313685
143 18.817320765323565
144 18.96176898538782
145 18.455852505104918
146 16.83776770338377
147 16.8279300663036
148 18.449000587959265
149 17.162084016343158
150 15.318180158077936
151 18.077369470980493
152 16.774314125500638
153 16.62127971474661
154 15.479099613936029
155 16.58454103918516
156 17.46778615498166
157 16.333055313427245
158 16.81975351798844
159 16.970435249505865
160 17.677019046560332
161 17.439015763801237
162 15.526166061671853
163 15.793775351035702
164 17.485269675265968
165 17.263474808633138
166 16.566138681701307
167 18.234422559532625
168 17.28583639261499
169 18.776900745505234
170 17.37598736056968
171 17.6316381564272
172 17.219717111247157
173 17.193360749171642
174 15.489810963361592
175 17.07541592496455
176 16.911668646565413
177 14.883441741900691
178 14.990317043748991
179 14.165258805434256
180 15.620982207134851
181 15.033950245033349
182 16.445006719060036
183 15.44807794806738
184 16.52418492802217
185 15.508970375829346
186 16.290903648058297
187 17.664006959637476
188 16.55601655055841
189 17.678245112468502
190 18.020044579398967
191 17.317472002159995
192 16.794537637196832
193 17.22327948755061
194 17.440901214834764
195 17.154696724298752
196 16.073763700252396
197 17.802585245712343
198 18.051244447135694
199 16.71322378705155
200 16.988458975284644
201 15.586287446004684
202 16.679486757879726
203 17.613344362135425
204 17.140066358583226
205 18.47320810141259
206 16.812240749233503
207 16.575590243429033
208 16.354345102537078
209 18.02082863165152
210 18.294951496226734
211 17.375262119494312
212 16.908156235809155
213 16.796411932672715
214 16.765359338863224
215 17.62988014246887
216 18.02146367420449
217 17.118742770820987
218 17.018949019902855
219 17.23066297859088
220 17.863140968532353
221 16.90898007684196
222 16.567997457793144
223 17.077412633493868
224 17.601322075685523
225 16.86668491306803
226 17.496566504941303
227 16.808947689624205
228 17.26115141187956
229 18.607086192945104
230 17.359174581005977
231 17.718375632026966
232 15.531082098403374
233 16.695033730443757
234 16.64885428317732
235 15.944967168623593
236 16.975087566745124
237 17.729274991836427
238 16.051471733713058
239 17.085897280946497
240 18.2069772666928
241 17.226543651434472
242 17.19201480686026
243 17.320015581652854
244 18.043830865426226
245 17.25360798037834
246 16.620505515044268
247 19.441301358447543
248 16.51371530444284
249 18.32942243464543
250 18.040786448337492
251 16.947819371252915
252 17.518134647378133
253 16.845125520780297
254 16.22717325124953
255 17.199993522030294
256 17.173868209435547
257 17.167654743051823
258 15.264671014456509
259 17.408756804430904
260 17.53565315303507
261 17.791822484864777
262 16.585449413856598
263 17.794100856143785
264 17.014438598193088
265 17.125587204890525
266 17.94173959443166
267 18.722305883189268
268 17.506460918211523
269 17.587552332134603
270 16.879094916359126
271 17.279828708330935
272 17.035810523465003
273 17.30246146788658
274 17.59319150814633
275 16.468254262362173
276 17.750527949855126
277 17.8315865956264
278 16.77793605961693
279 18.01014089190645
280 16.761788915766914
281 17.321244808667
282 17.562179640560945
283 16.49604957387279
284 16.710694322382636
285 17.466688002530528
286 18.025062106121887
287 16.890139483471124
288 17.57426714533272
289 17.069945111362962
290 17.58763801316646
291 16.411179368815645
292 17.510527506147042
293 16.068862337448632
294 15.366509464764684
295 16.2877160557926
296 16.048682277388018
297 17.371137106757637
298 15.048375787895722
299 15.645433703452374
300 15.929013647919254
301 16.122149959269343
302 16.34728362546661
303 15.880453603422518
304 16.320932911777916
305 17.36776004447199
306 17.16565003361602
307 16.59008845827466
308 16.80635070253711
309 16.085560723291813
310 15.881447718828294
311 16.02667750396806
312 16.733034592763936
313 16.050977705780483
314 16.677820927617155
315 16.711298552039477
316 15.579014772912203
317 14.06135189479617
318 12.81739171430149
319 16.718682119629733
320 17.704374651943933
321 17.589632878902997
322 14.160195339326618
323 16.21729660865951
324 15.805443050225907
325 16.607699545821674
326 17.2296009920001
327 15.967057117237736
328 17.99835019140806
329 16.082213565519066
330 15.663890174922088
331 16.33666481366496
332 15.384818397117273
333 14.0316630104312
334 13.459345382606331
335 15.383330667653919
336 14.118394783761556
337 14.146126676927645
338 16.780942358047927
339 16.775725937467637
340 16.91249673694919
341 15.695930333648839
342 18.553442292961805
343 15.523652703654983
344 17.541121999418124
345 17.817395207252705
346 17.13871167798424
347 16.18175334980625
348 16.354431688189514
349 17.273967086005523
350 19.88102932604296
351 17.622070885623323
352 18.45949115003372
353 16.05691203818188
354 17.027809103039893
355 17.802748831154062
356 18.197019504985228
357 17.671349371001583
358 16.526674398748504
359 16.29665133121885
360 15.28767532318332
361 17.049443443648652
362 16.186637045551194
363 16.544855292596512
364 16.351664407142934
365 18.06733172879341
366 13.890199680023631
367 15.768994203471763
368 13.945750152492234
369 15.040800206312746
370 17.616281058838364
371 16.57895289410419
372 16.97524024443023
373 17.998854041139705
374 15.136808773694328
375 17.039312100339835
376 18.537358045920325
377 16.59831530235001
378 17.490522511200563
379 18.369050831209435
380 17.32938044513434
381 16.20599873590929
382 14.846589988214069
383 16.134649593779034
384 15.529656629495989
385 17.863084405179965
386 16.916105845408083
387 16.353011733911256
388 19.35630662890384
389 17.678418265491043
390 18.583148434358524
391 16.235261894955443
392 17.837059970474012
393 17.226258319902687
394 17.282234114730198
395 19.58375798114524
396 17.69308576314161
397 17.13775719347869
398 17.780232960785778
399 15.175347657670928
400 17.63927867098605
401 17.45602866104124
402 17.184368418489793
403 17.201121591275147
404 17.323145028593096
405 19.24697017439615
406 17.622965109657624
407 17.056859111519852
408 17.431165929052785
409 16.93156254089674
410 18.728851753314498
411 17.27854665985
412 17.536040164352983
413 17.79190735711619
414 17.530546635939174
415 18.413461526658942
416 17.443316654718004
417 17.4759117394776
418 16.801922731429418
419 16.954423965219593
420 16.300892264857772
421 15.511984977627554
422 17.246098934086305
423 17.04116499481494
424 16.39172377319267
425 16.26270114733955
426 17.40609937707103
427 14.550844053845301
428 17.171706304357762
429 16.748114436721004
430 17.762990265912688
431 18.09259625094942
432 18.081264693247764
433 18.791955580922775
434 14.853133342256454
435 14.348976815146203
436 15.812097243425564
437 16.945727743280425
438 16.457026178094733
439 17.117843655545787
440 17.195167355086443
441 17.97070058396133
442 17.24631881485058
443 17.446417635140836
444 17.03411466624812
445 16.176795591754534
446 16.954073855503843
447 15.797761064022636
448 17.571652820076928
449 17.71255918259672
450 18.378781311480626
451 17.06570664291396
452 18.37062309817027
453 16.917823383994232
454 17.14238272184178
455 17.234195511544172
456 17.706220240367553
457 16.39104646385893
458 17.23653832613922
459 18.465487112662224
460 16.453817850532175
461 18.229427165462305
462 17.559838063307588
463 15.05181977630584
464 12.947429954935274
465 16.522311222762113
466 13.045692394193066
467 12.7587429499573
468 12.586366789775504
469 12.075561885842907
470 13.663497003695095
471 12.918549187522451
472 14.762912640446448
473 17.518526664088185
474 17.000249080551065
475 16.783190775717753
476 16.73828960475385
477 15.949070072225897
478 17.997578917201093
479 17.07473359020807
480 18.83643268777947
481 16.721464377991403
482 16.043096988713376
483 18.46289437818329
484 15.426697062314402
485 12.535127740812563
486 13.974993584485667
487 17.342846976845955
488 17.97926058779416
489 17.874686927236066
490 17.574144550933983
491 16.842054977883155
492 16.0179678947
493 16.169813125540124
494 18.741692682656616
495 16.920521580024424
496 14.03119205011828
497 17.582707233455483
498 14.259959811478017
499 16.52752828953661
500 14.654957288287992
501 17.089951160893452
502 17.72544429368017
503 16.97488635446893
504 16.257335025273484
505 16.485510622666627
506 16.760073496070465
507 17.421690323645784
508 18.416827391613108
509 16.423769121270887
510 16.797968792442763
511 17.358870045964174
512 16.39695822393821
513 16.86884061808296
514 16.96696493931648
515 16.481988630715595
516 15.366307707750508
517 15.226520521935393
518 12.217764970869558
519 12.9605556379646
