0 2.545326935568855
1 2.571901782019273
2 2.6620478230805515
3 2.563589306358457
4 2.7126380622684283
5 2.5846790352910016
6 2.776095084531325
7 2.5792567367663444
8 2.696203344876534
9 2.557198350302239
10 2.6085581604808854
11 2.4860713994871966
12 2.744511814997005
13 2.657569406583093
14 2.661807721785228
15 2.4897606927261346
16 2.7550519464886842
17 2.7999000503989877
18 2.739789527725889
19 2.568221219504968
20 2.614418932575048
21 2.560271125836334
22 2.6033154120337025
23 2.5960523039225247
24 2.516134913159624
25 2.5459017936779276
26 2.6123429525801374
27 2.675845288895536
28 2.861773758327475
29 2.472415120429377
30 2.5552847438361534
31 2.6379390743186044
32 2.596809517947169
33 2.524555110529302
34 2.75322320066772
35 2.590531103502502
36 2.713092338457555
37 2.6146358113731596
38 2.6384418058961776
39 2.6366190453371785
40 2.7441404727553627
41 2.7545932989773685
42 2.7176862378640196
43 2.7685965457135406
44 4.059487224870545
45 2.7470847923460795
46 2.8037206802978285
47 2.6241287675751344
48 2.698313838189885
49 3.8194319981765283
50 3.6445042155140777
51 4.005344944396072
52 3.4496930028312396
53 2.694276792816981
54 3.287236225460874
55 2.6075993638271364
56 2.6095664061026933
57 2.8105752351659286
58 2.5734104933196935
59 2.566786795375268
60 2.5722719080714835
61 2.5074528522475887
62 2.6964447168119245
63 2.6470908067667565
64 2.6214001050104394
65 2.8129240810843377
66 2.6141205690489637
67 2.7160045798513868
68 2.6268638901054127
69 2.570576688863257
70 2.7494025617569053
71 2.4890061433701876
72 2.7445347985418476
73 2.9058191187041476
74 2.6210956861246335
75 2.837446478077463
76 2.702275665828552
77 2.7888670330310616
78 2.674314387797931
79 2.631050700833087
80 2.849986297769826
81 2.5767217389162993
82 2.621889500310623
83 2.697755421608834
84 2.6672574030879383
85 2.487071554743059
86 2.834797326174104
87 2.8118938835747773
88 2.5970665856592543
89 2.624057776395597
90 2.663278494287261
91 2.581190170839272
92 2.6186801715665258
93 2.6230305102639577
94 2.768988000384367
95 2.6294263159460494
96 2.8851903812666406
97 2.729524851660349
98 2.8032332581489463
99 2.657185162040386
100 2.5881865805951527
101 2.587118880142156
102 2.6211887002796037
103 2.545580528869262
104 2.5334692143032465
105 2.6562066271552154
106 2.720074964349412
107 2.731676922932489
108 2.6046356075078383
109 2.6561291938349485
110 2.6446019797179843
111 2.6734474149844627
112 2.500851774113156
113 2.539121907303893
114 2.6842596076426095
115 2.524435971914417
116 2.6718492324473253
117 2.732615472743918
118 2.5987249662213405
119 2.6220248906230688
120 2.566958692480769
121 2.741999234336366
122 2.7007920895331647
123 2.772885779281772
124 2.6422254291670773
125 2.727612574559184
126 2.629012284500134
127 2.501314254824589
128 2.7448749947830215
129 2.635312489531934
130 2.458140701456473
131 2.5255864078707138
132 2.883214557837494
133 2.785106152003803
134 2.593776678713182
135 2.8624130744188823
136 2.9246187326447033
137 2.696582168254689
138 3.146870274606992
139 2.7570482034056325
140 2.7226413509754517
141 2.7023556097383423
142 4.05983617089421
143 5.0017418454326545
144 3.6283501944807544
145 3.8647050883180296
146 3.8270537678559227
147 3.4769897599295825
148 3.6535888003665797
149 3.2165221046220163
150 4.1585604514364345
151 6.610987513970835
152 6.697414462998978
153 7.212693994631252
154 6.106916372509758
155 6.432684583255013
156 7.2247964561664135
157 7.061971931913115
158 7.155598891529636
159 5.929831814936815
160 5.5233748145772195
161 6.122994575313329
162 7.104442427234467
163 6.139261591078316
164 5.907228777883087
165 6.827649838741883
166 6.609680470892911
167 3.933720945735339
168 3.735032322490061
169 2.7015737200065875
170 2.596790020966925
171 2.6465140035994184
172 2.5051281765418842
173 2.5885604120940524
174 2.855316190206474
175 2.5405141668392224
176 2.590270423742935
177 2.5653181103978286
178 2.5962542359829808
179 2.832829866935269
180 2.6443395284769884
181 2.649545349628572
182 2.6476845840266447
183 2.527766900587551
184 2.5754641826027775
185 2.877000324714614
186 2.5576361607827742
187 2.650965010798516
188 2.811584853711895
189 2.509948674918867
190 2.647365496750989
191 2.659056624942913
192 2.6190434291538076
193 2.6251871732348926
194 2.7132598969027475
195 2.6293651426270426
196 2.9062433077210756
197 2.569705398968454
198 2.4925040075740785
199 2.666214831080801
200 2.7374077965353534
201 2.694048451865408
202 2.6880795254278618
203 2.6354217471693833
204 2.699913082876119
205 2.5627395913180626
206 2.5597866925396557
207 2.767167746423711
208 2.5933116186942593
209 2.486102207674915
210 2.565441227333066
211 2.6914969323489526
212 2.585503238073324
213 2.703513358924381
214 4.239736681745455
215 2.6316391018651655
216 2.6569166277941263
217 2.534732097777286
218 2.532690258915984
219 2.4922753926954364
220 2.7454363202813727
221 2.471733255610802
222 2.5310590280225096
223 2.6812042167636214
224 2.5499994211562775
225 2.6623374405043934
226 2.6430606460738177
227 2.8612370394952333
228 2.598181664802252
229 2.5197966243813124
230 2.548216715490527
231 2.626587313088551
232 2.76214673068435
233 2.59312489575322
234 2.7103941775678875
235 2.5821030557756957
236 2.8190264978794137
237 2.64301161832774
238 2.572710381603582
239 2.5135010488210305
240 2.6532022996914058
241 2.7259194009096914
242 2.4665287544604313
243 2.6338502717644667
244 5.558393845324971
245 6.128935045928943
246 7.044066661273022
247 7.560415248342674
248 6.654185005848813
249 5.765225652050999
250 7.995940601316892
251 7.213982661571269
252 7.069328466677748
253 6.2873506096094545
254 7.259595153379716
255 6.730462307314434
256 5.174999822212444
257 6.177922524072374
258 5.646264437109031
259 6.563002693408197
260 5.79825089900508
261 7.187374485297652
262 5.382907487780976
263 7.6391245372694625
264 5.930214344856873
265 6.704931305452555
266 5.4787366438114695
267 6.020149964893841
268 6.888904169724775
269 6.136842831612431
270 7.7299287243649255
271 6.792672996249269
272 2.631895189708781
273 2.692898812147272
274 2.7194834107650276
275 2.7645694264929626
276 3.4165306405792886
277 3.276843362383785
278 4.063396089416183
279 3.3371365691111716
280 7.571167738355068
281 6.00570618873862
282 5.689709156173041
283 6.3590015941184515
284 3.6637462495486757
285 3.120753991806235
286 3.770340676082686
287 3.41646426790905
288 3.313893747044518
289 3.3088024319176097
290 3.1262279193871274
291 2.6977815411616297
292 3.689300631404415
293 3.357639512882397
294 5.890704712685164
295 7.157782937366695
296 3.605708832171078
297 3.830553944911922
298 3.4604654170107763
299 7.252087099126352
300 7.505295644867514
301 6.02559244139009
302 4.520854162906652
303 6.8320608942902705
304 7.2040388955693295
305 5.309533240318635
306 5.889086179757185
307 6.334726165057935
308 5.734361699835425
309 5.575165043403893
310 6.7411444049068665
311 6.230508430243519
312 6.621217247749208
313 4.8255263819047
314 6.846535652326843
315 6.893536052145756
316 7.128785358989129
317 6.811680784719173
318 5.846676447156748
319 6.374722482071029
320 6.765322120026753
321 6.340306959657113
322 7.398541412309608
323 6.205240588123682
324 6.490480966105292
325 6.588536184021527
326 6.976460240492381
327 6.278555290637251
328 5.458615499341278
329 5.196849437162675
330 6.966436390233968
331 6.420095504079791
332 6.884898392943741
333 6.308183908185358
334 6.898839920911032
335 6.8487846858238655
336 7.431287682394965
337 7.132241688787766
338 7.25294682307134
339 7.339039019920101
340 6.552902814143354
341 6.333302954566629
342 6.955757489239623
343 7.473164906159773
344 6.7687878257174035
345 6.6399189151774305
346 6.7804871643025715
347 2.5867104825747207
348 2.556735861541275
349 2.609803052074326
350 2.52792983975106
351 2.642334618171301
352 2.62516002172112
353 2.5712068044740897
354 2.783919926621985
355 2.5465812800478864
356 2.6474090496185276
357 2.5343315867866454
358 2.7313733020222783
359 2.610798213678069
360 2.589908167963977
361 2.6374860742519832
362 2.5206550717094
363 2.618997535930846
364 2.532413086005005
365 2.658149074679036
366 2.521486355809079
367 2.6795506953075567
368 2.6925528810227277
369 2.5567837100666666
370 2.640322857241947
371 2.6029449207572695
372 2.6727677344071266
373 2.506941995099212
374 2.6776475553830252
375 2.5341277324359583
376 2.698463843943823
377 2.6201464538502806
378 2.532974041569434
379 2.6186401507381043
380 2.612367000059469
381 2.6926079840120942
382 2.598623492638536
383 2.5773252880045865
384 2.6675519430580814
385 3.475696937848001
386 2.5550132565324106
387 2.5775096911048645
388 2.718710539346364
389 2.5739385001298425
390 4.323303008724035
391 4.11015786548627
392 3.621864817149358
393 6.482043966053703
394 4.4927642802229535
395 3.8460736209806954
396 4.594199317589403
397 3.8150594045544843
398 4.017535555708826
399 3.909809891008151
400 3.942497297608138
401 3.867646828374612
402 3.954460834680863
403 3.8838409866208914
404 3.971678759689642
405 3.8482287732344096
406 6.003997121931858
407 2.8762601209613607
408 2.6561171080715678
409 2.5406532826569186
410 3.656767720489534
411 3.7875042911567935
412 3.3461606335093044
413 4.1358602183520645
414 4.244146180988368
415 3.770987025255227
416 3.503726039782324
417 3.6598305157752287
418 3.451420446510027
419 3.6839655413077854
420 3.866932270992898
421 3.332625110010863
422 3.65683353588673
423 3.63826515757283
424 4.054907799247866
425 3.768463266128014
426 4.166061125125879
427 4.183321112716873
428 3.9017623802459607
429 3.2476921601954594
430 3.3163267761244253
431 3.9398527799424596
432 3.546585734740662
433 2.5917268317096163
434 2.6981353204549996
435 3.2551172213596713
436 3.662702829446023
437 3.989148697710868
438 4.59632346224152
439 3.368646165391142
440 3.0940364245903162
441 3.6509334468532884
442 4.046444821347246
443 2.5785714471183208
444 2.8793271131828853
445 2.8437391436901884
446 2.7426607531582907
447 2.532954082859314
448 2.5951798943061486
449 2.7475951435622328
450 2.535381684354949
451 3.7339529932588267
452 3.8833224239079813
453 3.591115667491106
454 2.6825534889230274
455 2.6667106460466443
456 2.642983152454192
457 2.6158980434922254
458 2.6975884542095976
459 2.7421884897887576
460 2.650872953370773
461 2.7418878809826075
462 2.6951051604786156
463 2.5540439912434802
464 2.584575961673153
465 2.8799064087104194
466 2.616600948217827
467 2.6242001059657687
468 2.770103456368217
469 2.6225437749141065
470 2.656626191389815
471 2.772822372549232
472 5.112017508405582
473 6.868793976960452
474 4.6139297469806735
475 6.421095180304416
476 4.726596842332062
477 5.967991711181935
478 5.8769080288050155
479 6.224632774877842
480 4.172749708645009
481 6.2088225418604965
482 7.200643327439703
483 2.7562306882371446
484 2.6133218355254293
485 2.6819600074308765
486 2.5411736818186617
487 2.5139282587442064
488 2.81240579690569
489 2.8011637192617664
490 2.7442688140415528
491 4.557613784896637
492 3.048169026814844
493 3.250672243530789
494 2.6593047042092284
495 2.569191364836022
496 2.6217008136726796
497 2.6039859762577917
498 2.896536051170857
499 2.5442925800061156
500 2.601831909764937
501 2.5262599169018425
502 2.5896983209490947
503 2.7033388160199587
504 2.6385775476154207
505 2.7135880829545815
506 2.848774439344402
507 2.5747106201865555
508 2.6076995288914464
509 2.6890393821032412
510 2.4752909776223855
511 2.6615990780641248
512 2.755956332724128
513 2.671987343744952
514 2.5443170600148255
515 2.5094038029468075
516 2.629044395605883
517 2.6954984665792576
518 2.654694565084784
519 2.620073457245622
