0 4.4680527302277975
1 4.449412704228669
2 4.421148601235422
3 4.242980858867998
4 4.234281235743773
5 4.17195444274452
6 3.868440117829033
7 3.9954748020625845
8 3.8735203659345627
9 3.933114651252545
10 3.941295263125913
11 3.984853274480298
12 3.7199954563431787
13 4.216590710723524
14 3.3894821169059446
15 3.8578468629780245
16 3.3734746946995733
17 3.873435617267002
18 4.561143517304508
19 4.277468490419468
20 5.667536195518943
21 5.372422611306658
22 3.126123498968885
23 2.8714999199156175
24 2.891823710996256
25 2.7772685276728746
26 2.949051946879744
27 2.7007932832920387
28 3.118770272031524
29 2.700104524563232
30 2.7132270603967754
31 2.7854805909915186
32 2.856687544145696
33 2.8553738814557263
34 2.862823637020996
35 2.779222338144174
36 2.8247001027295924
37 2.7579712119896755
38 3.5745085022111054
39 4.789023842724213
40 3.490518055732981
41 4.370111462804798
42 4.916307436195434
43 3.434437066464494
44 2.7266371599981896
45 3.168347637937149
46 4.297939302607349
47 2.996624314625367
48 5.456896944171998
49 4.194838809446039
50 5.05066590789586
51 4.565611838731081
52 5.448532432766855
53 4.5482482417530425
54 5.047718474360906
55 3.850091709563862
56 4.326745930058988
57 2.910728988964743
58 2.6488084304930015
59 3.4029668587484516
60 4.492181637331728
61 4.782651841805512
62 4.133727240929493
63 3.4812688494258
64 4.865362593798327
65 4.587941997294234
66 4.420506501967932
67 3.655313088589356
68 3.1575631494015606
69 2.706780159832869
70 4.116927639017132
71 2.8554272044787363
72 2.7271742631789038
73 2.8013533982596237
74 2.712123142024914
75 2.6816842556059
76 4.028350860962579
77 4.446044570014991
78 5.012222066202323
79 3.019919883291824
80 2.7868738318839945
81 2.7811356144942434
82 2.848434658779802
83 2.9842373145464514
84 3.1406137415090685
85 2.651496536756661
86 3.056537571911717
87 2.8114618003263243
88 5.0022738821912665
89 2.879552265391499
90 2.69741209135604
91 3.365800942516339
92 2.8286998451496275
93 4.196136697447073
94 3.3088498971279523
95 2.885441720787748
96 2.9386986097321546
97 2.672734073912581
98 2.715565356519029
99 2.787488952536493
100 2.687072152534241
101 2.8199060125082966
102 2.931749315250474
103 2.7677597095358624
104 2.9932227674164893
105 2.7893388384119455
106 2.74279076881985
107 2.963751219802099
108 2.845866891592666
109 2.8706596520183107
110 2.998895142557891
111 2.6106917387752966
112 2.8444092736653874
113 2.6934550575311618
114 2.8704349429299953
115 4.0450589303713755
116 3.9140705569286243
117 2.9439164898753645
118 2.694807319925384
119 2.7833652039853436
120 2.657097197004492
121 2.7578192699884565
122 2.708370010393383
123 2.950314446437007
124 5.236307389168486
125 4.758406376726677
126 2.618768208869374
127 2.7708886969902116
128 2.602506580625389
129 3.8714632613086097
130 2.974269330537553
131 2.7988225787028
132 4.787284744478126
133 5.144250364564367
134 4.734202249851986
135 3.1310275992215835
136 2.8515578441979144
137 3.971353519123588
138 2.782790392864789
139 2.7133410575735666
140 2.78858524126943
141 2.9037427652426753
142 2.6831636239096883
143 2.7069916656843485
144 2.6755410616152973
145 2.7797110742381266
146 2.6246026437577457
147 2.882631734939296
148 4.981985856975603
149 2.626381230205905
150 2.7487914571862677
151 4.323794528184423
152 2.6661480888190847
153 4.359481377900319
154 5.917130097889498
155 6.729896468071916
156 5.119020940686054
157 3.7513168565292183
158 5.764420668784566
159 3.2369223891225567
160 4.160860023823185
161 4.027703368331533
162 3.8696184901649535
163 3.8510702301200745
164 3.932907626200729
165 3.5440596248719176
166 5.405318883860977
167 4.934257860954052
168 2.8360496729776723
169 2.7218780143270855
170 5.052784168616661
171 2.675038475449152
172 4.287981558238719
173 4.219061311724483
174 2.689497308684272
175 5.1039730257291955
176 2.8384171636319233
177 2.6376318276063775
178 2.861072574261563
179 2.8458115176274426
180 2.678368102606049
181 2.732847443466594
182 2.860927440299649
183 2.704509241333242
184 2.7843730806330367
185 2.756954735449747
186 2.6779378893890993
187 2.968546464522564
188 2.880116808788962
189 3.635068541234387
190 4.319402439714888
191 5.282119433822605
192 5.40986740066119
193 2.9304252859334623
194 2.6966015568281136
195 2.671580913525426
196 2.632730778555255
197 2.7167696028828607
198 2.6564096812567626
199 2.9392977140913468
200 2.717078179451346
201 2.8710911824391703
202 4.580548170842097
203 5.485489978991431
204 4.061543837336648
205 2.6754500208433676
206 2.8055652316383384
207 2.871122272629695
208 2.7911734746367376
209 2.7415044323715585
210 2.6720478281912223
211 2.7343262940887887
212 3.0685908131969746
213 2.983378421275467
214 4.128271582674336
215 2.8081560068663527
216 2.693703674523117
217 2.7733048086634913
218 2.7762491728767835
219 2.814686428916943
220 2.651371886123707
221 2.9936818706526718
222 2.727241189807366
223 2.6370143563421538
224 2.8934927322900577
225 4.220582590623522
226 5.987136654715925
227 5.649558811788918
228 2.8738242147341255
229 2.8354805995176458
230 5.011749542101831
231 2.85976099503987
232 2.6762786689385507
233 2.7048410384509647
234 2.8765545992931756
235 2.573585447477046
236 2.8469598267415166
237 2.968926932042637
238 2.6018029744900657
239 2.8816840917970032
240 4.535444360575971
241 4.735339242502597
242 4.818156357203612
243 4.163655041004081
244 2.827237407732022
245 4.507042535684901
246 2.5746462242200154
247 2.7573187843530698
248 2.876814705993308
249 2.6847036488582616
250 2.917193259050685
251 2.785307190065205
252 2.7899784406654153
253 2.949575014088865
254 2.7309325959713457
255 2.85471163413593
256 3.551712667260871
257 2.722573886348112
258 2.992785569336323
259 2.711456684419144
260 2.8192194811310385
261 2.9364104851825825
262 2.68775390476271
263 2.6375243752763513
264 2.74782270659968
265 2.9926316263523898
266 3.0322767337289807
267 2.7725696035359375
268 2.984357632731159
269 2.89680320633573
270 2.818580430567808
271 2.6843312825882717
272 2.7097835200702374
273 2.7944742162543164
274 2.886249652843504
275 2.910436522466162
276 2.945595881308914
277 2.6570107907652707
278 2.722212803189704
279 3.01998658661598
280 2.928280678684936
281 2.705706380880645
282 2.757127206031696
283 3.1139626181425797
284 2.7697725311822325
285 2.851575327630818
286 3.1955628370490112
287 2.7851805014780924
288 2.784017332414798
289 2.748588140626604
290 2.7887840402412194
291 2.6683378685131496
292 2.790620040877285
293 2.960293802967013
294 2.7377435138898365
295 2.9334665874345585
296 2.8440458167122866
297 3.064010901307312
298 2.838443311043715
299 2.864454086745661
300 2.9489682516695037
301 2.7928123911111693
302 2.9296871076052127
303 2.71761111194325
304 2.9808097226566637
305 2.7314485094886214
306 2.8082079492074246
307 2.8859710125852702
308 2.9063746086141213
309 3.02834228643677
310 2.861561732646573
311 2.8907967236988683
312 2.9243915966901497
313 2.9836352174287946
314 2.7794917848054674
315 5.371327341126796
316 5.11474602610833
317 3.008155748335552
318 6.809734969058477
319 2.8043271104335257
320 2.8632650879215924
321 2.7390981419732947
322 5.372433803640548
323 3.179121745982559
324 3.699495807062632
325 3.4368225902440304
326 5.41820927660852
327 5.233888118137463
328 2.8089923641602623
329 2.9408394833887623
330 2.703338871190333
331 2.749315705764601
332 2.6907537189537516
333 3.8720599185200286
334 4.2986590801622295
335 3.5891161179569786
336 4.495225102348905
337 3.9058519697478893
338 2.749955240302497
339 2.9274599235568286
340 2.73901260026339
341 2.871124189869911
342 4.546045142913362
343 4.630371212920225
344 2.969210117511325
345 2.706334248014703
346 2.6244871241293453
347 2.6934358582518554
348 2.8165184685442837
349 2.9497296526577914
350 2.8102924863365195
351 2.7332931770760505
352 2.8672989545968797
353 2.746054088300475
354 2.7566923846804436
355 2.8229205961080592
356 2.887807968170356
357 3.854504431830804
358 3.4589857345839152
359 6.029113591384869
360 4.989499758497823
361 4.267826018893496
362 2.7145941253444925
363 2.7772427463082936
364 2.77500688148049
365 2.815477193154388
366 4.5220919222359
367 3.915383891665058
368 6.746479096614302
369 4.0542621197039646
370 4.529115300501655
371 5.128028860607459
372 2.7384871536071316
373 2.8602193972178998
374 5.273974496653138
375 5.109495929893117
376 5.928533126002637
377 2.642738158154808
378 2.7524795032042473
379 2.9059946199540208
380 7.011504239512479
381 4.82482766006395
382 6.775551564223233
383 5.261789765250643
384 6.249929956396887
385 4.3832574998084874
386 6.450002070953103
387 7.179894101015601
388 2.7983601087280365
389 5.806769145111459
390 6.882163480786626
391 7.360123496771961
392 4.916349475193732
393 6.909513470512752
394 5.111820496602722
395 3.033416472575289
396 2.8250525976116014
397 2.926037548204923
398 2.749527661558286
399 3.0572620737021627
400 2.7984505858349342
401 2.6776048737752025
402 2.666899206576357
403 3.007570750602783
404 2.7830491610950094
405 2.6366009551147997
406 2.7491830617886723
407 2.8092787497134966
408 2.6582022097241063
409 2.8527502894543244
410 2.7758374977228955
411 2.6942763798662397
412 2.7543293407466036
413 2.904627811074091
414 2.64250160635096
415 2.7312817554579727
416 2.747848644971541
417 2.845870403859637
418 5.239624307740334
419 6.085728982116461
420 4.650783643849841
421 6.708493454019526
422 5.6435581399944015
423 4.704091312241695
424 4.189563860140451
425 5.302909047686663
426 5.924858779849149
427 6.9601679923231385
428 4.757990553195491
429 4.457512382103784
430 5.232553199146164
431 3.680361138706984
432 4.225648948617388
433 5.060786431090078
434 6.1150615679197475
435 6.543756113424028
436 7.02718757194505
437 4.901888394784892
438 4.981694757376904
439 5.026047781354765
440 4.5627737612961115
441 4.192689760353633
442 4.298200203809486
443 3.686010673967606
444 4.678934442667291
445 6.108141246157154
446 3.4314912831207214
447 3.935132506169935
448 3.676183305421264
449 3.743947716057559
450 4.769722472248975
451 3.6610619546794054
452 3.7265797901846027
453 3.75723997339469
454 2.6309882701481686
455 2.6769967422538463
456 2.860011732168114
457 4.818591565156833
458 3.854669931461395
459 2.887967396921731
460 2.7225663991446303
461 2.8263489207549553
462 3.0514186399719683
463 5.445070526716829
464 6.20877998736998
465 6.241541952439006
466 4.845588845918351
467 6.712236717716362
468 5.497185265718496
469 4.843785003174435
470 4.230150826249905
471 6.190995140978542
472 4.825141696729403
473 2.8684420909063144
474 5.041183059200858
475 4.686963768930804
476 3.227955450030971
477 4.224157133697416
478 4.17159542465562
479 5.556707781263007
480 4.152276189105162
481 2.834203164734329
482 4.7574994904661425
483 3.590131251485678
484 5.279708961997004
485 7.385091790463508
486 4.5767289748390025
487 2.8788165986217624
488 2.667806782333597
489 2.665456107877553
490 2.7178936606166806
491 2.748866418183265
492 4.664190974747938
493 4.662920936477651
494 4.022298702593534
495 3.481918520860054
496 6.155467517109591
497 5.0198390991574735
498 6.71874857745362
499 5.035749463501342
500 6.948006227884664
501 2.7517068748617124
502 2.7776444410451275
503 2.7357297489394923
504 2.889048526934423
505 2.8044481858481363
506 2.6317354819425454
507 2.8145614554583185
508 2.73325916058196
509 2.58009520037418
510 2.8347148720874986
511 4.089358229250229
512 2.7426165490943655
513 2.767468338136136
514 2.8569394724678814
515 2.7930824279478026
516 2.78806633087722
517 6.010626284172995
518 7.5086505895851605
519 8.177385185429742
