0 3.187493036997971
1 3.034968474590344
2 3.0366559121754806
3 3.4690400624006306
4 2.842354753440938
5 2.9809703358802766
6 3.1607885824342294
7 3.1555246818596085
8 3.112786624787777
9 2.72975670795272
10 3.4623954117217175
11 2.947224193357954
12 2.768779399807816
13 2.956652736341442
14 2.884103093407534
15 3.4717068852827504
16 3.2241978026173985
17 3.24705186902245
18 3.005239269313666
19 3.0122009389812994
20 7.412041247357113
21 7.263555979582044
22 7.085448612159449
23 7.402013442831725
24 8.952138777170623
25 4.6849081865564495
26 5.770670830196272
27 7.22073089503376
28 7.267397161660256
29 7.222158087147968
30 6.066278543879577
31 7.78064000694954
32 8.121755614896138
33 7.314058262973413
34 8.766421596845227
35 8.149457114735993
36 5.873322776945813
37 9.616979477028545
38 9.030937369001885
39 8.9049688774195
40 8.434189699328273
41 6.7565154600611415
42 6.121126317295185
43 7.091182871012593
44 11.392574068408239
45 8.112082067144362
46 9.874908795016342
47 7.742265832029031
48 8.362765249165049
49 8.076568641761767
50 7.649521562316525
51 7.29499072861945
52 6.395241677383152
53 8.247370362755776
54 7.1119747729006155
55 8.658861253279044
56 8.526566861215548
57 6.786171478978057
58 5.89380552552638
59 5.928405430075657
60 4.051047522418223
61 6.336232440150172
62 7.005723161308429
63 7.507567293033331
64 5.976084105074303
65 7.268009358894178
66 6.428205517538577
67 8.398319504549164
68 9.567424947179942
69 8.6966998024757
70 10.388032121418057
71 9.3420800613981
72 9.213322709049717
73 6.958235368850802
74 8.289606144541185
75 9.169215896641036
76 8.479684516878054
77 10.44369640904574
78 9.866232433160638
79 7.826357173170708
80 8.953029607787276
81 8.060719426833494
82 8.536926259689203
83 7.734481261763007
84 5.377264244952833
85 12.785820815965007
86 7.4390645628879115
87 7.807967588411133
88 9.029992800027255
89 8.203603327101986
90 7.834062825370337
91 11.941004791094105
92 8.897527730475513
93 8.398691924105261
94 7.638635131701177
95 7.2585390585411735
96 6.984719550266463
97 9.02681074684137
98 7.450704474534688
99 9.251446396476272
100 11.380921349152919
101 8.67890013310605
102 7.359902188367972
103 6.482195479683303
104 4.765656194107176
105 4.9621532903199
106 7.4699790853374095
107 6.386072009999781
108 7.503677085404459
109 6.430028186216153
110 8.701653244079715
111 7.414346058284123
112 8.083801770913555
113 7.849581610600062
114 7.2758659354755055
115 8.313525031691508
116 6.926294814389055
117 7.027062676056989
118 7.119480959844579
119 6.801263045968102
120 6.78596077585481
121 4.193640542825167
122 7.690403395593877
123 7.661958469788811
124 8.35351912246089
125 6.8319946621706515
126 7.8258628057722275
127 9.243689455604862
128 5.011964044257484
129 6.695876499017796
130 7.436417589428744
131 7.202242204322707
132 5.073238046462947
133 6.404106720735305
134 9.199994591502282
135 8.242186839655867
136 8.241911652085038
137 9.6537287276799
138 9.141654907934944
139 9.232217672582022
140 8.898156849691432
141 10.072770352940042
142 9.049390962620421
143 8.451272544301105
144 9.794792019569325
145 6.861997422165754
146 10.821060880897985
147 7.659869350212368
148 7.631895720674982
149 7.209066112208619
150 9.3712645265946
151 6.830045005561883
152 7.745978356523279
153 8.54145497965958
154 8.342504410529026
155 7.029326956485593
156 6.934974359595069
157 7.674564485951544
158 9.782032493095949
159 6.419394380243042
160 6.636757840966486
161 7.479403359568796
162 4.378910651677158
163 4.342172277841434
164 7.494907370557535
165 8.986527846222842
166 8.156202713833054
167 4.6780484679557865
168 5.455011829993906
169 7.9284674421471975
170 8.375332552067173
171 6.7134691900776335
172 8.047966383408003
173 7.656982443833833
174 7.260395923567432
175 5.617325588941208
176 6.282164362999015
177 5.762938985471722
178 3.702987700250432
179 4.907469134108335
180 3.255211333108872
181 3.298906988319404
182 4.79422923523806
183 3.0405533728073606
184 3.8075702646544376
185 3.6744705402814994
186 3.3955144049077544
187 3.8923681816163196
188 3.6588126911246106
189 3.273234655009304
190 4.570722304544594
191 3.523502334261377
192 5.030381542420071
193 3.9541379041048645
194 5.272198652524915
195 3.3358569534933893
196 4.9236436538488455
197 3.4296978867323173
198 4.981897444771715
199 6.960472446198682
200 8.850288333376174
201 8.551054832424796
202 8.821171951944715
203 9.846663920626982
204 10.085486922752418
205 8.371763507803204
206 6.6561801256445055
207 9.00747337580776
208 8.89954691937572
209 11.207078045992882
210 6.859837862171528
211 8.521283761903549
212 6.200804192198424
213 7.375585057215224
214 8.296444508909282
215 7.306675718636334
216 7.093088710501069
217 6.92400063875304
218 6.035322520610933
219 6.688622833116337
220 6.848487051211243
221 7.121814909987891
222 6.988352678729151
223 6.660578874010213
224 8.951746083859623
225 6.465219516760413
226 6.804355019812762
227 6.5613761407161855
228 8.614819236396267
229 9.805730296787512
230 6.573419797636027
231 8.291512297915514
232 8.836547909082517
233 6.958268457727468
234 8.42045906454305
235 8.059228256307074
236 7.199105881923213
237 7.322601112358536
238 6.601390750982831
239 8.32068436169779
240 7.424471922343754
241 7.6647792404673645
242 6.994281665915897
243 6.523008642789698
244 7.244653432312612
245 6.47065129041958
246 7.577017948448065
247 5.168349951857074
248 7.134073414529478
249 7.3011003214122026
250 4.909980108372713
251 8.03118256838784
252 4.164103005318183
253 4.834226258146715
254 6.180430868510914
255 6.8438610499678045
256 7.025663956888129
257 7.168604217575926
258 6.557003739937402
259 9.978277290225389
260 7.729401470832818
261 7.487728200082052
262 7.125470435403572
263 5.896051813217053
264 6.9138547251563125
265 8.818067382114382
266 8.362693287750147
267 9.506802063468147
268 8.622595193378912
269 6.905209418232231
270 6.738521265652616
271 7.804640795787703
272 10.32470763231509
273 7.434191151722682
274 7.001588623454388
275 5.653968742468806
276 7.636290634568755
277 7.646855600278185
278 7.554045778355622
279 8.958759379222924
280 7.384256855287585
281 7.735841531751496
282 8.05163812347649
283 10.880191149932866
284 10.612476680368301
285 11.665203611696464
286 9.030563386206206
287 7.983319497823366
288 8.029263451599654
289 7.1203303041555595
290 5.5716826408188425
291 5.424689894402964
292 6.825546652417552
293 5.593331056098791
294 7.50087286968825
295 8.859808654894772
296 4.8534945518074215
297 9.567225848900183
298 8.247686414636624
299 7.290428506820547
300 7.0696736115043315
301 6.467608700816983
302 4.921830091279487
303 6.197975064365362
304 4.418091587866129
305 8.600304520385377
306 6.6971285437777075
307 6.5765969435200695
308 2.967965825751336
309 2.7705183016245654
310 2.732371223800734
311 2.9561574615772255
312 4.778909361689002
313 4.636791307091902
314 3.772719155171138
315 8.08932559683816
316 6.071524860646442
317 2.9819856490352112
318 3.2175965614254896
319 2.7505056434585518
320 4.783425981345522
321 6.341057993795064
322 2.8105998380043626
323 2.9062093069997355
324 2.785829978506761
325 2.9964276699358208
326 4.923168580549252
327 4.428598029412913
328 7.486441185577605
329 4.5756381887503705
330 3.1449141407571726
331 2.8526903826230474
332 2.7069012852941663
333 3.4665151517825112
334 2.854897042866988
335 4.330679233308627
336 2.8106681769208723
337 2.795861890869935
338 6.171204842339762
339 5.270219655873237
340 4.880336130518513
341 2.913335002491683
342 2.975067066236765
343 3.0544096239203355
344 3.0037778791239567
345 2.7349611375875096
346 2.8375685991705577
347 2.75697025155863
348 5.610378369661256
349 6.728228052865627
350 5.371608685362087
351 6.630786887346915
352 3.0278319835583916
353 7.721999935682789
354 6.109038163803538
355 8.42662005656555
356 8.390408650455628
357 5.825403727479934
358 4.899896708797132
359 3.5494008996382713
360 3.1396781775962093
361 2.7289417956670263
362 3.2393380371796354
363 2.9483802770910272
364 3.394972633669385
365 3.8399658566262937
366 4.216796690904829
367 3.1408840819254427
368 3.291432194416717
369 3.843324700514497
370 3.249748388270691
371 3.056464553971039
372 4.035484727462883
373 3.7383723455357414
374 5.374931784050883
375 2.884058820162807
376 7.192427900511294
377 3.414193403093037
378 3.6398221458861046
379 3.60447396790492
380 6.174311255774982
381 6.184711384827885
382 3.416455142483964
383 3.492697178497559
384 3.5957487087022457
385 7.089746493004163
386 5.832103181172121
387 6.730011170747945
388 7.080050679069527
389 7.903120697194997
390 7.582902541541415
391 8.210739545892805
392 8.648828530641797
393 7.96361727537118
394 4.713399439714511
395 10.022843120902998
396 10.783394902495171
397 9.45529879929098
398 7.773562730194395
399 6.895921218412523
400 8.696737000652657
401 6.54408979962422
402 7.618740544991037
403 8.062119600306241
404 8.700312191385676
405 10.777919347250782
406 7.617358800674049
407 7.012205831120948
408 7.982853645683931
409 7.609003865560475
410 10.35455572882258
411 7.402752623416812
412 7.426816346582178
413 8.499559637576178
414 7.8264537121905455
415 9.901436895731202
416 7.890173276576299
417 6.8321913919592205
418 8.13436325897255
419 7.670806687912522
420 10.526134772195967
421 9.92952322922593
422 7.935975686952672
423 9.248323717394943
424 7.485603019824606
425 9.794812748141894
426 10.114483103325604
427 9.302371782375621
428 6.727153374224384
429 7.566177227803926
430 8.222141277875105
431 8.907951725836659
432 9.183400457492448
433 7.159024284961415
434 8.697522114565096
435 8.451951787807836
436 9.575938754386735
437 8.093125215262477
438 9.677882994610007
439 9.101036975277406
440 8.289747840556437
441 8.170781410811927
442 7.39570497416863
443 7.641528403498836
444 7.4943698591949595
445 7.431185048637743
446 8.051197066268166
447 8.664684096650285
448 7.5609968870863025
449 8.862889569357849
450 11.63575843336178
451 9.386326310444703
452 8.905021011032154
453 9.232486145594233
454 8.043057047994221
455 9.124902280562468
456 8.596802383708697
457 8.745262337412155
458 6.765258384697723
459 9.708463805853228
460 11.456803170954888
461 9.65341844372734
462 10.360794618684132
463 7.801497879471344
464 6.046179191518317
465 8.00013207704454
466 7.644392893983758
467 7.535360121825301
468 6.887642875055258
469 7.439293129425734
470 7.853767182297599
471 6.948888804203565
472 5.542769944175194
473 7.084343058859506
474 5.761394952029366
475 6.88429087200946
476 5.834583898181066
477 7.3884807181470755
478 8.59707316284882
479 7.287365927068356
480 6.93036025801652
481 7.44647359589883
482 7.293946332833013
483 8.829721141642485
484 8.428137225352836
485 8.352694477285697
486 10.436443075834994
487 6.569305484346936
488 7.270857046397368
489 8.301249082807047
490 7.515371007865154
491 7.368724995779116
492 8.576371997704147
493 7.551681280283278
494 8.562696898869373
495 12.174680458804273
496 8.09265928185892
497 8.910851980509326
498 9.800212716115821
499 10.073012528090022
500 9.028876772024692
501 8.416981976402862
502 9.71120183600856
503 9.596053955498283
504 9.534495051980759
505 5.078922941337406
506 7.361416014237466
507 8.752012512205125
508 9.66867814890529
509 10.029657833269503
510 9.585929121530835
511 10.070067279492926
512 10.277384564452916
513 9.790706227381884
514 7.67229660740168
515 7.798749819203581
516 6.719149466812109
517 11.93389404910034
518 6.641238507363453
519 7.978720023974551
