0 2.715919668279893
1 2.7111527648796296
2 2.759679937015437
3 2.658892665042026
4 2.7429626666850497
5 2.780737674381734
6 2.778003574598562
7 2.625089786319386
8 2.850447488354084
9 2.884771724412524
10 2.741954235657548
11 2.761353059763869
12 2.6268245210476766
13 2.8027689801802143
14 2.7010568290323915
15 2.7116541411171884
16 2.663923699217493
17 2.8137545718939143
18 2.7342390164634156
19 2.688757305738179
20 2.682005246519398
21 2.74630137596968
22 2.8148333217144508
23 2.8987222382877182
24 2.739043690246498
25 2.923907017558888
26 2.787290595234327
27 2.780089947603576
28 2.841593781727558
29 2.8158855514011654
30 2.6505740806198084
31 2.725305804261762
32 2.831218849188357
33 2.921165931092285
34 2.6426891413212936
35 2.6172902117673535
36 2.791093398132962
37 2.7317053837110143
38 4.476155722644555
39 5.1758741765640055
40 4.474443760527418
41 2.757297203219812
42 2.7278471865821157
43 2.8853806327585456
44 2.8487222129506637
45 4.73170766536574
46 2.8894935079554256
47 2.8216973748936707
48 4.861239962863907
49 2.8797285939323105
50 2.9772997216680723
51 2.7451613417299465
52 2.8698595136988545
53 2.7742360878353614
54 2.584431904634681
55 2.800595676980447
56 2.7899833339869127
57 2.7352470085461107
58 2.711456056752339
59 3.0745953313655487
60 2.8952825264536983
61 2.687101155506045
62 2.653684648085544
63 3.099927771583156
64 2.8748421915274256
65 2.8207558403581316
66 2.86251855306705
67 2.7547293886420463
68 2.770101418050262
69 2.738773317656659
70 2.738804666164765
71 2.6302854835596743
72 2.65026162969276
73 2.9048313681806146
74 2.6930237673952906
75 2.8398490185086955
76 2.624720671260436
77 2.818160257954732
78 3.2332296838745074
79 2.586564838850873
80 2.8586325262892496
81 2.7288935243508132
82 2.6920510057778295
83 2.8582013519662572
84 2.7225516695925025
85 2.7898881691383197
86 2.844902368990776
87 3.008351585021176
88 2.779973872208515
89 2.8805346350988876
90 2.689533446053709
91 2.714155664569583
92 2.774958895204514
93 2.771321834802835
94 2.717908058935052
95 2.8615678386513483
96 2.7265285194834146
97 2.89942462128114
98 2.6564788496007443
99 2.7792035484730473
100 2.8071309116361007
101 2.998429011184705
102 2.627843890574194
103 2.937542597214898
104 2.8772196097569025
105 2.6521693814277736
106 2.7919164399111076
107 2.803954746152839
108 2.622852416490138
109 2.6602945972982375
110 2.7370830523853003
111 2.767850361462792
112 2.776059449864514
113 2.819772328755965
114 2.8029446186028966
115 2.8638281557974414
116 2.756083923838225
117 2.8192608116550546
118 2.8180024961977472
119 2.827291910323164
120 5.078616116671625
121 2.7131230953511705
122 2.6562961438246053
123 2.758524606107463
124 2.926636144767436
125 2.7688261156290164
126 2.862083915703315
127 2.7380782332772555
128 2.7398556623447963
129 2.771695867929797
130 3.0522286788068254
131 2.7370887973098914
132 4.5005356507071905
133 2.9262935123817275
134 2.8242977420337207
135 2.7091718341789224
136 2.8379297922377016
137 2.6845132714228885
138 2.7402036032071337
139 2.5820542556306836
140 2.7235816435930227
141 2.8483897594034797
142 2.6401139000358107
143 2.814565534687743
144 2.7749890591729875
145 2.815486732839006
146 2.708863566023438
147 2.7324407476875603
148 2.8057089344727597
149 2.641580966534109
150 2.7855060006060963
151 2.6713359844446383
152 2.7794250757852406
153 2.7256347687243965
154 4.286204423349116
155 2.7186573926028057
156 2.8661082048635085
157 2.9008861538299042
158 2.797639377826948
159 2.74555273498471
160 2.581331708173777
161 2.668878897747027
162 2.759740386487434
163 2.690973486036676
164 2.68085574344797
165 2.841469286208914
166 2.702131276862932
167 2.7344705810310392
168 2.720385735298433
169 2.6307114465610657
170 2.816521638721585
171 2.7190799152638996
172 2.814896025554356
173 2.819479658812111
174 2.6322101491364966
175 2.62922795140377
176 2.7364389079352516
177 2.7006598810331814
178 2.7114476358340642
179 2.7391338513443007
180 2.6607755790488636
181 2.7012302701556887
182 2.934613313383802
183 2.677061079496866
184 2.738112102280643
185 2.761358414373158
186 2.7758388586243425
187 2.6009658921660823
188 2.687012541082195
189 2.738302044475547
190 2.868513741731148
191 2.755475659894502
192 2.8927539288380837
193 2.763632464739037
194 2.944431154135359
195 2.6598336255284005
196 2.8276829323331722
197 2.7477593560852585
198 2.693804661882701
199 2.8334612452920394
200 2.8184524784397333
201 2.7851356582641955
202 2.698873272425958
203 2.844406809468659
204 2.6977704215204996
205 3.05424086913688
206 3.141355304802262
207 2.831641627353263
208 2.7667518007907166
209 2.7613679635670625
210 2.64204478376618
211 2.7338759211588823
212 2.802623555954523
213 2.697232625659348
214 2.803521991150998
215 2.8084534322829433
216 2.7013386178811336
217 2.8527630413167184
218 2.8143328360740596
219 2.79959791105296
220 2.790510698202615
221 2.7516630049713138
222 2.6421562379034955
223 2.900231862194566
224 2.7944018584033934
225 2.92362950075742
226 2.7759404558676786
227 2.832763212864489
228 2.9493921940616703
229 2.6923573860401637
230 2.80899744772268
231 2.847961501546888
232 2.7415151733391827
233 2.7865330842927487
234 2.7642419794419704
235 2.7593750058770685
236 2.775185581857307
237 2.790542706689036
238 2.771864147719436
239 2.9119025102010747
240 2.9774174854225537
241 2.7213005514881403
242 2.6557509102343286
243 2.6320583969126825
244 2.792834341295733
245 2.978782425018102
246 2.753970561988537
247 2.7221464580037273
248 2.891886806721771
249 2.6463173724861804
250 2.775638181638778
251 2.6872865720930608
252 2.767630626928523
253 2.7730468898216087
254 2.78777545801232
255 2.646286261996957
256 2.901039973569733
257 2.877492434803967
258 2.6137161810004614
259 2.5924468685825675
260 2.573037054533578
261 2.74585332109332
262 2.7530172828315838
263 2.773390954936576
264 2.634043809466773
265 2.785541534596876
266 2.7576109264438
267 2.6767122699133767
268 2.799456872910495
269 2.7374295008002663
270 2.7429500176952804
271 2.892668037788389
272 3.115500883181526
273 2.749341626044009
274 2.788288899218705
275 2.8050223786507313
276 2.713989291088107
277 2.758465963568237
278 2.750714109552049
279 2.640819722713864
280 2.699731376234439
281 2.699879815748244
282 2.728475566386864
283 2.788729266791436
284 2.763567886815236
285 2.8639545204738535
286 2.6704967393976653
287 2.846523547879364
288 2.788837268403747
289 2.832376328124721
290 2.663862847953411
291 2.795796004273346
292 2.866858724797705
293 2.635721454273729
294 2.939965311258369
295 2.9338939227306744
296 2.901831860887115
297 2.628631457949388
298 2.9333882781806766
299 2.6647999647914817
300 2.9769293634102927
301 2.809818932521678
302 2.9001706208692246
303 2.8214064391209206
304 2.84258400431424
305 2.6929212377045477
306 2.732718250294016
307 4.6252429473986325
308 3.014939069501721
309 2.7376024294010444
310 2.8465022849250556
311 2.7720584987347547
312 2.6849594893634023
313 2.8624786826184963
314 2.706011916716598
315 2.758617916818053
316 2.8115937466999212
317 3.4835444691765165
318 4.764126573764616
319 3.277323342367316
320 2.6040434005377096
321 2.7047306357992777
322 3.140330567890964
323 4.89414206563716
324 2.9744369089633294
325 4.877352597316713
326 2.8382931911829554
327 2.7650557641656395
328 2.797618436277019
329 2.6140363575558903
330 2.7200332769670217
331 2.6937492453460856
332 2.73821679427406
333 3.768605895346333
334 3.658633455933143
335 3.837589494473448
336 2.783061949560129
337 2.9122577517525015
338 2.7211503619181556
339 3.0432232032954207
340 2.906993439954145
341 2.8466163460575182
342 2.7123393267048876
343 3.0553178594553607
344 2.879524954824862
345 2.895227124000494
346 2.9680259652349394
347 2.855320373336943
348 2.698244875067458
349 2.7521127906411187
350 2.767928092621308
351 2.683025388641076
352 2.718441797336196
353 2.7485468841193375
354 2.709189539508047
355 2.703246426044665
356 2.806309713855964
357 2.8293089436546746
358 2.830711093093111
359 2.7112691070935315
360 4.824645194735279
361 4.927454321638411
362 5.659979480210039
363 4.908384228150215
364 4.8395649385211525
365 4.6244633043037755
366 6.080879874117373
367 6.42245502447193
368 9.217453817417367
369 8.652644046074812
370 7.360668985291252
371 9.538897926694933
372 7.271664786935309
373 4.258993115996184
374 4.116914630269966
375 2.8874190652674137
376 4.6988155236290385
377 3.914556897849408
378 2.899927596091155
379 4.857078885219871
380 2.7211521044985005
381 2.8077750060401296
382 2.840797212632189
383 2.9517440528923427
384 3.309741480768701
385 2.835520875803057
386 2.783988566193741
387 2.8712093237891216
388 3.0268127027318688
389 2.7642865148539792
390 2.7516666374266605
391 4.547809707981383
392 2.8529463720720702
393 2.8834036268985
394 4.769145311313788
395 3.5595821958834626
396 5.134911563251417
397 3.0942034820060247
398 2.8601459944995318
399 2.6653692273525667
400 2.8073378371965805
401 2.750288568607405
402 2.642265492425024
403 2.717186724230383
404 2.761096007898176
405 2.6977308156538142
406 2.6626386601109933
407 2.640963982544796
408 2.7885324788228147
409 2.8241225698254704
410 2.788626525292242
411 2.803041324393144
412 2.7760147036322698
413 2.7424469381949375
414 4.395491625470656
415 2.820315769760731
416 4.797892787599008
417 4.641698871848825
418 2.9081352575359216
419 5.212173929415775
420 2.8041175877542557
421 5.70761526218791
422 2.8846800716554237
423 2.7471730616349297
424 2.6475608121923595
425 2.9422842555392106
426 3.025857352298964
427 7.099164757573238
428 2.811862519596224
429 4.702812168015294
430 2.567622680154495
431 4.8443242610939805
432 2.843125947330904
433 2.7950324719798934
434 4.49985009930017
435 5.773767205094249
436 5.028501610045031
437 2.757141522802721
438 3.037677901253407
439 2.7236342436802885
440 2.785890490188242
441 2.9096792728506045
442 2.6475121084334736
443 3.084071812334183
444 3.122414183959688
445 3.440221219655539
446 3.060360663421242
447 2.770922418378652
448 2.8862741864092687
449 2.8187613970673024
450 2.8939184878846946
451 2.591150429612181
452 2.7492550945388725
453 2.8840503793647216
454 2.7951212377899113
455 2.657178512630732
456 2.633903883951655
457 2.7280594430741005
458 2.7506181058115233
459 4.6224516646492635
460 4.834143798573577
461 2.7710875602981173
462 5.072239593658924
463 2.9185392823972047
464 6.604630858112372
465 2.6244546868885483
466 4.917546538069717
467 4.640097191853762
468 6.4428301237415155
469 5.584833622530723
470 4.41384923417639
471 3.9793335675572705
472 2.969762042644535
473 5.051681078965305
474 3.680972680753638
475 3.906622616960326
476 4.837663345660375
477 3.5695691346820935
478 3.5906999814573
479 2.6718233296315264
480 4.778830686533618
481 4.668703391609045
482 5.786968682469222
483 2.996552168511907
484 3.7321112787203417
485 7.088397102416987
486 2.712808975413306
487 5.066963269993256
488 4.670350802651096
489 5.6395057659118235
490 2.942033418145988
491 2.8239331203218345
492 3.0556693911820276
493 2.74898563151522
494 2.954585584684897
495 2.842149803591345
496 4.609323961368619
497 2.801321755959171
498 5.1011941479853045
499 2.8891804734195103
500 5.089023292337246
501 2.7424398177201943
502 2.7472227713066504
503 4.689628310945308
504 3.312593130231268
505 2.6988205875762645
506 5.097785000545679
507 4.130215826747885
508 2.8447123814407274
509 2.865710664417213
510 2.784712567398639
511 2.7848672694005794
512 2.8916351700450953
513 2.734906574095014
514 2.802056942688556
515 2.841213764844734
516 2.684773967558559
517 2.7969179016254886
518 4.013320834798756
519 4.8095215710797
