0 11.139252761232282
1 11.290674812874071
2 11.058569076206984
3 11.442183884642372
4 11.267974577591048
5 11.090917553913657
6 11.468995340710283
7 11.0731216064413
8 10.779712280161403
9 11.3124394684183
10 10.838469311719663
11 11.06386601146033
12 10.684928616541626
13 10.858653160549867
14 10.535794255337743
15 11.725904848178663
16 11.716793447198619
17 11.024642820809298
18 11.334195230862642
19 11.371839467144397
20 14.861999232711028
21 18.742957640751488
22 12.29300042956746
23 12.690452552346327
24 17.872221892799644
25 18.986805971860345
26 18.827528393156197
27 14.400878154249874
28 17.296017229131664
29 18.22564123828194
30 11.903507619934402
31 9.218369170200873
32 11.794370211073096
33 10.452371688580163
34 8.62764241698502
35 10.551672351410394
36 13.060569752192219
37 11.54047350563365
38 9.329575649328454
39 14.20650881447375
40 9.710693873217767
41 9.88258529037595
42 10.790951015359964
43 9.711466615172464
44 10.893987678183532
45 10.98821671480724
46 9.952869549136675
47 9.771057195847137
48 11.818806930256354
49 11.580224552375876
50 9.8929921116287
51 10.932091478442096
52 8.470881643267267
53 7.873060025554708
54 11.008420763643203
55 10.709506926513775
56 10.95118527667415
57 11.449038054554103
58 11.369612345600396
59 10.632522755182341
60 12.232635500713789
61 11.733106942713878
62 10.753008097347204
63 9.020963177412634
64 10.360568448606724
65 11.798538022496478
66 10.015282645525005
67 11.793938582813787
68 12.2304417228091
69 11.829788985456556
70 11.17377180689364
71 14.543012169012625
72 9.982000813611766
73 11.880712812789788
74 10.771464276176738
75 12.28467385739214
76 11.719895608133822
77 11.351102875058471
78 14.101750705739255
79 11.585854355523407
80 16.209301481786394
81 17.721721529251614
82 11.524467928665297
83 9.967371309045678
84 10.37763200326809
85 9.526234256825076
86 10.101271721667596
87 10.489034463548347
88 13.579880766302804
89 12.51064660125432
90 14.007803013939316
91 15.4811432076473
92 8.495511790572602
93 10.910930736867376
94 10.200544517713848
95 11.044909305005307
96 8.66986928413777
97 10.889577258123266
98 9.259515321273879
99 9.606767769108487
100 9.77177073732785
101 10.411773871141836
102 10.182142406437015
103 11.26428800825509
104 11.921067572724382
105 12.985366069772112
106 8.231996439085218
107 9.523119320039166
108 10.974656487500773
109 13.573762629559539
110 9.297425311203904
111 11.310045928951723
112 9.97562574247693
113 9.90033486659123
114 11.12891521825571
115 10.709721461746755
116 9.01047164454997
117 12.900081136193947
118 10.306355618917474
119 11.159323504961685
120 11.406811431575948
121 11.056773930040173
122 11.883835352913925
123 13.66841864712129
124 15.07206970971753
125 11.813262864100535
126 11.366770040921235
127 11.326014650915806
128 13.646113199107617
129 12.973927502681882
130 12.78548996423825
131 9.464482555135948
132 10.810084968747939
133 14.326213499928793
134 13.31837377534662
135 15.817873986074618
136 14.931947038366426
137 14.355654021146274
138 15.0450533549726
139 14.25374456667546
140 13.342799867893596
141 14.561505076892413
142 17.446658456571633
143 19.018807933403235
144 11.181673959891848
145 15.568178823135089
146 11.812780795200533
147 14.530196539440006
148 9.781728872392396
149 12.735535087145514
150 11.182172990518525
151 10.39168158630621
152 11.316840749568732
153 10.687262109536967
154 10.06072083730485
155 10.695923026776164
156 9.736442726442984
157 11.071721158669416
158 8.667810831786332
159 8.47600409922942
160 9.081429271181207
161 9.791487796931431
162 13.777913388269212
163 9.845466692171753
164 9.416910648880366
165 10.175126067864882
166 8.760273698964099
167 9.045294352534167
168 9.924527435842096
169 11.21788468772872
170 10.49414907257461
171 9.554383428885359
172 9.317685424929582
173 10.817896657878869
174 11.098167628489326
175 11.591904460114398
176 10.4494082004775
177 11.013638492554362
178 12.629528174977358
179 12.593240811882094
180 9.974893358042838
181 9.310477696195454
182 9.874313215302834
183 10.665305886444926
184 10.536977956945718
185 10.507361852998352
186 13.089160183860375
187 10.604865547336425
188 9.677714571411881
189 9.081915127427191
190 12.141406239429225
191 15.146075388259971
192 15.347212898830856
193 10.92536211144173
194 8.945477420928572
195 8.641416775098143
196 8.298062208580072
197 9.231489309564221
198 11.495105145909767
199 10.686079612457883
200 10.2911602005766
201 9.5789918087232
202 13.048850395789586
203 9.688546241310242
204 9.106356718070932
205 9.75411813500861
206 10.144928990222295
207 10.208027694475241
208 11.33122642405557
209 11.57995958917998
210 11.454600464087038
211 10.1996374436415
212 10.21066928224971
213 10.199900347900142
214 9.784415405485047
215 11.284915899205036
216 10.10377877827363
217 12.056382880636413
218 10.894653919202664
219 11.868974406728643
220 11.290512552390398
221 11.259005144305007
222 10.273539726066527
223 9.79152613008238
224 12.303459745848423
225 11.16569014008295
226 10.18415013210212
227 11.459386785140852
228 11.061125583230124
229 10.292462481184833
230 10.492021129827133
231 10.25755428766081
232 10.18164896158711
233 10.349410646852634
234 10.67917837606927
235 10.809279702748778
236 11.11481838569243
237 10.153913694389738
238 10.536524589120674
239 11.523635977875315
240 10.557964326685445
241 10.42748282344813
242 10.266010174554568
243 12.54009765601919
244 10.826134297759536
245 15.888243012743855
246 11.644952387128876
247 12.184120242679695
248 13.950898289047844
249 10.36227008749573
250 10.560289120878945
251 10.122560201679578
252 17.625127570166093
253 10.256041533920317
254 11.280641801178355
255 10.140908724286223
256 10.838563494907259
257 10.778557115018392
258 9.942032435675495
259 10.32957685228542
260 9.6900493635215
261 11.277486080422428
262 10.00287997445146
263 9.94274334875186
264 9.913990466957245
265 11.126462853470933
266 10.431934030440042
267 10.648782649226535
268 10.295002342759997
269 10.056373624736324
270 10.12977519667027
271 11.32394799281397
272 10.400456600986693
273 10.217000965699052
274 10.822978485979489
275 10.605818858010464
276 9.600491940936084
277 8.468708559429103
278 8.437721708934916
279 15.306657422160331
280 23.270970575704
281 16.422886119369238
282 20.951816767167674
283 23.055587168759104
284 17.95615562032388
285 17.67103177064431
286 15.705930205510422
287 16.388989987489072
288 16.097501400380764
289 12.240502720642311
290 10.508243735056997
291 15.087231334491802
292 15.11059963920556
293 11.5545609427728
294 19.292152672073886
295 15.881341389073611
296 14.487680920009936
297 14.633368180505464
298 11.013468889306214
299 22.354422940009062
300 11.9246672305145
301 15.380472296596128
302 15.954508947744511
303 16.952745547806863
304 19.017536925147297
305 16.891548870723412
306 14.013176577547476
307 18.610046859140155
308 12.21905528634863
309 14.403821626861482
310 18.952827163717547
311 13.55490550183864
312 12.959903755420433
313 13.036170636933754
314 13.002949233102871
315 11.579134575795623
316 15.16137782331697
317 12.865107500169266
318 12.482897205665509
319 19.916052198999292
320 16.002604451960956
321 21.94901409106622
322 16.50687011806517
323 16.3834198560711
324 16.061776430715387
325 17.33602835221416
326 14.792441951184824
327 20.75950312224903
328 18.371644252798422
329 19.570134161463823
330 22.981944515999064
331 24.071168945659217
332 21.390647965435686
333 16.49831130200458
334 17.370482747569067
335 14.840637341339097
336 14.988635517639606
337 18.574666362641977
338 15.545075581619058
339 19.762077906743436
340 16.239898072666296
341 15.914351276780106
342 13.800266150633112
343 12.9447934401962
344 15.336078390860964
345 13.543084838558133
346 13.541112410192488
347 18.615838878404634
348 13.384027257801463
349 16.07513977638465
350 15.63885007521103
351 15.579426918328792
352 16.876862281920044
353 10.531022319633708
354 13.269730669264096
355 11.409905285071611
356 11.071808908670308
357 10.5736633383908
358 11.674712055318022
359 13.43278096090141
360 10.834742979132974
361 10.546323293893455
362 10.279693435157872
363 9.59497781536042
364 9.476422630432548
365 11.482973328410196
366 9.51220111015791
367 12.212165669001314
368 9.214390968508903
369 10.58059198775489
370 7.987931514148032
371 7.765771803275836
372 8.757804570674523
373 9.43372554315002
374 11.332425059047514
375 10.806737107017133
376 9.68254543535781
377 7.511239253512886
378 7.910892928863376
379 13.628841172512447
380 16.642727799416356
381 20.27018477678504
382 15.968789841139083
383 13.577624766518102
384 17.43682079361204
385 14.113722645130341
386 11.808319403109321
387 12.568375183406927
388 10.538255370975417
389 11.534862980679659
390 10.462774282664105
391 13.286393322067399
392 12.941824076618845
393 11.021374603055229
394 10.142197446571183
395 11.381632071949026
396 10.509882187161214
397 9.875171768407974
398 10.315050525569884
399 10.041668014006468
400 9.710774625791329
401 9.183797295431857
402 8.164345449240674
403 9.891864738129026
404 11.753836836491896
405 10.919828136086684
406 9.250875825497834
407 12.046470581932962
408 9.126796323226813
409 10.905496351035605
410 11.000405057996884
411 9.766559215037931
412 10.023008357247415
413 8.861800462752853
414 11.228771727890505
415 10.45206475650928
416 11.224063918484315
417 10.562891403693584
418 11.997527063373184
419 10.542826591820946
420 11.24198608609339
421 10.549415839264372
422 10.66127159467118
423 9.123437500014267
424 8.657027228646196
425 10.848117535885928
426 10.142914828440546
427 10.518333661018405
428 9.737642229607237
429 10.133053807838825
430 8.461135322800576
431 9.461498662271085
432 9.433476063601587
433 9.849787153863819
434 11.940110461479199
435 10.022126983668832
436 11.344718373118619
437 9.68219599014295
438 12.29684790174995
439 10.846152157265694
440 6.106531321246864
441 10.112536758668648
442 9.778179937531348
443 9.125503889727598
444 9.462102772455422
445 10.286278825721809
446 9.952273638667718
447 8.394418837039638
448 8.101952929614386
449 11.128219885213856
450 9.495898549148494
451 11.852944440788084
452 7.518799757256398
453 8.462410416488057
454 8.340720363662436
455 10.781887958351215
456 10.804529500661282
457 11.339332013636517
458 9.258539458762622
459 12.374971744717964
460 10.03150093631251
461 7.966212335850471
462 11.072600764649104
463 7.748991192790722
464 7.9829077083078
465 12.367246260671772
466 10.263065514261195
467 10.086423211546022
468 11.75805130357014
469 10.193595297758922
470 9.895009539943947
471 11.115169070452373
472 8.916579656086022
473 11.532430044846686
474 10.951500358074014
475 13.540660515046765
476 9.792405472327285
477 9.525731055304622
478 16.559725889312038
479 10.436742820382918
480 10.28136396121574
481 10.65652286888295
482 10.641111531440679
483 11.99810522915539
484 10.15905324361616
485 9.506205490957486
486 11.500531173391767
487 9.668041155000934
488 11.560581681314332
489 9.309608466435517
490 9.644007906570279
491 10.038008304439009
492 6.795998596126981
493 10.932179290832101
494 10.886276777237775
495 10.431716570979512
496 9.548991655307423
497 9.791856461934053
498 9.32860195942743
499 8.708182264084407
500 8.447276029916521
501 6.860457803793223
502 11.208617718401559
503 9.707276049273514
504 12.203177754643074
505 8.157530833709483
506 9.27374597373095
507 8.96500873192051
508 9.082285718306082
509 9.899316011901902
510 8.92790399786551
511 11.402393609686872
512 10.700773041821481
513 9.423447010396808
514 10.036812485963853
515 14.640826583679688
516 8.834042393145465
517 11.45909309610412
518 11.030791620290703
519 11.76365430128105
