0 2.5593375706480237
1 2.562438793663891
2 2.576304111075895
3 2.5893627472294125
4 2.7604542220793205
5 2.56482638171062
6 2.5756493951599753
7 2.6325857631910816
8 2.6592987691784242
9 2.6185325485661703
10 2.4686503944979417
11 2.583788336164669
12 2.7264639214314146
13 2.513223444506672
14 2.5124086973446027
15 2.574248809604975
16 2.621116289052081
17 2.5580202067259457
18 2.726155405384208
19 2.5527959775931177
20 2.707568581217496
21 2.754459510787747
22 2.664840055028813
23 2.6114904939295727
24 2.7173050670149634
25 2.7051118126459226
26 2.552138629304089
27 2.9116375394461755
28 2.6107225534212457
29 2.552160749584395
30 2.623505327366926
31 2.7889696127282484
32 3.3844264614840314
33 2.639382958747639
34 2.7050309248908553
35 2.71565157429831
36 2.5163401286063847
37 2.614586696334171
38 2.8009437539051047
39 2.6132888069603974
40 2.5605842046637184
41 2.9848478365648328
42 2.7630242749459826
43 2.7811210434688847
44 2.6430960783062805
45 2.6262699461692343
46 2.668169067440432
47 2.6149149685974806
48 2.587369338279717
49 2.576231233505378
50 2.577895129007966
51 2.6153803594282543
52 2.6164861079745303
53 2.800549843907664
54 2.7436826416042335
55 2.588519660102938
56 2.5347424399080642
57 2.6567106338176782
58 2.6325043757807345
59 2.56020120555021
60 2.6289336408568618
61 2.620941533812331
62 2.6756319514343
63 2.761142520902402
64 2.677593454155399
65 2.7121135178016775
66 2.6501795367538934
67 3.217728725203115
68 2.8797163537638966
69 2.6416303628929945
70 2.674879220322139
71 2.5543285287091377
72 2.624368969340463
73 2.624950023254278
74 2.601410878736831
75 2.5373419536242108
76 2.749185666354392
77 2.872838498044492
78 2.6897072809393516
79 2.791136530861604
80 2.6822952487848344
81 2.7086210320949573
82 2.5319165016656053
83 2.9027597341791447
84 2.5817274831689705
85 2.5616913514082142
86 2.501463118825513
87 2.6160878616464363
88 2.5577883463627114
89 2.5014942537354337
90 2.6376618702045853
91 2.640328359142732
92 3.1267374175607188
93 2.715005083907124
94 2.6778438290527258
95 2.6193363514805967
96 2.6890872092825657
97 3.095132699923699
98 2.65916930512782
99 2.646772316549118
100 2.5025442882592817
101 2.7215038640684974
102 2.6326599556650905
103 2.6392738578869857
104 2.5808207706107718
105 2.580954223654107
106 2.554258285189713
107 2.608188866123567
108 2.5781512765882497
109 2.644659548373343
110 2.5004613274637184
111 2.5471925070775026
112 2.7483550147513363
113 2.641965028052666
114 2.5574499349712063
115 2.5037366251925453
116 2.6626340559121444
117 2.5438021644275106
118 2.620952100605674
119 2.8030131267698697
120 2.8212473457062672
121 2.746653263632998
122 2.62904841257178
123 2.6559756645643176
124 2.6444353574980863
125 2.6943157124014916
126 2.782572420012436
127 2.6053026564318547
128 2.6671826185514877
129 2.6952824289495023
130 2.804203080595508
131 2.566452833376989
132 2.8153556390359933
133 2.5553186886134744
134 2.682633192151708
135 2.576933520280924
136 2.8400984532293596
137 2.7113350010351844
138 2.6218226192326237
139 2.704852878985813
140 2.513095258453457
141 2.674081232275388
142 2.6322271451376893
143 2.572978280019393
144 2.611648852706766
145 2.551360976268929
146 2.559900112441696
147 2.9212598800826135
148 2.631332512920199
149 2.770604736455444
150 2.8565199575818205
151 2.5615048927343596
152 2.819454455722052
153 2.844453765525112
154 2.770656017338179
155 2.699428655151279
156 2.7147926925724626
157 2.578104942213289
158 2.6416135219178383
159 2.611708944356408
160 3.077548723298207
161 2.5616351370537926
162 2.6391402105804396
163 2.6592195485326906
164 2.7265331593032194
165 2.6456719883656947
166 2.831189308462302
167 2.532124675567592
168 2.7521728760956474
169 2.9189767046710586
170 2.6907883060003934
171 2.6113528893733124
172 2.6454952129601654
173 2.8103716869366577
174 2.6469005089250004
175 2.578473027830513
176 2.6465006964527094
177 2.6996974325173952
178 2.5837661676431782
179 2.661399392725734
180 2.5607011056468236
181 2.697732865944457
182 2.748126726228996
183 2.702379906285291
184 2.604144630979955
185 2.789730378654371
186 2.650132298112453
187 2.5871752667280825
188 2.5257130071825227
189 2.541237235112745
190 2.5816863189680417
191 2.6000444400881078
192 2.604026822261304
193 2.5845387031723295
194 2.829838225130736
195 2.790020184957812
196 2.5484165036182516
197 2.6572833988962827
198 2.6850869855526356
199 2.509673535155915
200 2.6870994379175697
201 2.7703512312092258
202 2.6911912489786842
203 2.7645542232484575
204 2.903464086753423
205 2.6340471021370346
206 2.6698537491359695
207 2.717356145277344
208 2.5606066451701404
209 2.717341032622804
210 2.5702758692625434
211 2.6206457512322787
212 2.6888911591524893
213 2.6076490031966055
214 2.662579209901208
215 2.585241673736044
216 2.7396145963377707
217 2.613514188325775
218 2.590576470836463
219 2.5794140782484525
220 2.67287880119541
221 2.7292646929992914
222 2.606911777675729
223 2.656017047627876
224 2.6076327555636936
225 2.6555493983938128
226 2.672973416119243
227 2.7051179388279314
228 2.743746750230871
229 2.7913280639106706
230 2.551680973203335
231 2.608569481261326
232 2.5594270050841845
233 2.7311992516054855
234 2.982326510989503
235 2.703852526838791
236 2.679318110511022
237 2.7081620273385223
238 2.704873108311047
239 2.648973813751926
240 2.631297727986133
241 2.6521675894874215
242 2.6135227132839387
243 2.632814904777812
244 2.6052155506213475
245 2.711152938452325
246 2.659490167453944
247 2.6582322906894555
248 2.699631848916277
249 2.612835583872326
250 2.6180148211056924
251 2.8453014036734565
252 2.7791588312959736
253 2.7415054800173664
254 2.818192411199432
255 2.6848966321630523
256 2.854375467828214
257 2.5433240650637585
258 2.7217070465946067
259 2.7941424767660505
260 2.6609540299602434
261 2.5861519482063913
262 2.743649015569479
263 2.5879830651318194
264 2.586588113443355
265 2.5689584790525912
266 2.710008264305202
267 2.624593170733364
268 2.599746333153869
269 2.78853075590538
270 2.6235744643510897
271 2.813139421507339
272 2.657976911385138
273 2.7169515808611773
274 2.69028665114511
275 2.668114512104104
276 2.6574814801923363
277 2.6359356436065364
278 2.569909934807695
279 2.6775965167070797
280 2.5879782874746167
281 2.7181193127177647
282 2.64684816668549
283 2.5051998638196937
284 2.7659491174845847
285 2.7126000373161228
286 2.6045567338375566
287 2.650345287890771
288 2.7394325715375754
289 2.7166254825855334
290 2.603879158996803
291 2.7961191391364255
292 2.8390535120124563
293 2.6573499553267736
294 2.5042087131403132
295 2.6565284774887274
296 2.494523926932644
297 2.6031161409931434
298 2.6195088380632265
299 2.627733042116627
300 2.769929503403912
301 2.846495488508286
302 2.5050952788747622
303 2.630076162294477
304 2.630430481536888
305 2.6737858520703277
306 2.8419038477402023
307 2.621304124618438
308 2.649778402108942
309 2.606552876673895
310 2.5899296113298105
311 2.5741924763516626
312 2.5419017295449877
313 2.842860647743477
314 2.6623548862508524
315 2.652307166102021
316 2.63587989576517
317 2.5266983996746237
318 2.6649086896052774
319 2.5981892744699664
320 2.6316490257452108
321 2.724941367092059
322 2.596724873250373
323 2.5666440186338293
324 2.641788262644696
325 2.699195830257815
326 2.6557273545282394
327 2.6781408313778425
328 2.6958600244025006
329 2.614613365595478
330 2.6203148321388157
331 2.5509529394798354
332 2.612154638102275
333 2.530884841947228
334 2.7804675666011573
335 2.7250363299739413
336 2.5387801469095175
337 2.649736145021072
338 2.66649079106482
339 2.6607511182174046
340 2.7978100871053324
341 2.650444446591968
342 2.6191686401590406
343 2.5861893858446625
344 2.561508079295342
345 2.6981274540588167
346 2.685006805076581
347 2.5392384993237997
348 2.6298649511547794
349 2.6313460937616253
350 2.685449721872903
351 2.6134098980607345
352 2.6218552785058877
353 2.519386664027674
354 2.6018048155063407
355 2.5990917719825246
356 2.5702774373542967
357 2.5716333699773326
358 2.6018904427195886
359 2.706544197863151
360 2.5752305181263093
361 2.623437414014914
362 2.667669641409215
363 2.468386359860074
364 2.547202680078362
365 2.648512503510431
366 2.655400979012267
367 2.626618144827184
368 2.668032006068187
369 2.6805402368099145
370 2.584772218722696
371 2.5512876687621837
372 2.5953561038724864
373 2.623806746421708
374 2.6176690739406534
375 2.816635869223868
376 2.611979629283105
377 2.6719779238155166
378 2.532321319460264
379 2.5327086358732935
380 2.8255115933962487
381 2.7683419480897236
382 2.644689661498286
383 2.5247197593825415
384 2.8011777878511044
385 2.494224812671314
386 2.6064901089961228
387 2.7889827215368905
388 2.6241605542734594
389 2.585259485177715
390 2.8493507798444293
391 2.546562673459686
392 2.5526669339776538
393 2.874709558479339
394 2.7176065347965075
395 2.7980699136000498
396 2.628117105115046
397 2.6781290992158984
398 2.741426457855963
399 2.826895093281841
400 2.6458813424487673
401 2.7619909131464966
402 2.652821330022493
403 2.8914641458459065
404 2.591809828023777
405 2.6729974522831412
406 2.6113141426280633
407 2.5273734755461166
408 2.7888679866722548
409 2.6116441983803735
410 2.6120711360389115
411 2.56989703032323
412 2.739774113575382
413 2.618643331453749
414 2.611842072419915
415 2.545311209716106
416 2.606670843304417
417 2.5986792908422784
418 2.643894323168297
419 2.6659667969083576
420 2.6212764256299184
421 2.7001710255638227
422 2.6326486754295697
423 2.6470931560560915
424 2.742838894622794
425 2.6948505098779436
426 2.6423220776450567
427 2.6748535473302186
428 2.6219777363862042
429 2.735311302346418
430 2.5957863354281816
431 2.672530355547857
432 2.6315210570084884
433 2.6749095952511945
434 2.5804320035376005
435 2.5260032364547595
436 2.6723979367769366
437 2.8195656777592344
438 2.6881577267172077
439 2.579665499442241
440 2.6353659594473315
441 2.594507059599726
442 2.533676044565235
443 2.5994495476546056
444 2.7978244800233636
445 2.7130156560036616
446 2.592020744386294
447 2.6365076478229597
448 2.9101966892529934
449 2.6034532398788937
450 2.8265151911641673
451 2.689258346811281
452 2.576377328277214
453 2.758639469239691
454 2.618442024594538
455 2.534238412369239
456 2.7451687760078665
457 2.4679041490616034
458 2.6589997006534793
459 2.7192700506752163
460 2.615192052554139
461 2.75566156360603
462 2.5342546321933233
463 2.6351297082867964
464 2.6310193685146466
465 2.723334977444695
466 2.7308179452338
467 4.1019498368211265
468 2.5725944776356635
469 2.642942243806345
470 2.823388461887343
471 2.584829725777969
472 5.763519074647323
473 5.55441121774912
474 5.939293615008603
475 6.505932435430728
476 6.856212806769642
477 7.353170257952724
478 6.859424161376737
479 6.504497823387158
480 6.1753415833585175
481 2.685236960069008
482 2.6497699408066855
483 2.6342064904658837
484 2.8075240892999895
485 3.564572139682168
486 4.074099721420327
487 2.7025813626981523
488 2.5403710631368943
489 2.8596659562567734
490 2.842156606288521
491 2.4869251447592626
492 2.71254568996595
493 2.61780802903668
494 2.5815113502772125
495 2.623220436541251
496 2.86968366282267
497 2.71928621061192
498 2.663044389817821
499 2.655948893870516
500 2.5943866271048837
501 2.5752120709181647
502 2.6427880294645503
503 2.7312420992090156
504 2.6269753837672773
505 2.615627054708489
506 2.703806389217806
507 2.779213632665274
508 2.7360476213419096
509 2.66681241576134
510 2.6319916761084383
511 2.690474904428568
512 2.7025261718965394
513 2.5823534383304754
514 2.7793610784973177
515 2.610582753392245
516 2.5680991634629176
517 2.5887351674214427
518 2.9411659377131434
519 2.671364587304633
