0 10.987786113280071
1 11.061992421130858
2 10.642376110608332
3 11.288020242667509
4 11.178678043268336
5 11.293000993748514
6 11.50034589689349
7 11.136073539824293
8 10.799462388088068
9 10.915213881162357
10 11.20287888751067
11 11.126013368656984
12 10.877961154054843
13 11.08756849385365
14 10.747453861632277
15 10.764898483401646
16 11.53759088557385
17 11.430112428526469
18 10.893505467108124
19 11.452785732027147
20 12.168908500064893
21 13.314472541283454
22 10.643342896701236
23 12.303479311100393
24 13.572092736509976
25 15.616140323501153
26 19.57585345056863
27 15.520727216850792
28 17.319480426013644
29 19.401365684827965
30 9.852421609891401
31 11.285979487244923
32 15.477781997944888
33 10.942397648559815
34 10.108502336374563
35 10.172370303417118
36 13.835532008616886
37 13.732232471047636
38 12.158209292249255
39 15.433914544670603
40 12.594477660410277
41 13.33054198320786
42 13.152788393062744
43 12.52202786323965
44 12.587657389705956
45 13.458097368116908
46 12.871929327037813
47 13.123369210522007
48 13.632891177678387
49 13.642621322434968
50 12.503362301665653
51 12.647449431578424
52 13.433847440978665
53 10.778043733653972
54 13.579562926310569
55 12.934568126940677
56 13.735983710308178
57 14.005139777589225
58 13.49816708154757
59 13.863376739025608
60 14.193532796918488
61 14.15259122418129
62 14.305745659757022
63 11.688394972834699
64 13.481630661366673
65 13.646113771146732
66 13.180522098465383
67 15.507849203072082
68 14.950473135580504
69 14.75416409978341
70 14.130550143240981
71 15.955235201023164
72 13.569996001211498
73 14.142431125597787
74 13.406545874487842
75 14.332530049233926
76 14.338119392658394
77 14.03865512145974
78 16.097869084721715
79 14.061838113621977
80 16.640584796038368
81 17.60540909024267
82 12.174552203776932
83 12.755612803598286
84 13.506922753117324
85 12.718761758031606
86 12.16452170773168
87 12.095602435096714
88 15.535884468092972
89 14.490393563507057
90 14.130916549581597
91 14.677399691688546
92 13.606057690572074
93 13.79521318243766
94 13.31924895879609
95 14.388263274451395
96 12.882354719294886
97 14.215005369983315
98 12.926778111301397
99 14.10489245174656
100 13.32831476400669
101 13.607801176651758
102 13.048180257770111
103 14.508230939230582
104 14.577611657524644
105 15.873364406662214
106 12.465698336922657
107 12.919110902959597
108 13.189953886087274
109 16.01461535590163
110 12.777841648268703
111 14.011060952986838
112 14.17606174857896
113 13.900734403696944
114 13.444646373720385
115 13.672070109242583
116 12.82883226675596
117 15.918486939403746
118 13.529158326901536
119 14.258914093701723
120 14.992177522590895
121 14.477097769013312
122 14.785856868605658
123 16.663662088879985
124 17.10169440935143
125 14.47028850624578
126 14.226968309363572
127 14.245282946733237
128 16.664825408952268
129 15.867473765600634
130 15.954301091054706
131 11.060224290894892
132 13.84796459133409
133 15.772041794655383
134 16.21471644797446
135 16.80077939356155
136 16.992282042483456
137 15.11731073697863
138 16.192498670009574
139 15.46679796573853
140 14.640415693211777
141 16.809273310812372
142 19.763907075177755
143 19.901981920345104
144 13.507843146697498
145 17.50756865462575
146 13.902454343031323
147 16.989581888719897
148 13.115710283553376
149 14.614588127262968
150 14.294472033835346
151 13.883912829777202
152 11.761347768731547
153 12.855071539838871
154 14.184880664195509
155 13.822650508640786
156 13.038877015621011
157 14.060871546206641
158 13.294644761061175
159 12.986748236731666
160 12.830688044969756
161 13.0535185466497
162 14.906614853560109
163 12.167296881845376
164 13.66041646246641
165 14.039480129111599
166 14.70338953662701
167 13.24953549956881
168 14.205689018408947
169 15.129863820875913
170 14.05936275698017
171 12.145105633498332
172 13.00398126917137
173 14.883523963603558
174 13.568359385347252
175 14.901160949498415
176 14.332941684818833
177 14.633114766994922
178 15.314442037746435
179 14.881503104218213
180 13.903279580730718
181 13.918179365592252
182 13.841902447602887
183 14.764359505165713
184 14.236775068791095
185 13.757783594045454
186 15.803614095447811
187 12.021313869536062
188 14.882500446609518
189 14.398015286287578
190 16.459415853607535
191 18.007795884536687
192 18.065230367655797
193 12.936099626175722
194 13.109203875078716
195 12.57216383484046
196 12.101519134045775
197 13.010746639852115
198 13.965637886773786
199 13.54859400610504
200 13.047202429663674
201 13.423455624703031
202 15.025105630173899
203 11.73657219906898
204 11.619326771377478
205 11.927822244113546
206 12.081296593516619
207 13.341456446371078
208 14.270535678799089
209 14.477014066133451
210 13.412242545154204
211 13.077148654493532
212 13.363766704089528
213 13.327810161440011
214 12.483101393662174
215 14.402566800302624
216 12.848318594964033
217 14.978991209770506
218 13.4804008582196
219 14.425198825271918
220 14.4049184824325
221 13.785206541107081
222 13.47449759174083
223 13.449804604676315
224 14.487772955200635
225 13.490564613044286
226 12.167041763292778
227 14.036031402543395
228 13.599013999746926
229 13.168091627916912
230 13.397010518978473
231 12.243754942856674
232 13.036008665272856
233 13.027111882121593
234 12.925165937810393
235 12.765813153087047
236 13.538098174977199
237 13.067545062539445
238 13.80859895882243
239 14.013620907484786
240 13.944065468123053
241 13.745677411728215
242 13.768795406053103
243 15.313730263870964
244 14.106554413178916
245 17.572506591464865
246 15.3638895223583
247 15.073629225683332
248 15.832261445390397
249 13.961485360502989
250 13.645121824559277
251 13.559244524474426
252 18.84261609365557
253 14.113439854490538
254 14.27643066454951
255 13.54912452086373
256 14.044246865860087
257 14.0942747083192
258 12.550299033412873
259 13.616815410532782
260 12.236227401460129
261 14.345545080176993
262 11.699801584879296
263 11.150784952412089
264 12.624222766213997
265 13.784422727695011
266 13.694823371549342
267 13.547162917758103
268 13.786921046218941
269 13.578192079567923
270 13.944373187108189
271 13.960055278744921
272 13.772957791362401
273 13.802784139193896
274 12.935749306904672
275 13.86898146027481
276 14.80845870903994
277 13.776931619528769
278 12.912688010596897
279 14.165765845084291
280 11.576344073442394
281 9.871828151990574
282 14.812443683660433
283 13.74631078111879
284 11.952052005438857
285 10.309504343091705
286 13.011070253681288
287 12.556988475143696
288 13.207943916312365
289 10.194056159242892
290 11.203636310481125
291 13.614475075663067
292 12.918439772050363
293 13.908356904605718
294 13.37182613668767
295 13.55265173940641
296 13.451721099652357
297 12.907233453276106
298 14.607375020773326
299 14.398526871925016
300 11.011428123123077
301 13.848751059989603
302 13.02652364087278
303 14.76646227254202
304 19.478362374580083
305 15.622967375249852
306 14.25370795451013
307 16.697243680422968
308 11.155142005823423
309 13.144226207655471
310 13.55986255640669
311 11.918445681858145
312 11.084406567714842
313 13.084581026514035
314 13.51545142684553
315 10.664137853809118
316 14.510408398398209
317 10.677266848658673
318 14.684062575414021
319 15.102586526124876
320 15.93594602691997
321 18.030914934231518
322 17.757239137148513
323 18.20962133802593
324 15.736415067603618
325 18.10462520032154
326 16.333727679058853
327 17.55293313399074
328 18.64956278605255
329 20.082198797923013
330 22.064158957771603
331 20.225225374788597
332 20.140963143829005
333 13.225371409891393
334 15.392916585823453
335 12.539934937174188
336 11.906371065916453
337 14.826112609616589
338 13.330670789901136
339 17.94746643614668
340 18.437480781524755
341 18.475927041175332
342 17.945437395333595
343 17.96300070195806
344 18.59597791154222
345 12.758715523130205
346 14.06075014004395
347 17.46798224121896
348 13.23090797987392
349 14.100201766558524
350 16.923569657480357
351 17.136937959358438
352 17.120322813099648
353 12.777647408478469
354 15.324363440584147
355 13.987171030591389
356 13.746194341964491
357 13.662683337092792
358 14.346945932165946
359 15.449809722938092
360 13.975898370637761
361 14.209483245564034
362 14.29286896299515
363 12.768634998671876
364 13.460641563184986
365 14.634625053451266
366 13.580410468029413
367 15.195485884522498
368 12.069419087047269
369 14.552473593934018
370 11.472698093039465
371 11.22772447824141
372 11.54449072325176
373 12.703010634624228
374 14.008663134326632
375 14.238643542085281
376 12.6857248840168
377 9.765358822084828
378 10.324112218591724
379 11.364715198923161
380 14.916597178320158
381 15.576367390431052
382 15.214691525579449
383 11.181570052769873
384 11.71499952943658
385 14.941695413138596
386 15.222263680212896
387 15.199469084081842
388 13.537354863111176
389 13.675755688997485
390 13.377939081724813
391 15.907149840100146
392 15.022195254249048
393 15.18025903702943
394 14.50764669137322
395 13.39835173643886
396 13.527511574846733
397 12.915602870834636
398 12.707324154627141
399 14.043729831127687
400 11.567362019027508
401 11.489115633135366
402 10.22584381552794
403 13.520981360171227
404 14.856997670269106
405 11.844088012188342
406 11.285395021741671
407 13.78121769032732
408 11.591768853584364
409 13.747749813320072
410 11.876901343291667
411 11.337466887515042
412 13.638975342992248
413 10.978406932327042
414 13.272372553166408
415 12.440184898061412
416 13.717714621758724
417 12.732965964117875
418 13.217932211229362
419 13.127332737386062
420 13.713003840815283
421 13.268986975395908
422 12.737011944102896
423 13.257009165220026
424 11.124160572155155
425 12.864353341085978
426 13.086624225977644
427 13.636624460119005
428 13.44827679477001
429 12.080838523664827
430 10.765268867623085
431 11.439680058824003
432 11.148567294039218
433 12.926333485129753
434 14.090396177651591
435 13.749590161526552
436 13.677454305135944
437 13.124622301462308
438 14.531445391921
439 13.17721528746859
440 11.601908830807723
441 10.579931966806384
442 10.283516384709802
443 10.101785082204382
444 9.975380463066141
445 12.093517653879593
446 11.836599623274736
447 10.89005743868537
448 10.974639801440368
449 13.232820447885551
450 10.038792615616252
451 13.738984289443463
452 12.362400829167191
453 11.421517378152606
454 10.054931708294399
455 13.849021097886771
456 13.617439399811206
457 14.254149012659163
458 10.969003657878998
459 14.394644802767555
460 13.260950908951418
461 10.904339639782306
462 13.656251061712622
463 10.882560826120898
464 9.64486645103017
465 14.872433864136696
466 13.414838702304248
467 13.93213230823187
468 15.206475972044352
469 13.345406756561374
470 12.243125959321445
471 13.993420719644133
472 13.418121247710106
473 15.183556720597194
474 14.877794998168165
475 14.82921219503243
476 14.546594791095623
477 14.78393511799568
478 17.272880556052655
479 13.693587052759169
480 14.176113306318701
481 13.297502097984484
482 13.771868010129985
483 14.252036855400986
484 12.67190176868082
485 13.218561513186259
486 15.302410273306611
487 12.880859198997403
488 14.06902214654448
489 13.311114104850724
490 12.488609565889027
491 12.6683480072171
492 10.376690279351914
493 14.701751937839951
494 14.001814732686793
495 13.424827311718248
496 12.264621433708559
497 13.34554520217976
498 11.60416483947024
499 11.961699914578082
500 11.150272131235804
501 10.585554669801919
502 14.397530800613676
503 12.82857935364271
504 15.159693562291789
505 12.759634711501711
506 12.306414674800621
507 12.701433722948497
508 11.832409987609221
509 11.961163128593041
510 12.015795137122272
511 14.92120895752502
512 13.39104539525721
513 13.510452326612702
514 13.182560838176578
515 16.341737641749994
516 11.80970735391568
517 13.588946260679139
518 14.441235958008948
519 14.538285484232432
