0 10.510747608557278
1 10.49763825423433
2 10.467510051810178
3 10.24753152087019
4 9.784789826979212
5 9.725776307700372
6 10.038246699134735
7 10.822206899784833
8 10.30895513524215
9 10.563282628700312
10 9.82561084687408
11 10.070648060172765
12 11.0013884350498
13 10.48412874891796
14 10.505691571506953
15 10.444772700288501
16 10.276510383510145
17 10.173295515351322
18 10.23384187965279
19 8.142510662330322
20 5.542936572600404
21 4.210716937493691
22 6.606642863125118
23 6.068731355997149
24 5.683859893153425
25 9.002570146435891
26 9.781446402007544
27 7.122865268101234
28 8.252408850131495
29 7.713463926563513
30 8.701048449457454
31 7.240721412045703
32 7.201171291907567
33 6.952052317894048
34 8.665136251908523
35 9.925684570759154
36 11.319266603556297
37 9.405859227175142
38 6.529810350902669
39 2.8911943085131613
40 7.084850818916176
41 7.1695341962392005
42 7.605510613229869
43 7.272305408149504
44 6.22446655606754
45 7.543212117621436
46 5.609901339188184
47 7.051626059807818
48 2.944969204622289
49 11.301909159034567
50 9.339227537663929
51 10.711121654534528
52 12.661011845150238
53 9.756605521932967
54 10.018970608720457
55 6.561408846604603
56 6.74190296681078
57 9.991527401112611
58 9.461660291279928
59 8.027578850600902
60 11.533183177321751
61 7.972571969774907
62 8.29379648245715
63 8.364344015511296
64 8.021437594495973
65 7.27612111143696
66 8.119762196667985
67 4.850402778816553
68 6.510861454519602
69 4.637034647196406
70 4.578427484617325
71 6.5244684700111195
72 5.43397481235274
73 8.673033842422988
74 6.346388974797786
75 7.087646719736966
76 6.501774569687128
77 6.221899943122205
78 2.9539780531781212
79 8.057442020935692
80 6.807902398824354
81 6.447133437096848
82 6.739809602486207
83 6.829975680271858
84 8.685485753690099
85 4.116201300872976
86 8.411571468181064
87 7.405622620922164
88 5.381893709650603
89 6.420251962261852
90 7.738941620400196
91 4.894574270593914
92 7.744907168601255
93 5.816436394665517
94 8.972563023814025
95 5.963539867003604
96 7.021198650323767
97 6.181122544178808
98 8.036068333186845
99 6.042491915521159
100 5.375735464274518
101 7.793610559103454
102 9.096641855319739
103 8.481326456546928
104 11.542793788378463
105 10.729842954274611
106 8.31840444185219
107 11.000850690222551
108 10.07840681468651
109 8.066354733850757
110 7.035804308472787
111 7.460611742674642
112 6.867749018567792
113 5.6253656298172485
114 7.737645219851473
115 6.980980351420941
116 7.276011571828641
117 7.510300605454041
118 7.117305261123419
119 9.720554502509282
120 9.296409384249621
121 11.674509128648978
122 8.718452856274574
123 7.521049457871022
124 7.1249628693346425
125 8.082979280521023
126 8.45439749854598
127 6.833247842269197
128 9.607689206756252
129 8.755239342148416
130 7.0355086390608665
131 8.35212713217868
132 8.302968001130079
133 8.530997396979568
134 8.501749795591701
135 8.174943201647354
136 9.13155227035882
137 9.317958364209504
138 9.764135718297576
139 8.231101282168519
140 8.901164346124299
141 5.4435572255058755
142 10.055769083617815
143 7.31515710749903
144 7.854056514963215
145 9.17012666848055
146 4.990293593560469
147 6.892658439592048
148 7.788637788540369
149 7.596776741094111
150 4.722863865237548
151 7.692088082379009
152 6.328836562797082
153 5.416684652672771
154 6.498845072078933
155 8.685533661350892
156 8.709115966195903
157 8.521746081343506
158 4.7632060955138265
159 8.59040084629277
160 9.890377161054788
161 8.916736751858908
162 9.741101099870138
163 8.982391746807448
164 7.871325221768871
165 8.28105133357563
166 7.41882127754073
167 10.416425946338618
168 10.495817612365125
169 9.783563057022082
170 9.016534619810399
171 9.04701778074137
172 9.100685061292138
173 9.780483590762614
174 9.399387202272566
175 9.347129601535427
176 10.202053226388095
177 7.088719788618699
178 7.41931955971134
179 5.99236934898989
180 9.163076646366047
181 9.345757061921223
182 9.199234881729613
183 8.493245594397992
184 8.876056450590815
185 8.190369771410264
186 9.285166607243657
187 11.795241472585335
188 9.776617807519292
189 11.26721337475907
190 9.968041233895665
191 10.639842728615989
192 9.81686868348473
193 10.05540340473453
194 10.573070009059348
195 10.775075279894775
196 9.646644703969768
197 10.725526811641542
198 10.569034081617492
199 7.340552630697196
200 4.545252199919842
201 6.150222713927758
202 3.905075676690755
203 7.103694332674042
204 7.8412970762248415
205 10.533431495907713
206 8.630956490326167
207 8.503327965568966
208 8.676093916031098
209 4.660604049099426
210 9.003044983289257
211 6.724140240874715
212 8.259734231405229
213 6.833721143990669
214 6.2601764355408855
215 6.993274486557076
216 8.272151900336688
217 8.259093560134088
218 9.799080674924108
219 8.46415764636571
220 9.07161990450171
221 7.775562834432612
222 7.4015620732711325
223 7.829533278239271
224 6.169532819410903
225 8.829573154835115
226 9.046133943022488
227 8.352104233685804
228 4.910400610907048
229 6.97551789179423
230 8.373244178865898
231 7.483988673042181
232 6.036563944588076
233 8.32543726617404
234 6.830610630001037
235 5.875476548812797
236 7.258978588053361
237 7.600826926274124
238 7.297125894582782
239 6.8676442018129364
240 8.28732293098811
241 8.069100533533263
242 8.086663701167142
243 8.275965257040486
244 7.526270968711535
245 8.477808897540655
246 6.680546659870125
247 10.954814477984785
248 7.48312681670527
249 8.932837737865357
250 10.082037883838465
251 6.982672087833302
252 11.595352971968529
253 9.467651229447197
254 8.824272690811942
255 10.300460708286645
256 8.690641851328571
257 8.726102858134103
258 8.254043576994896
259 6.855197578681108
260 7.222806133796761
261 8.894259678687325
262 8.05868253747041
263 9.889245226293303
264 7.243568200303355
265 7.0370399511796835
266 7.359250845195509
267 6.581761242330039
268 7.175256455225883
269 8.447006858108004
270 8.360676378846058
271 7.291171422157415
272 4.15819140103296
273 7.353272028988362
274 8.050176318245855
275 8.117619464812973
276 7.935104921928499
277 7.920767108075976
278 6.91787838470372
279 6.462921019313214
280 7.508227581047733
281 7.441384782039905
282 8.068559708412517
283 4.565498622813649
284 4.283066974222189
285 3.4333490357591865
286 6.6957624237618045
287 6.991561393977106
288 7.3955274004066585
289 7.640460314840961
290 9.166809880240956
291 9.727305775066336
292 7.266992435179767
293 9.066017663002944
294 6.517375112804386
295 5.974377083558882
296 8.764293800906094
297 5.653472451458267
298 5.660214884523209
299 8.444731790970417
300 10.417698269871037
301 10.611703673588853
302 11.003914866724669
303 9.95949702796429
304 11.650212366620194
305 10.13105815855762
306 9.266430852016153
307 7.608647792831564
308 12.393882885136302
309 12.17019229450906
310 11.20053789743086
311 10.039227333071462
312 9.085023091496739
313 8.477335708664283
314 10.14335313854325
315 6.781095323315183
316 6.536629776991652
317 7.180795131989654
318 6.258134180137144
319 10.792098236389814
320 11.253974349339524
321 9.124529084060322
322 9.554008377648854
323 10.835178081688422
324 10.072333703657911
325 11.956427188703623
326 9.572796393158312
327 8.971216803391508
328 6.639381514656752
329 9.437302957932665
330 10.53357438443504
331 10.343912211810716
332 10.033877560886909
333 7.863347190156709
334 6.98020096826572
335 7.884856107913059
336 7.430398158664707
337 7.807783282478729
338 7.992775229544848
339 8.594728716779374
340 9.876593523124667
341 10.45264532553834
342 12.075323084821278
343 9.096979645391691
344 12.342396371515942
345 12.231307745555991
346 10.704146347602265
347 11.195813227072096
348 8.81592001363136
349 8.173251862258303
350 11.355418156604184
351 7.4661781774923615
352 11.63018785179709
353 5.809409105166374
354 7.475359899096802
355 7.289131764387834
356 6.759371825062504
357 9.228683849339797
358 8.544516754880007
359 8.746538129192855
360 8.435452349512541
361 10.230216360089122
362 9.421484017185575
363 10.350769007734117
364 9.562144869830323
365 10.88455679713751
366 6.530297655313915
367 9.195336119261311
368 7.012433986066873
369 7.449803152824839
370 11.403495714530388
371 8.88829785676012
372 9.858761914789321
373 11.661977007544772
374 8.387923263459646
375 9.632117880790194
376 7.848808613133104
377 10.297402055107941
378 8.888039548259995
379 12.026790840532723
380 8.774382182881295
381 9.211441890742902
382 7.669844303591512
383 9.446453016671404
384 8.020914068380948
385 9.801427777621745
386 8.569637050584792
387 7.039901847212322
388 8.819683388404943
389 6.770828811035721
390 7.438986991059162
391 4.391041531871191
392 7.744854872231115
393 6.261829561042627
394 8.2283409726837
395 7.7209128340747455
396 5.918073504936099
397 6.284445661901062
398 8.065397050107078
399 6.251768491371659
400 6.27824713652803
401 7.999133879546733
402 7.711449789590518
403 7.020602834177155
404 6.051662853944861
405 6.154050781993672
406 6.845132286436764
407 8.450619684940406
408 6.819429659247918
409 6.91743987095369
410 7.521203211369653
411 8.530687492178012
412 7.402883639669079
413 7.879836339672869
414 8.159532571330123
415 7.0489379566451715
416 7.614725695854265
417 8.72024489872227
418 6.234682834510712
419 7.040824783055763
420 4.200579658018858
421 3.4676115724060184
422 6.5348365356340095
423 7.116197955963382
424 7.626515238017219
425 6.069215869193647
426 5.0228507987359805
427 2.7182894463625074
428 7.629666727731536
429 8.216923919363063
430 7.310597139547403
431 7.059071817958243
432 6.702385791493732
433 8.268268123407081
434 2.7532457091884384
435 3.134784208340874
436 4.737789685230462
437 7.807212591620463
438 4.603037692671874
439 6.240242334979819
440 7.186012001938783
441 10.142941561787488
442 8.668325067674878
443 10.688490526868687
444 9.015172341829134
445 8.27659941948453
446 10.017784571363123
447 8.209965842044666
448 9.738385858794253
449 8.691041579193241
450 4.9315955205950655
451 5.720849604406323
452 6.66523851060598
453 8.050963137016058
454 9.20708822299602
455 5.459501221224249
456 8.322685032047241
457 4.876286460239247
458 9.6056270533617
459 7.928959171912119
460 5.644589480992616
461 9.534829026689305
462 4.82228219645278
463 3.733486005226375
464 4.784519986815217
465 5.4959875054164335
466 3.3062016465761466
467 3.0343655665732334
468 2.6374221785610987
469 2.861490979850934
470 2.775524656430696
471 2.9467258005406722
472 7.841528430065632
473 7.7697816842844425
474 8.303050121579647
475 5.675279580897921
476 7.633859112120443
477 6.076526342186578
478 6.6349667540168795
479 6.423918962540893
480 8.684659267735999
481 6.8732697770480655
482 5.524791304043081
483 7.2603328469377955
484 5.402232243375166
485 3.040374477636748
486 4.115423153624445
487 8.116185148866204
488 7.747589204181329
489 6.095588346552269
490 6.441405204445177
491 6.39556488709916
492 5.56228283068378
493 5.851326648675203
494 7.324118363190421
495 4.238580752766235
496 2.8567255144588413
497 7.155053515596232
498 4.459150176668097
499 5.981999278085285
500 3.898897227116746
501 6.8865819684583345
502 7.32924400113331
503 5.673317501925578
504 5.38624025845549
505 8.9343704241512
506 6.703183599039215
507 6.214600707512406
508 8.31199340681972
509 5.442551286608763
510 5.342621882934289
511 4.330517818482513
512 4.8873341250552205
513 5.1181183392682525
514 6.3882544825191045
515 6.865800890272199
516 5.776792150750896
517 2.959344881207174
518 2.7496933579687064
519 2.849266782125711
