1 0.5869520306587219 0.1208440363407135 0.12084405869245529
2 0.6281702518463135 0.1481402963399887 0.14814028143882751
3 0.6660118103027344 0.1749744713306427 0.1749744713306427
4 0.727725625038147 0.23682335019111633 0.23682336509227753
5 0.7429406046867371 0.2437741458415985 0.2437741458415985
6 0.7452739477157593 0.23398694396018982 0.23398694396018982
7 0.7356778383255005 0.24892231822013855 0.24892230331897736
8 0.7534739971160889 0.24501559138298035 0.24501556158065796
9 0.8272026181221008 0.3239858150482178 0.3239858150482178
10 0.8133573532104492 0.30911973118782043 0.30911967158317566
11 0.8134201765060425 0.2912699580192566 0.2912699282169342
12 0.809853196144104 0.30906417965888977 0.30906400084495544
13 0.8251746296882629 0.29493457078933716 0.29493460059165955
14 1.0370591878890991 0.487962007522583 0.48796212673187256
15 1.0425935983657837 0.4255301058292389 0.4255300760269165
16 1.052323341369629 0.4522772431373596 0.4522772431373596
17 1.070691704750061 0.465524822473526 0.465524822473526
18 1.0901015996932983 0.4684716463088989 0.46847179532051086
19 1.5076980590820313 0.9566463828086853 0.9566463828086853
20 1.9032208919525146 1.2349528074264526 1.2349528074264526
21 1.9206727743148804 1.1859558820724487 1.1859558820724487
22 2.073211908340454 1.4954657554626465 1.4954657554626465
23 2.362306594848633 1.7891098260879517 1.7891098260879517
24 2.144829273223877 1.4795951843261719 1.4795950651168823
25 2.366988182067871 1.7334288358688354 1.7334288358688354
26 2.2682859897613525 1.6308906078338623 1.6308910846710205
27 2.385633945465088 1.8286288976669312 1.8286288976669312
28 2.5603158473968506 2.066969871520996 2.066969871520996
29 2.5004711151123047 1.8742121458053589 1.8742121458053589
30 2.7035717964172363 2.053515911102295 2.053516149520874
31 2.7031519412994385 2.098688840866089 2.098688840866089
32 2.544318199157715 1.831620693206787 1.831620693206787
33 2.657745838165283 1.8479676246643066 1.847967505455017
34 2.6119539737701416 1.8192596435546875 1.8192596435546875
35 2.5832087993621826 1.9094208478927612 1.9094208478927612
36 2.703129291534424 2.0044105052948 2.0044105052948
37 2.5758960247039795 1.8313089609146118 1.8313089609146118
38 2.7797117233276367 2.0626220703125 2.0626220703125
39 2.923367977142334 2.2035932540893555 2.2035930156707764
40 2.8008787631988525 2.040881872177124 2.040881633758545
41 2.9269838333129883 2.199375629425049 2.199375629425049
42 2.8095004558563232 2.1584646701812744 2.1584646701812744
43 2.7550265789031982 2.1178271770477295 2.1178271770477295
44 2.7889790534973145 2.207200527191162 2.207200527191162
45 2.7817273139953613 2.138948440551758 2.138948440551758
46 2.7211854457855225 2.102445363998413 2.102445363998413
47 2.7230045795440674 2.1064412593841553 2.1064417362213135
48 2.8342347145080566 2.181105375289917 2.181105375289917
49 2.7479958534240723 2.0490407943725586 2.0490407943725586
50 2.838352918624878 2.139077663421631 2.139077663421631
51 2.816762685775757 2.2059848308563232 2.2059848308563232
52 2.895498752593994 2.2283215522766113 2.2283215522766113
53 2.928212881088257 2.2359330654144287 2.235933303833008
54 2.8754873275756836 2.125908136367798 2.125908136367798
55 2.8521950244903564 2.1761200428009033 2.1761200428009033
56 2.8240325450897217 2.1645567417144775 2.1645567417144775
57 2.926988124847412 2.2200257778167725 2.2200257778167725
58 2.9576809406280518 2.2601349353790283 2.2601349353790283
59 2.8857452869415283 2.140984296798706 2.140984296798706
60 3.012918710708618 2.385554552078247 2.385554552078247
61 2.768033742904663 2.0766305923461914 2.0766305923461914
62 2.7527356147766113 2.098583698272705 2.098583698272705
63 2.8272812366485596 2.0651814937591553 2.0651814937591553
64 2.795135974884033 2.125645160675049 2.125645160675049
65 2.7848587036132813 2.0831174850463867 2.083117723464966
66 2.6704494953155518 2.0402965545654297 2.040297031402588
67 2.790642023086548 2.227721929550171 2.227721929550171
68 2.6390581130981445 2.033722400665283 2.033722400665283
69 2.9214560985565186 2.2717998027801514 2.2717998027801514
70 2.9845492839813232 2.3240156173706055 2.3240156173706055
71 2.8654303550720215 2.3103904724121094 2.3103904724121094
72 2.9568865299224854 2.3148539066314697 2.314854145050049
73 3.1035869121551514 2.39188551902771 2.391885757446289
74 2.8295273780822754 2.1271727085113525 2.1271724700927734
75 2.898585319519043 2.278036594390869 2.278036594390869
76 3.0052146911621094 2.292877674102783 2.292877674102783
77 2.9564602375030518 2.2811083793640137 2.2811081409454346
78 2.8185224533081055 2.097630500793457 2.097630500793457
79 2.931457281112671 2.247910737991333 2.247910737991333
80 2.8253135681152344 2.1574342250823975 2.1574342250823975
81 3.105973243713379 2.4438602924346924 2.4438602924346924
82 2.897428035736084 2.1818923950195313 2.1818923950195313
83 3.016500949859619 2.3751156330108643 2.375115156173706
84 2.7766175270080566 2.0086781978607178 2.0086781978607178
85 2.9198079109191895 2.276761293411255 2.276761054992676
86 2.9215500354766846 2.220176935195923 2.220176935195923
87 2.919224977493286 2.1746926307678223 2.174692392349243
88 2.8678667545318604 2.11637020111084 2.116370439529419
89 2.8934361934661865 2.0941479206085205 2.0941479206085205
90 2.816283941268921 2.029094696044922 2.029094696044922
91 2.7966814041137695 1.9992403984069824 1.9992400407791138
92 2.8695619106292725 2.066011905670166 2.066011905670166
93 2.830857753753662 2.0670573711395264 2.0670571327209473
94 2.736541509628296 1.8986259698867798 1.8986259698867798
95 2.8864846229553223 2.1348538398742676 2.1348538398742676
96 3.0291104316711426 2.3425912857055664 2.3425915241241455
97 2.9637527465820313 2.225311040878296 2.225311040878296
98 2.955181121826172 2.3331875801086426 2.3331875801086426
99 3.13570499420166 2.5310003757476807 2.5310003757476807
100 3.266733407974243 2.5972418785095215 2.5972421169281006
101 3.1046690940856934 2.4297354221343994 2.4297356605529785
102 3.2447874546051025 2.595470666885376 2.595470666885376
103 3.2728312015533447 2.6715447902679443 2.6715447902679443
104 3.110185384750366 2.4385180473327637 2.4385180473327637
105 3.1108193397521973 2.5108745098114014 2.5108745098114014
106 3.0998685359954834 2.459376811981201 2.459376811981201
107 2.9436709880828857 2.233286142349243 2.233286142349243
108 3.236511707305908 2.570680856704712 2.570681095123291
109 2.993368625640869 2.4140429496765137 2.4140429496765137
110 3.082811117172241 2.496990203857422 2.496990203857422
111 3.015833854675293 2.2805912494659424 2.2805912494659424
112 3.0693166255950928 2.4010536670684814 2.4010536670684814
113 3.124790906906128 2.509700059890747 2.509700059890747
114 2.9708549976348877 2.3561298847198486 2.3561298847198486
115 3.1719322204589844 2.5343596935272217 2.5343596935272217
116 3.120213747024536 2.3632187843322754 2.3632187843322754
117 3.170158863067627 2.4738473892211914 2.4738473892211914
118 3.164743661880493 2.4061403274536133 2.4061403274536133
119 3.1356921195983887 2.4898314476013184 2.4898314476013184
120 3.2146873474121094 2.5721774101257324 2.5721774101257324
121 3.1417829990386963 2.557072877883911 2.557072877883911
122 2.9523816108703613 2.2622196674346924 2.2622196674346924
123 2.879082202911377 2.1619296073913574 2.1619298458099365
124 2.7244176864624023 1.99655282497406 1.99655282497406
125 2.8838913440704346 2.0976366996765137 2.0976366996765137
126 2.8223273754119873 1.9869177341461182 1.9869177341461182
127 2.91115665435791 2.125674247741699 2.1256744861602783
128 3.0631189346313477 2.3296663761138916 2.3296663761138916
129 2.9046056270599365 2.229477643966675 2.229477643966675
130 2.9090347290039063 2.172508716583252 2.172508716583252
131 2.865100622177124 2.181243419647217 2.181243419647217
132 3.04410457611084 2.389914035797119 2.389914035797119
133 2.8935890197753906 2.24261474609375 2.24261474609375
134 2.882352828979492 2.2072432041168213 2.2072432041168213
135 3.0470621585845947 2.425757646560669 2.425757646560669
136 2.8708670139312744 2.1347150802612305 2.1347150802612305
137 2.9666244983673096 2.2240428924560547 2.2240428924560547
138 3.135854482650757 2.518552780151367 2.518552780151367
139 2.9601266384124756 2.231112003326416 2.231112003326416
140 2.990873098373413 2.3249857425689697 2.3249857425689697
141 3.0751397609710693 2.3089311122894287 2.3089311122894287
142 3.0073177814483643 2.259401798248291 2.259401798248291
143 2.9466817378997803 2.1296780109405518 2.1296780109405518
144 3.0601680278778076 2.3321707248687744 2.3321707248687744
145 3.010462522506714 2.229616403579712 2.229616403579712
146 2.7091786861419678 1.9221892356872559 1.9221893548965454
147 2.834447145462036 2.0884711742401123 2.088470697402954
148 2.9683053493499756 2.1404531002044678 2.1404526233673096
149 2.976170301437378 2.0740418434143066 2.0740418434143066
150 2.9402549266815186 2.1916651725769043 2.1916651725769043
151 2.8085131645202637 2.059258460998535 2.059258460998535
152 2.8842339515686035 2.142086982727051 2.142086982727051
153 3.0919666290283203 2.355854034423828 2.355854034423828
154 2.891615390777588 2.1586780548095703 2.158677339553833
155 2.979314088821411 2.3095693588256836 2.3095693588256836
156 2.760850667953491 2.0377798080444336 2.0377798080444336
157 2.8384392261505127 2.1022400856018066 2.1022400856018066
158 3.085365056991577 2.3718080520629883 2.3718080520629883
159 2.916203260421753 2.1170499324798584 2.1170499324798584
160 2.8945913314819336 2.1216399669647217 2.1216397285461426
161 2.964247465133667 2.2230494022369385 2.2230494022369385
162 3.0196681022644043 2.3386735916137695 2.3386735916137695
163 2.907552719116211 2.1557533740997314 2.1557533740997314
164 3.0483510494232178 2.2900314331054688 2.2900309562683105
165 2.8645358085632324 2.14312481880188 2.14312481880188
166 2.819003105163574 2.097116231918335 2.097116231918335
167 2.784456491470337 1.9846489429473877 1.9846490621566772
168 2.9032161235809326 2.1061513423919678 2.1061513423919678
169 2.8097431659698486 1.967157006263733 1.967157006263733
170 2.9519541263580322 2.132990837097168 2.132990598678589
171 2.862266778945923 2.059452533721924 2.059452772140503
172 2.796539545059204 2.0182676315307617 2.018267869949341
173 3.0021321773529053 2.2926485538482666 2.2926480770111084
174 2.7850444316864014 1.9541038274765015 1.9541038274765015
175 2.8220555782318115 2.0612967014312744 2.0612967014312744
176 2.8768558502197266 2.114313840866089 2.114313840866089
177 2.73140287399292 1.9451900720596313 1.9451900720596313
178 2.8470635414123535 2.051063299179077 2.051063299179077
179 2.9553070068359375 2.139486789703369 2.139486789703369
180 3.08611798286438 2.2556631565093994 2.2556631565093994
181 3.134599447250366 2.297483205795288 2.297482967376709
182 3.09073543548584 2.317101001739502 2.317101001739502
183 2.816549301147461 2.023391008377075 2.023391008377075
184 2.9837710857391357 2.1365811824798584 2.1365811824798584
185 3.038444995880127 2.211982011795044 2.211982011795044
186 2.9424357414245605 2.067389726638794 2.067389726638794
187 3.0312633514404297 2.271721601486206 2.271721601486206
188 3.000124931335449 2.252542495727539 2.252542495727539
189 2.8594067096710205 1.9992014169692993 1.9992011785507202
190 3.0587210655212402 2.3786637783050537 2.3786637783050537
191 2.836718797683716 2.0803399085998535 2.0803396701812744
192 2.800104856491089 2.036998748779297 2.036998748779297
193 2.9269349575042725 2.1883583068847656 2.1883585453033447
194 2.8700153827667236 2.126124620437622 2.126124620437622
195 2.9333605766296387 2.0557682514190674 2.0557682514190674
196 2.905477523803711 2.1487457752227783 2.1487457752227783
197 3.014406204223633 2.2846803665161133 2.2846803665161133
198 2.9075896739959717 2.120328187942505 2.120328187942505
199 2.882204532623291 2.078439950942993 2.078439950942993
200 2.922379970550537 2.148635149002075 2.148635149002075
201 2.9378502368927 2.1406688690185547 2.1406688690185547
202 2.9330453872680664 2.177203893661499 2.17720365524292
203 2.8819806575775146 2.0964622497558594 2.0964622497558594
204 2.8535115718841553 2.0820515155792236 2.0820515155792236
205 2.9663100242614746 2.1542487144470215 2.1542482376098633
206 2.8831372261047363 2.131253719329834 2.131253719329834
207 2.7503366470336914 1.8623619079589844 1.8623619079589844
208 2.84586501121521 2.0359020233154297 2.0359020233154297
209 2.8831417560577393 2.034681558609009 2.034681558609009
210 2.8294107913970947 2.024308681488037 2.024308443069458
211 2.745600938796997 1.9809045791625977 1.9809045791625977
212 2.7193355560302734 1.8952163457870483 1.8952163457870483
213 2.91829776763916 2.1521663665771484 2.1521661281585693
214 2.932349920272827 2.115650177001953 2.115650177001953
215 2.900757312774658 2.0266335010528564 2.0266332626342773
216 2.905137777328491 1.948657751083374 1.948657512664795
217 3.0471556186676025 2.137925386428833 2.137925386428833
218 2.9329943656921387 1.9510325193405151 1.951032280921936
219 3.1546216011047363 2.3108162879943848 2.3108162879943848
220 3.03645658493042 2.201810836791992 2.201810836791992
221 3.1886556148529053 2.3722219467163086 2.3722219467163086
222 3.149704694747925 2.2920639514923096 2.2920639514923096
223 3.124131679534912 2.3242061138153076 2.3242061138153076
224 3.0030245780944824 2.234327554702759 2.234327554702759
225 2.962317705154419 2.162134885787964 2.162135124206543
226 3.027662515640259 2.2094533443450928 2.2094533443450928
227 3.191500186920166 2.413594961166382 2.413595199584961
228 3.168400526046753 2.356412172317505 2.356412172317505
229 3.119997024536133 2.373161554336548 2.373161792755127
230 3.088881492614746 2.3511037826538086 2.3511037826538086
231 3.203402519226074 2.4494919776916504 2.4494919776916504
232 3.1837680339813232 2.389528512954712 2.389528512954712
233 3.163137197494507 2.266024589538574 2.266024589538574
234 3.124436855316162 2.333916664123535 2.3339169025421143
235 3.0283329486846924 2.206951141357422 2.206951141357422
236 3.161616325378418 2.441145181655884 2.441145181655884
237 3.1786561012268066 2.37787127494812 2.37787127494812
238 3.0719335079193115 2.2600302696228027 2.2600302696228027
239 3.1152098178863525 2.390725612640381 2.390725612640381
240 3.262352228164673 2.4395928382873535 2.4395928382873535
241 3.1834089756011963 2.379941940307617 2.379941940307617
242 3.2270848751068115 2.3839352130889893 2.3839352130889893
243 3.09678053855896 2.3499176502227783 2.349917411804199
244 3.2352447509765625 2.4976022243499756 2.4976022243499756
245 3.2875285148620605 2.477705478668213 2.477705478668213
246 3.2148258686065674 2.4805986881256104 2.4805986881256104
247 3.2160730361938477 2.5087735652923584 2.5087735652923584
248 3.204202651977539 2.450103521347046 2.450103521347046
249 3.2058498859405518 2.47890305519104 2.47890305519104
250 3.2555410861968994 2.5105092525482178 2.5105092525482178
251 3.0941553115844727 2.4717912673950195 2.4717912673950195
252 3.203850269317627 2.473317861557007 2.4733176231384277
253 3.1828322410583496 2.3755462169647217 2.3755462169647217
254 3.0937371253967285 2.3296711444854736 2.3296711444854736
255 3.162116050720215 2.417783260345459 2.41778302192688
256 3.206700325012207 2.4399449825286865 2.4399447441101074
257 3.2209630012512207 2.4655275344848633 2.4655275344848633
258 3.231121778488159 2.410165309906006 2.410165548324585
259 2.977607250213623 2.20802640914917 2.208026170730591
260 2.9637417793273926 2.1741487979888916 2.1741487979888916
261 3.0758414268493652 2.2728543281555176 2.2728540897369385
262 3.030613899230957 2.2587945461273193 2.2587945461273193
263 2.923661231994629 2.146425247192383 2.146425247192383
264 3.0153467655181885 2.2589023113250732 2.2589023113250732
265 3.0234248638153076 2.2592434883117676 2.2592434883117676
266 2.9644484519958496 2.18532395362854 2.18532395362854
267 3.075352668762207 2.2947816848754883 2.2947816848754883
268 3.0309085845947266 2.258464813232422 2.258464813232422
269 2.994741201400757 2.249089002609253 2.2490885257720947
270 3.0138213634490967 2.2907681465148926 2.2907681465148926
271 2.9632880687713623 2.2262864112854004 2.2262864112854004
272 3.0078847408294678 2.2389488220214844 2.2389488220214844
273 3.0718891620635986 2.3422653675079346 2.3422653675079346
274 2.9297494888305664 2.140045642852783 2.1400461196899414
275 2.9780890941619873 2.168365240097046 2.168365240097046
276 2.95772123336792 2.2136125564575195 2.2136125564575195
277 2.9580464363098145 2.173635959625244 2.173635959625244
278 2.9996931552886963 2.2280290126800537 2.2280290126800537
279 2.9474539756774902 2.161327600479126 2.161327600479126
280 2.9235079288482666 2.1385185718536377 2.1385183334350586
281 3.0896553993225098 2.3534975051879883 2.3534975051879883
282 2.9841203689575195 2.163170337677002 2.163170337677002
283 3.165574789047241 2.362348794937134 2.362348794937134
284 3.149475336074829 2.397259473800659 2.397259473800659
285 3.1289255619049072 2.326465129852295 2.326465129852295
286 3.108710289001465 2.2668991088867188 2.2668991088867188
287 3.0258593559265137 2.166222333908081 2.166222333908081
288 2.928914785385132 2.121371269226074 2.121371269226074
289 3.1181297302246094 2.330099582672119 2.330099582672119
290 3.0439186096191406 2.260873794555664 2.260873794555664
291 3.1135613918304443 2.289872407913208 2.289872169494629
292 3.1677279472351074 2.3579132556915283 2.3579132556915283
293 3.074582576751709 2.278245449066162 2.278245449066162
294 3.1453254222869873 2.36211895942688 2.36211895942688
295 3.209723949432373 2.437788486480713 2.437788248062134
296 3.160249948501587 2.413492441177368 2.413492441177368
297 3.0902035236358643 2.3884027004241943 2.3884027004241943
298 3.0426652431488037 2.2755417823791504 2.2755417823791504
299 3.203003168106079 2.475689172744751 2.475689172744751
300 3.1114501953125 2.3606410026550293 2.3606410026550293
301 3.198090076446533 2.449923515319824 2.4499237537384033
302 3.2554564476013184 2.479658603668213 2.479658603668213
303 3.1696252822875977 2.430417060852051 2.430417060852051
304 3.1246025562286377 2.3330349922180176 2.3330349922180176
305 3.0468313694000244 2.3917903900146484 2.3917903900146484
306 3.079767942428589 2.386972427368164 2.386972427368164
307 3.1767165660858154 2.396710157394409 2.396710157394409
308 3.245262622833252 2.4799392223358154 2.4799392223358154
309 3.078583002090454 2.3368794918060303 2.3368794918060303
310 3.170870065689087 2.438202142715454 2.438202142715454
311 3.0589962005615234 2.337672710418701 2.337672710418701
312 3.1501667499542236 2.3913376331329346 2.3913378715515137
313 3.267758846282959 2.513370990753174 2.513370990753174
314 3.177868604660034 2.3966376781463623 2.3966376781463623
315 3.1171531677246094 2.320892572402954 2.320892572402954
316 3.116912364959717 2.2541568279266357 2.2541565895080566
317 3.1593029499053955 2.389674186706543 2.389674186706543
318 3.0512402057647705 2.2512519359588623 2.2512519359588623
319 3.104290723800659 2.287651538848877 2.287651300430298
320 3.0824973583221436 2.2996394634246826 2.2996394634246826
321 3.0741164684295654 2.3584322929382324 2.3584322929382324
322 3.1041805744171143 2.3661534786224365 2.3661534786224365
323 3.1836938858032227 2.3689403533935547 2.3689401149749756
324 3.0886263847351074 2.2886812686920166 2.2886812686920166
325 2.9718432426452637 2.1678524017333984 2.1678526401519775
326 2.908771514892578 2.0675976276397705 2.0675976276397705
327 2.998579263687134 2.1189229488372803 2.1189229488372803
328 2.997710704803467 2.1269218921661377 2.1269218921661377
329 3.0129611492156982 2.1701319217681885 2.1701319217681885
330 3.101313591003418 2.32108473777771 2.32108473777771
331 3.1749343872070313 2.347463607788086 2.347463607788086
332 2.984532117843628 2.1782915592193604 2.1782915592193604
333 3.0555193424224854 2.2661709785461426 2.2661709785461426
334 3.0276198387145996 2.235224962234497 2.235224962234497
335 3.032949686050415 2.266761541366577 2.2667617797851563
336 3.051630973815918 2.2552545070648193 2.2552545070648193
337 2.9799277782440186 2.1809911727905273 2.1809911727905273
338 2.836970329284668 1.983052372932434 1.983052372932434
339 2.9178707599639893 2.085137128829956 2.085137128829956
340 2.8941588401794434 2.037116765975952 2.037116765975952
341 2.83777117729187 1.9752460718154907 1.9752460718154907
342 3.001734733581543 2.2120490074157715 2.2120490074157715
343 3.0155560970306396 2.203801393508911 2.203801155090332
344 2.957486867904663 2.147961139678955 2.147961139678955
345 3.029330253601074 2.234149217605591 2.234149217605591
346 2.956855535507202 2.1700422763824463 2.1700425148010254
347 3.056537389755249 2.238950490951538 2.238950490951538
348 2.8783438205718994 1.9764411449432373 1.9764410257339478
349 2.931574583053589 2.1138312816619873 2.1138312816619873
350 2.914491891860962 2.1220226287841797 2.122023105621338
351 3.0641980171203613 2.3272416591644287 2.3272416591644287
352 3.0692834854125977 2.356505870819092 2.356505870819092
353 2.9854862689971924 2.2324836254119873 2.2324836254119873
354 2.8532330989837646 2.0503437519073486 2.050344228744507
355 2.964144229888916 2.1476972103118896 2.1476972103118896
356 2.8222737312316895 1.9126797914505005 1.9126797914505005
357 2.8552463054656982 1.9696887731552124 1.969688892364502
358 3.1554737091064453 2.3592875003814697 2.3592875003814697
359 2.9361531734466553 2.099581480026245 2.099581480026245
360 2.8921921253204346 2.046774387359619 2.046774387359619
361 2.913729667663574 2.0705981254577637 2.0705981254577637
362 2.9074995517730713 2.084264039993286 2.084264039993286
363 2.8779537677764893 2.0161304473876953 2.0161304473876953
364 2.923307418823242 2.093510389328003 2.093510389328003
365 2.9986953735351563 2.169837236404419 2.169837474822998
366 3.008011817932129 2.1206443309783936 2.1206443309783936
367 3.0340166091918945 2.1894261837005615 2.1894261837005615
368 2.9113476276397705 2.1188113689422607 2.1188113689422607
369 2.9079060554504395 2.041968822479248 2.041968822479248
370 2.985917329788208 2.1763763427734375 2.1763761043548584
371 2.8241660594940186 2.0127198696136475 2.0127196311950684
372 3.0116987228393555 2.2080037593841553 2.2080037593841553
373 2.772517442703247 1.8779035806655884 1.8779034614562988
374 2.9969615936279297 2.176316976547241 2.176316499710083
375 2.937513828277588 2.058192729949951 2.058192729949951
376 2.8866379261016846 2.0271856784820557 2.0271856784820557
377 2.7829785346984863 1.9317448139190674 1.9317448139190674
378 2.8258321285247803 1.9700266122817993 1.9700268507003784
379 3.018839120864868 2.291057586669922 2.2910573482513428
380 3.0345425605773926 2.2663655281066895 2.2663655281066895
381 3.022744655609131 2.1952261924743652 2.1952261924743652
382 2.9937684535980225 2.2019660472869873 2.2019660472869873
383 3.0227811336517334 2.234572649002075 2.234572649002075
384 3.2153048515319824 2.5818231105804443 2.5818231105804443
385 3.1870226860046387 2.549760103225708 2.549760341644287
386 3.237732172012329 2.573960781097412 2.573960781097412
387 3.188028573989868 2.527597665786743 2.527597665786743
388 3.0110464096069336 2.2113852500915527 2.211385488510132
389 3.2490105628967285 2.5312275886535645 2.5312275886535645
390 3.052935838699341 2.2970120906829834 2.2970120906829834
391 2.9844870567321777 2.243201971054077 2.243201732635498
392 3.011881113052368 2.2673773765563965 2.2673773765563965
393 2.969378709793091 2.1850249767303467 2.1850249767303467
394 3.2533061504364014 2.5234103202819824 2.5234105587005615
395 3.056926965713501 2.325869083404541 2.325869083404541
396 2.9921445846557617 2.30379319190979 2.30379319190979
397 3.1773526668548584 2.459717273712158 2.459717273712158
398 3.0107338428497314 2.3279879093170166 2.3279881477355957
399 3.0989511013031006 2.291442632675171 2.291442394256592
400 3.03114914894104 2.3707008361816406 2.3707010746002197
401 3.0587987899780273 2.38431978225708 2.38431978225708
402 3.1570518016815186 2.411620616912842 2.411620616912842
403 3.00964093208313 2.2721707820892334 2.2721710205078125
404 3.201580047607422 2.4879508018493652 2.487950563430786
405 3.080430269241333 2.4303011894226074 2.4303011894226074
406 3.1720633506774902 2.5125739574432373 2.5125739574432373
407 3.1414377689361572 2.485224723815918 2.485224723815918
408 3.094585418701172 2.346062183380127 2.346062183380127
409 3.104445695877075 2.4311976432800293 2.4311976432800293
410 3.0968830585479736 2.3648393154144287 2.3648393154144287
411 3.067338705062866 2.2909083366394043 2.2909088134765625
412 3.1155738830566406 2.35506010055542 2.355059862136841
413 3.1371936798095703 2.4648923873901367 2.4648923873901367
414 3.1147022247314453 2.395129919052124 2.395129919052124
415 3.0640108585357666 2.252228260040283 2.252228260040283
416 3.1425766944885254 2.4281022548675537 2.4281022548675537
417 3.036830425262451 2.3034393787384033 2.3034393787384033
418 3.1406002044677734 2.3443443775177 2.3443443775177
419 3.0329079627990723 2.295315980911255 2.295315980911255
420 3.202711343765259 2.50128436088562 2.50128436088562
421 3.110389232635498 2.3642282485961914 2.3642284870147705
422 3.061450958251953 2.2903800010681152 2.2903800010681152
423 3.247310161590576 2.4432520866394043 2.4432520866394043
424 3.1697518825531006 2.346951484680176 2.3469512462615967
425 3.2535204887390137 2.4894728660583496 2.4894728660583496
426 3.252098560333252 2.451594352722168 2.451594352722168
427 3.26302170753479 2.468885660171509 2.468885660171509
428 3.0647900104522705 2.31327748298645 2.31327748298645
429 3.1778695583343506 2.4475746154785156 2.4475746154785156
430 3.127512216567993 2.3701822757720947 2.3701822757720947
431 3.122638463973999 2.31929349899292 2.31929349899292
432 3.2269856929779053 2.483017921447754 2.483017921447754
433 3.1612889766693115 2.4272124767303467 2.427212715148926
434 3.192209005355835 2.433328628540039 2.433328628540039
435 3.2893035411834717 2.525730609893799 2.5257303714752197
436 3.1808576583862305 2.4202709197998047 2.4202709197998047
437 3.0920350551605225 2.291722059249878 2.291722059249878
438 3.162346363067627 2.3341546058654785 2.3341548442840576
439 3.2165780067443848 2.4110336303710938 2.4110336303710938
440 3.1313705444335938 2.331650733947754 2.331650733947754
441 3.041452646255493 2.2491893768310547 2.2491893768310547
442 3.09010648727417 2.2690744400024414 2.2690744400024414
443 3.098285675048828 2.2046563625335693 2.2046563625335693
444 3.1584880352020264 2.315946102142334 2.315946102142334
445 2.9711241722106934 2.0372207164764404 2.0372207164764404
446 3.0542471408843994 2.154460906982422 2.154460906982422
447 3.068716049194336 2.1523773670196533 2.152377128601074
448 3.1382901668548584 2.3203961849212646 2.3203959465026855
449 3.1078860759735107 2.2811105251312256 2.2811105251312256
450 3.2512309551239014 2.3922441005706787 2.392244338989258
451 3.201167583465576 2.3694610595703125 2.3694610595703125
452 3.1364285945892334 2.384737968444824 2.384737968444824
453 2.911210536956787 2.156304121017456 2.156303644180298
454 3.1210567951202393 2.3593456745147705 2.3593456745147705
455 3.1500532627105713 2.3139917850494385 2.3139917850494385
456 3.174776554107666 2.339711904525757 2.339711904525757
457 3.0495035648345947 2.2407796382904053 2.2407796382904053
458 3.0931196212768555 2.2423126697540283 2.2423126697540283
459 3.072648048400879 2.2476208209991455 2.2476208209991455
460 3.096808910369873 2.310621738433838 2.310621738433838
461 2.9688374996185303 2.1091365814208984 2.1091365814208984
462 3.019432306289673 2.2374377250671387 2.2374377250671387
463 3.072674036026001 2.2197089195251465 2.2197089195251465
464 2.93174147605896 2.1240286827087402 2.1240286827087402
465 3.1543056964874268 2.296652317047119 2.296652317047119
466 3.0862014293670654 2.261658191680908 2.261658191680908
467 3.0869784355163574 2.294123888015747 2.2941243648529053
468 3.2102229595184326 2.369328737258911 2.369328737258911
469 3.029445171356201 2.183213233947754 2.183213472366333
470 3.091973066329956 2.262348175048828 2.262348175048828
471 3.1200919151306152 2.2212917804718018 2.2212917804718018
472 2.992202043533325 2.0855231285095215 2.0855231285095215
473 3.170254945755005 2.2602295875549316 2.26023006439209
474 2.9812612533569336 2.0874624252319336 2.0874624252319336
475 3.158224105834961 2.2667832374572754 2.2667832374572754
476 3.038674831390381 2.1894326210021973 2.1894326210021973
477 3.0000195503234863 2.137181282043457 2.137181282043457
478 3.0269856452941895 2.2213504314422607 2.2213504314422607
479 2.996988296508789 2.2479453086853027 2.247945785522461
480 3.0591821670532227 2.201284170150757 2.201284408569336
481 3.092500925064087 2.1814839839935303 2.1814839839935303
482 3.1143810749053955 2.2397453784942627 2.2397453784942627
483 2.9521734714508057 2.0688135623931885 2.0688135623931885
484 3.072148323059082 2.253002166748047 2.253002166748047
485 3.007772445678711 2.116425037384033 2.1164252758026123
486 3.0040812492370605 2.1466143131256104 2.1466140747070313
487 2.9751358032226563 2.099623441696167 2.099623441696167
488 3.0985054969787598 2.3045294284820557 2.3045294284820557
489 3.040863037109375 2.1742875576019287 2.174287796020508
490 3.0958492755889893 2.269963502883911 2.269963264465332
491 3.007439613342285 2.108907699584961 2.108907699584961
492 3.0563440322875977 2.1677398681640625 2.1677398681640625
493 3.1690356731414795 2.3069815635681152 2.3069815635681152
494 2.997743606567383 2.1340208053588867 2.1340208053588867
495 3.0420875549316406 2.1117379665374756 2.1117377281188965
496 3.0885117053985596 2.2492313385009766 2.2492313385009766
497 2.9885425567626953 2.0899956226348877 2.0899956226348877
498 3.0046424865722656 2.171217918395996 2.171217918395996
499 2.9607908725738525 2.0594873428344727 2.0594868659973145
500 2.9645583629608154 2.1058292388916016 2.1058292388916016
501 2.9929025173187256 2.1889941692352295 2.1889941692352295
502 2.9064629077911377 2.0524849891662598 2.0524849891662598
503 3.0946743488311768 2.2908496856689453 2.2908496856689453
504 3.1103293895721436 2.283240556716919 2.283240556716919
505 3.0346477031707764 2.1707870960235596 2.1707870960235596
506 3.1707277297973633 2.374175548553467 2.374175548553467
507 2.883410930633545 2.067699432373047 2.0676989555358887
508 2.838759183883667 2.035735845565796 2.035736083984375
509 2.87874436378479 2.08085298538208 2.08085298538208
510 2.9645144939422607 2.2005386352539063 2.2005386352539063
511 2.8110146522521973 2.0283827781677246 2.0283830165863037
512 2.8664956092834473 2.0741262435913086 2.0741264820098877
513 2.9787306785583496 2.067800760269165 2.067800760269165
514 2.959481716156006 2.0943663120269775 2.0943663120269775
515 2.855823516845703 1.935280442237854 1.9352805614471436
516 3.039912223815918 2.1320576667785645 2.1320576667785645
517 3.0049121379852295 2.1111502647399902 2.1111505031585693
518 2.947660446166992 2.1044864654541016 2.1044864654541016
