9 	 2.784818410873413
10 	 1.4370191097259521
11 	 1.0770236253738403
12 	 1.363370656967163
13 	 1.2558510303497314
14 	 1.2205952405929565
15 	 0.8325591087341309
16 	 0.7258737087249756
17 	 0.6155422329902649
18 	 0.6113161444664001
19 	 0.5601345896720886
20 	 0.5792126059532166
21 	 0.6860494613647461
22 	 0.8859229683876038
23 	 0.9501099586486816
24 	 1.1964695453643799
25 	 1.3400365114212036
26 	 1.6102879047393799
27 	 1.6122685670852661
28 	 1.2953879833221436
29 	 1.187350869178772
30 	 0.9171813726425171
31 	 0.8769766092300415
32 	 0.9989344477653503
33 	 0.9004876613616943
34 	 0.7360256910324097
35 	 0.8620498180389404
36 	 1.0697228908538818
37 	 1.026475191116333
38 	 0.7160578966140747
39 	 0.7194228768348694
40 	 0.8419814705848694
41 	 0.7259182333946228
42 	 0.6443512439727783
43 	 0.8020411133766174
44 	 0.8949373364448547
45 	 0.7947543263435364
46 	 0.8264655470848083
47 	 0.6848514676094055
48 	 0.7340694665908813
49 	 0.8108211755752563
50 	 0.7695438265800476
51 	 0.7360458374023438
52 	 0.7650007009506226
53 	 0.8648062944412231
54 	 0.9780223369598389
55 	 1.5474286079406738
56 	 1.578479528427124
57 	 1.6147938966751099
58 	 1.3261929750442505
59 	 1.0053821802139282
60 	 0.8442364931106567
61 	 0.8211491107940674
62 	 0.9251323342323303
63 	 0.8696818947792053
64 	 0.7729570269584656
65 	 0.9145804047584534
66 	 1.0948659181594849
67 	 1.076030969619751
68 	 1.0004888772964478
69 	 0.9086851477622986
70 	 1.0276939868927002
71 	 0.9888473749160767
72 	 0.7436715960502625
73 	 0.6959139108657837
74 	 0.5740747451782227
75 	 0.5020471215248108
76 	 0.45116129517555237
77 	 0.5161328315734863
78 	 0.5114529132843018
79 	 0.7609067559242249
80 	 1.2609468698501587
81 	 1.8334801197052002
82 	 0.708876371383667
83 	 0.5913796424865723
84 	 0.6316409707069397
85 	 0.7233543395996094
86 	 0.687211275100708
87 	 0.608849048614502
88 	 0.7045015692710876
89 	 0.9044396877288818
90 	 0.8665274381637573
91 	 0.7402592301368713
92 	 0.843087375164032
93 	 0.9946315288543701
94 	 0.9384342432022095
95 	 1.1287027597427368
96 	 0.9772013425827026
97 	 0.8918405771255493
98 	 0.943557858467102
99 	 0.9407023191452026
100 	 0.7975751757621765
101 	 0.7875518202781677
102 	 0.7999832630157471
103 	 0.6238962411880493
104 	 0.5695112347602844
105 	 0.5156142711639404
106 	 0.4773416519165039
107 	 0.512660026550293
108 	 0.48419517278671265
109 	 0.6117892861366272
110 	 0.84294593334198
111 	 1.1350183486938477
112 	 1.2733224630355835
113 	 0.8417826294898987
114 	 0.5964320302009583
115 	 0.6077399849891663
116 	 0.591566801071167
117 	 0.568257749080658
118 	 0.5960384011268616
119 	 0.6540002822875977
120 	 0.6850813031196594
121 	 0.6602105498313904
122 	 0.7584083080291748
123 	 0.820554256439209
124 	 0.8861594200134277
125 	 1.0224875211715698
126 	 0.9628698825836182
127 	 1.0697098970413208
128 	 0.9081194996833801
129 	 0.7714539766311646
130 	 0.725436270236969
131 	 0.7305339574813843
132 	 0.7077663540840149
133 	 0.6877498030662537
134 	 0.579376757144928
135 	 0.541887104511261
136 	 0.5786783695220947
137 	 0.578514575958252
138 	 0.5255447030067444
139 	 0.5201839208602905
140 	 0.6057692170143127
141 	 0.6367104649543762
142 	 0.5935339331626892
143 	 0.5891252160072327
144 	 0.717093825340271
145 	 0.6711864471435547
146 	 0.7188335657119751
147 	 0.7036091089248657
148 	 0.7359815239906311
149 	 0.7695838809013367
150 	 0.7062241435050964
151 	 0.6500760316848755
152 	 0.6114691495895386
153 	 0.6625698208808899
154 	 0.9430928826332092
155 	 0.7935675382614136
156 	 1.2619187831878662
157 	 1.29682457447052
158 	 1.5090712308883667
159 	 1.511699914932251
160 	 1.5408960580825806
161 	 1.291346788406372
162 	 1.2585248947143555
163 	 0.9020716547966003
164 	 0.7744231820106506
165 	 0.5672439336776733
166 	 0.5735793113708496
167 	 0.489670991897583
168 	 0.5268241167068481
169 	 0.48950639367103577
170 	 0.4500123858451843
171 	 0.41392433643341064
172 	 0.4592944383621216
173 	 0.47427937388420105
174 	 0.5226780772209167
175 	 0.5378196835517883
176 	 0.5442979335784912
177 	 0.6369166374206543
178 	 0.7367984652519226
179 	 0.7726753950119019
180 	 0.8351346254348755
181 	 1.0014878511428833
182 	 1.1167417764663696
183 	 1.1785061359405518
184 	 1.21800696849823
185 	 1.391615867614746
186 	 1.6898674964904785
187 	 1.4530707597732544
188 	 1.4086922407150269
189 	 1.1908774375915527
190 	 1.115018606185913
191 	 1.0145009756088257
192 	 0.9200435280799866
193 	 1.0363534688949585
194 	 1.0621235370635986
195 	 0.866348147392273
196 	 0.8183174729347229
197 	 1.0172523260116577
198 	 0.9894320964813232
199 	 0.8011350631713867
200 	 0.8128963112831116
201 	 1.0172699689865112
202 	 1.020922303199768
203 	 0.8659093976020813
204 	 1.045022964477539
205 	 0.7276220321655273
206 	 0.6146324276924133
207 	 0.6726763248443604
208 	 0.6890146136283875
209 	 0.6960107684135437
210 	 0.595878541469574
211 	 0.6566237807273865
212 	 0.6415531635284424
213 	 0.7355005145072937
214 	 0.8652881979942322
215 	 0.9991139769554138
216 	 1.2924747467041016
217 	 1.3084163665771484
218 	 1.4020488262176514
219 	 2.3491594791412354
220 	 3.9850966930389404
221 	 4.970366954803467
222 	 4.936919689178467
223 	 5.515535831451416
224 	 5.5501203536987305
225 	 5.545194625854492
226 	 5.422518253326416
227 	 5.118823528289795
228 	 4.979648113250732
229 	 4.457305908203125
230 	 3.661294460296631
231 	 3.066455841064453
232 	 2.192173480987549
233 	 1.8539963960647583
234 	 1.3099864721298218
235 	 1.005950927734375
236 	 1.4529690742492676
237 	 1.8169457912445068
238 	 1.298392653465271
239 	 1.3122848272323608
240 	 1.343065619468689
241 	 1.1832176446914673
242 	 1.4551020860671997
243 	 1.3719476461410522
244 	 1.2491707801818848
245 	 1.082554578781128
246 	 1.2625608444213867
247 	 1.41414475440979
248 	 1.2170376777648926
249 	 0.9183945059776306
250 	 0.8780882954597473
251 	 0.8416552543640137
252 	 0.7761482000350952
253 	 0.9603559970855713
254 	 0.8958610892295837
255 	 0.832896888256073
256 	 0.7096685767173767
257 	 0.5525085926055908
258 	 0.5212345719337463
259 	 0.43767228722572327
260 	 0.41758492588996887
261 	 0.47700124979019165
262 	 0.6195588707923889
263 	 0.5954930782318115
264 	 0.5311112999916077
265 	 0.6328362226486206
266 	 0.9874905943870544
267 	 0.7415240406990051
268 	 0.7872419953346252
269 	 0.8285306096076965
270 	 0.9291293621063232
271 	 1.0397356748580933
272 	 0.8446694612503052
273 	 0.9541629552841187
274 	 0.9577100276947021
275 	 1.41756272315979
276 	 2.4922473430633545
277 	 2.020737409591675
278 	 3.0158274173736572
279 	 3.18668270111084
280 	 2.7684783935546875
281 	 2.5909762382507324
282 	 2.3518314361572266
283 	 1.5968985557556152
284 	 0.9366371631622314
285 	 0.7381938099861145
286 	 0.6044324636459351
287 	 0.5378219485282898
288 	 0.5299140214920044
289 	 0.49571913480758667
290 	 0.5274143815040588
291 	 0.6187721490859985
292 	 0.6897238492965698
293 	 0.8648401498794556
294 	 0.7846594452857971
295 	 0.8509011268615723
296 	 0.8178093433380127
297 	 0.8954803943634033
298 	 0.8091508150100708
299 	 0.6512432098388672
300 	 0.7164794206619263
301 	 0.7612019777297974
302 	 0.6598042845726013
303 	 0.6300069093704224
304 	 0.7448955774307251
305 	 0.7854176759719849
306 	 0.7647267580032349
307 	 0.8846684694290161
308 	 1.2127420902252197
309 	 1.1828503608703613
310 	 1.129246473312378
311 	 0.8265470266342163
312 	 0.9130532145500183
313 	 1.0706108808517456
314 	 1.0032683610916138
315 	 1.096778392791748
316 	 0.8374330401420593
317 	 0.8488331437110901
318 	 0.7089647650718689
319 	 0.6466179490089417
320 	 0.616393506526947
321 	 0.6470910906791687
322 	 0.6692589521408081
323 	 0.7041724920272827
324 	 0.6587345600128174
325 	 0.6929915547370911
326 	 0.6335142850875854
327 	 0.6087323427200317
328 	 0.600176215171814
329 	 0.5858632922172546
330 	 0.7172582149505615
331 	 0.7680683135986328
332 	 0.8869417309761047
333 	 1.1944266557693481
334 	 1.4462918043136597
335 	 1.7387067079544067
336 	 1.300333023071289
337 	 0.8556403517723083
338 	 0.7139400839805603
339 	 0.7115206718444824
340 	 0.6579821705818176
341 	 0.9048768877983093
342 	 1.3397656679153442
343 	 1.2789199352264404
344 	 1.041229486465454
345 	 1.1996326446533203
346 	 1.226685643196106
347 	 1.0840833187103271
348 	 0.8901869058609009
349 	 0.7892475724220276
350 	 0.6981968283653259
351 	 0.6394620537757874
352 	 0.6765658259391785
353 	 0.6515974998474121
354 	 0.6381492614746094
355 	 0.5991407632827759
356 	 0.7483707070350647
357 	 0.7100363373756409
358 	 0.7270954251289368
359 	 0.6988405585289001
360 	 0.6395177841186523
361 	 0.6242703795433044
362 	 0.6728907823562622
363 	 0.8870128989219666
