0 3.187492086081734
1 3.034968790184971
2 3.0366573362325013
3 3.4690497770882103
4 2.8423504113617946
5 2.9809697766045216
6 3.1607882620206067
7 3.155534336421547
8 3.1127869201027547
9 2.7297597050834628
10 3.4623887763958225
11 2.9472249087350524
12 2.768777395520976
13 2.956653783926593
14 2.8841022098210067
15 3.4717074319392336
16 3.224196376846347
17 3.24705186856392
18 3.0052323392499782
19 3.0121930135031376
20 3.2217670155749127
21 10.277187236392946
22 5.586369092242095
23 9.051960882470395
24 8.93984990810596
25 7.575086622370995
26 8.23892019134047
27 6.2829928058230005
28 7.856084613710723
29 9.815386643247356
30 8.034880692258785
31 6.553843593685005
32 5.2449816241671225
33 4.865235575607002
34 4.471332668424864
35 5.417728768033601
36 8.080326673257343
37 9.509982541932485
38 9.80782971076032
39 11.288997677258923
40 11.249537040568413
41 11.439197693197318
42 10.95003344957862
43 8.949836393519595
44 7.341528141916686
45 9.676226546094325
46 8.45387493302312
47 6.5994388472630146
48 7.734312818923332
49 10.316771972723153
50 10.781861026366856
51 9.258300732176997
52 10.106181928820732
53 9.546505954386204
54 9.76375540748058
55 9.582601207023082
56 9.977879994751788
57 8.93868913226111
58 7.787002104807555
59 9.210452952937738
60 9.612867534075024
61 8.980536649190322
62 9.46267517289254
63 10.123445655461351
64 10.666894430454098
65 11.098323488900942
66 7.116959818239805
67 7.035215751360227
68 9.451537057697854
69 8.912836185292953
70 6.883317969525066
71 8.03254174868975
72 8.240796602948087
73 9.828014577592429
74 12.346174728557392
75 9.595177911072609
76 9.347828113174268
77 6.432713920209224
78 6.100728757775216
79 7.915841185938818
80 6.466601931949863
81 6.555199501826981
82 5.522156954966058
83 5.684581317768697
84 3.6944747714601833
85 2.9575036870023803
86 5.034696766801193
87 2.865956319544002
88 3.2221296081094524
89 3.0280005008319972
90 3.524824191370991
91 3.430025428202175
92 3.444466188998663
93 3.3120835026520306
94 3.3188663207952804
95 3.555208111500705
96 2.8038663771766057
97 3.3858330646270725
98 3.562447345455069
99 3.295746090437078
100 3.297677886217403
101 2.934687852680591
102 3.0675246016326168
103 4.1561885606175375
104 2.8707716766133897
105 3.326594387464755
106 3.7266725125739266
107 3.1341491591325195
108 3.7239372514785556
109 3.2780037401276045
110 4.71310555629028
111 3.958707477052659
112 3.0188715821461396
113 5.935512117048876
114 3.7388915245896266
115 3.027350025759934
116 4.437547448354437
117 4.016889991738459
118 3.7149967740200567
119 3.3255040755129603
120 3.5573392674486177
121 3.627008550404976
122 3.6121342815861857
123 3.3475488134820623
124 3.6081510240425234
125 3.3508980522123912
126 3.6374515497342834
127 3.146973803317828
128 3.3657433527129874
129 5.103061413264615
130 3.0287534413669652
131 3.6584635990630696
132 3.2581979552465956
133 3.8860501746565173
134 3.268480261870917
135 3.343436936199153
136 2.999700444659702
137 3.002619938276135
138 3.50002819071989
139 5.1990190364178845
140 5.495617456945516
141 8.644737893301038
142 9.206738868094977
143 10.79345048665667
144 9.597728606656293
145 8.964866547380076
146 7.852659952111797
147 7.80808826005477
148 6.969338635164684
149 9.696094914911173
150 6.860111309519716
151 8.459825619881416
152 9.548112365811498
153 8.159847282348446
154 9.538078822785025
155 9.08869152023188
156 8.219510010643498
157 9.648678907158144
158 8.885456580481959
159 9.17325799010473
160 8.464804399542908
161 8.249698143892033
162 8.99794718114563
163 8.119203608444897
164 8.996994095344112
165 8.078795221463464
166 8.442764629136457
167 8.957162198461448
168 8.605587991242128
169 9.156722398211434
170 9.099738936208803
171 9.413717057258863
172 9.014254647520186
173 8.482876613897133
174 9.598122300922721
175 9.524847412312907
176 9.281460272984393
177 9.148105825160576
178 9.040021204731062
179 8.984357022763183
180 9.356294542908099
181 8.74026544456514
182 8.83384888127839
183 10.019652654836506
184 8.790368535533927
185 9.201363836983852
186 10.097963864619679
187 9.221421333405782
188 9.139841075976552
189 8.306018929957313
190 8.728746625329965
191 8.278603921270847
192 8.524698101222961
193 8.851018418292703
194 7.853578322318631
195 9.110471392509002
196 9.276369294731062
197 8.893104881617045
198 9.750694918774432
199 9.22358738373488
200 8.409946140419496
201 8.489319286823797
202 7.952287827626136
203 8.231429774309223
204 8.818165871374022
205 9.401661589416783
206 9.242435745655465
207 5.4172352236506045
208 9.380429218471638
209 7.854997614017593
210 10.350235418129921
211 11.680353397611071
212 8.746896287047951
213 6.600648012202895
214 7.379092217017188
215 7.908493366510434
216 10.467635117611959
217 8.88777863961092
218 9.441802735475111
219 6.880046518332432
220 9.072760152243468
221 5.631507160538451
222 9.218335473897387
223 10.843851345838459
224 10.802772959014975
225 10.030220240653243
226 10.095239326016257
227 9.674644783247627
228 10.936371945029268
229 10.457221873504771
230 8.657085933086197
231 8.84364525903483
232 10.322989291119468
233 8.749939979225072
234 10.172679559219162
235 10.659715855782213
236 12.537454129856005
237 11.76665750699043
238 11.996391587525306
239 12.492504064542588
240 10.082235335231141
241 8.499416294801687
242 10.069445144584488
243 9.800557130730011
244 12.425510637518993
245 11.821800440575448
246 12.2829019982124
247 8.995480509247654
248 9.00391334823867
249 5.781755950483158
250 5.773599654360922
251 4.910926442963863
252 7.312210150328636
253 6.058507291450372
254 6.89712661690557
255 7.07637668629104
256 6.958756931312589
257 6.83345930740749
258 4.735797598910944
259 6.579544928878235
260 4.825513602871877
261 7.201711129206911
262 5.037469987727695
263 6.984408661832919
264 5.966254429115203
265 6.66991655903617
266 6.742696109089352
267 5.665831459054023
268 6.393158494232589
269 5.044119447512221
270 5.20211125018257
271 5.772633180922831
272 5.78519022079388
273 6.160608985571558
274 4.908074994501542
275 5.197590496861063
276 5.046694126474744
277 5.614787477494292
278 5.114066052488407
279 5.819980593594459
280 5.310804859660471
281 5.296079366481044
282 7.838508366292064
283 6.189427518979313
284 5.4935879420653375
285 5.976876838086399
286 6.962383244381468
287 6.375409098533801
288 7.929118504470566
289 8.269127898513982
290 8.011310116344877
291 7.045067782768924
292 5.057120305356685
293 5.197463795610653
294 5.574419577690112
295 6.2494658008809925
296 8.563620602961604
297 8.349580383020612
298 4.8605980903991135
299 6.251700891954249
300 5.889110157828821
301 7.341607517149266
302 5.535586998121337
303 6.648338996511101
304 6.621035032322747
305 6.83424316859373
306 5.282847100450249
307 5.46516544461101
308 7.80695311840025
309 7.605994898216725
310 4.42840067462185
311 5.261901593563953
312 6.578330401128774
313 7.842735343933636
314 5.097086420125528
315 5.903783022760367
316 4.468377181292068
317 4.7472601178658875
318 4.879365961545626
319 7.686340082779912
320 6.546416882252968
321 5.049705834772533
322 5.606026171887419
323 6.562504031885995
324 6.100274314767246
325 6.850335582841284
326 6.645410327256627
327 6.428707222432097
328 5.461844952478342
329 6.586035525436958
330 6.083760437311763
331 5.278693295007987
332 6.312879849435083
333 8.161766346518068
334 5.934552499407984
335 5.876621768285589
336 6.383625039278248
337 6.928111316762748
338 6.510921732183504
339 6.900943552265387
340 5.85793774817719
341 6.095762507834143
342 5.025702328169315
343 4.813939385581562
344 10.362608493690482
345 6.269199512796159
346 4.302183849287409
347 5.852743274541703
348 5.61073855936439
349 5.784707995005869
350 5.912225744724134
351 7.3131251347254524
352 7.202842337142409
353 9.76351451554858
354 14.133050138382805
355 10.46869699496844
356 6.6712513963797875
357 7.830667213949907
358 9.151412629165177
359 12.485069071686002
360 13.038577126303668
361 10.974171214617114
362 11.413380740322252
363 13.131557855769199
364 12.387254325504065
365 12.25330696979382
366 12.724674836410966
367 9.436274084648545
368 13.289639251720562
369 9.767702663745398
370 11.542503439544449
371 7.30674491514278
372 7.423263974311295
373 8.205864329281491
374 11.041508701099048
375 11.967517395857385
376 10.620534745187221
377 13.859203675257799
378 12.853636325771506
379 13.406049617995853
380 6.6817076862232465
381 8.145718207993097
382 6.260983488154199
383 13.290673624717735
384 13.818792353611071
385 10.296050910986368
386 10.408471269122328
387 9.420182656975326
388 10.16174965306119
389 9.198792709932972
390 9.819826187180526
391 9.407598390595274
392 8.201796510508126
393 11.831338351052608
394 7.987953281197004
395 8.8004127721339
396 6.048532682586737
397 9.090677293925431
398 11.146173411581728
399 10.752595537734539
400 10.235194746660694
401 8.99719624894579
402 9.841296051184553
403 10.194559390331285
404 10.034777940420954
405 9.447135578874716
406 9.345002364446849
407 9.915858423187856
408 9.430610796957852
409 9.449521979059417
410 10.452929411777534
411 9.184377791464359
412 9.486398316522063
413 8.745728588930305
414 9.07626170603255
415 9.208310461544762
416 10.114025769726743
417 8.264046867847298
418 9.0359272665288
419 8.134913228647253
420 10.219804870856509
421 9.95136350961218
422 9.103832638153627
423 8.7720068306751
424 9.352743919214983
425 9.360132531098978
426 9.959794490774406
427 9.344420510667199
428 10.399956232085527
429 7.465027368388273
430 9.8047376770424
431 9.455337584498976
432 9.881138445136529
433 8.852186513822469
434 8.730800921803805
435 9.09477950347897
436 9.028811153011178
437 8.78459613224415
438 9.06497771934713
439 8.850535640695602
440 8.752862883935443
441 8.77067958271751
442 8.288725596699056
443 9.502537595216543
444 9.798854567781751
445 9.286456347922803
446 9.363134064406076
447 9.426958554120567
448 10.010880962802654
449 9.64270544063394
450 9.091126203800469
451 9.55321368059303
452 9.35198511208306
453 9.34389453042626
454 9.292049680986233
455 9.513915360370993
456 9.033734577452817
457 9.264948027409806
458 8.612174226883011
459 9.52495960023926
460 9.353848045435937
461 10.00361778526643
462 11.213214055913685
463 10.642628566525465
464 8.631400401163994
465 9.079713914683154
466 9.90723305674706
467 10.900706634904331
468 7.999074429799643
469 9.9328687131165
470 8.543265966507308
471 8.440335323169325
472 8.080125218794302
473 8.256287599663901
474 6.84129482735831
475 9.92978415867922
476 9.677157480710184
477 9.728272476495473
478 10.223586562348054
479 10.09602602214801
480 9.360850773821916
481 9.578956072572687
482 9.540267787205025
483 9.635497886280033
484 8.524465970262137
485 7.548174632769057
486 9.880599345993119
487 8.710557211170471
488 7.69821944726824
489 8.293099695806704
490 8.523553575028307
491 9.781277912229044
492 8.877967679914955
493 8.597126820639215
494 7.819423619578126
495 8.277121281174098
496 7.10117657299735
497 8.261804276231276
498 7.201989325334713
499 11.744378033820839
500 11.76852394587975
501 10.434395719398893
502 7.803649872681051
503 9.446006158920472
504 9.698932307698165
505 9.888371603164288
506 8.380526199002688
507 9.201477473539827
508 8.840211212061284
509 10.175140846830468
510 9.2518018503404
511 8.999356362375995
512 6.709544811352214
513 8.19234537010582
514 9.66032157855209
515 9.697613025002331
516 8.29886415389551
517 9.804736709523182
518 9.34662475511162
519 9.400743048557516
