0 16.41246927048667
1 16.373290238049552
2 16.376056553723643
3 16.29781787803997
4 15.738166708798618
5 15.876986420156712
6 16.356907249785912
7 16.406156153010013
8 16.54447213603416
9 16.660491529008112
10 15.983000991234524
11 16.147794650894767
12 16.777239756578368
13 16.17483294532435
14 16.685347884566
15 16.964136758656988
16 16.842277490490645
17 16.51434297474868
18 16.817216388840837
19 15.018892264501751
20 17.149618927056174
21 15.54362082590656
22 17.32307091404975
23 18.039801833534927
24 17.69922784243696
25 17.423542320739458
26 18.074157446088144
27 18.57311336114624
28 16.82781941823873
29 18.025943113671094
30 18.91623231960399
31 16.580052072873844
32 18.280748885954253
33 16.94954542012673
34 17.70035111575491
35 16.844907701267932
36 17.485381509846917
37 17.22096560780717
38 17.648326251349708
39 17.719892842105263
40 17.785216360643478
41 17.950452774969342
42 17.3791703871974
43 19.504239107636963
44 18.695265713659822
45 17.058123096677665
46 17.14019965039074
47 17.36706418791498
48 16.291293681228026
49 18.539547486327915
50 18.482163004912213
51 18.502234756102816
52 18.18786041096249
53 18.813157593516475
54 17.29403163396584
55 17.35397969362344
56 17.96514206807694
57 17.395066751786604
58 17.360669295555034
59 17.867004031016887
60 16.409524476738014
61 18.294709192027483
62 18.031696272017626
63 16.99682162959672
64 17.733806641758736
65 18.733200256486636
66 18.325910648176354
67 14.341822700354266
68 18.185802569389466
69 15.66255884773979
70 14.999966939043412
71 18.23321045238682
72 17.52729702838305
73 18.79979747080117
74 19.285766398975973
75 17.9230857403139
76 17.758819430380505
77 17.56439460342545
78 16.651624712621707
79 18.30962664866456
80 16.332652641378566
81 16.434465831398146
82 16.70310510563942
83 18.037829145250544
84 16.333366293423026
85 17.050956802453832
86 18.343757864093273
87 16.27600374554286
88 18.335039508565274
89 17.625848864600655
90 16.940404984205728
91 18.54598313191013
92 18.582119075113205
93 17.805692157235274
94 19.35961012708851
95 16.96119711233888
96 17.146283250915772
97 18.418414584330698
98 16.725244152315735
99 17.344456626972455
100 17.021302634593123
101 16.52079769837983
102 16.219812234792816
103 17.946448389486203
104 18.921647765033313
105 18.445461543999343
106 17.202877379979416
107 17.558896203736765
108 16.81876994809474
109 17.446180591125017
110 16.312246551902998
111 16.44013549637435
112 16.353400749734963
113 17.937530854616636
114 17.24326537092583
115 17.5195950857431
116 15.995362565549748
117 17.277540107982812
118 18.407668650795124
119 17.780503500445395
120 18.2684930247063
121 16.981163564469334
122 18.007367295410848
123 18.79657903235964
124 17.17916074939729
125 17.654477149018856
126 16.16868314493764
127 17.345297680730237
128 16.53566562883265
129 16.63317837271912
130 17.466825463243836
131 17.540202679119336
132 16.027972903950516
133 15.843866179731402
134 17.19855974549653
135 16.78166021964756
136 17.289060172389163
137 17.453409030780637
138 16.627633365646734
139 17.31992714350818
140 18.02205409668864
141 17.28276885165411
142 17.202834613392113
143 17.6193986781497
144 16.656603840753778
145 17.346282611948016
146 16.495962877968463
147 16.359030446338334
148 17.044525091985207
149 17.260732933725297
150 16.636759913049033
151 17.651965103083803
152 17.81948567769739
153 17.045185656733576
154 18.202514794498757
155 17.247993372308827
156 17.445998904338122
157 17.91896232856116
158 17.82410353465232
159 16.513260582805326
160 16.97303676798995
161 17.815584292032995
162 18.81339584884845
163 17.073750006225946
164 16.1409710595622
165 15.99435253165892
166 15.865941319856908
167 16.532753601426023
168 17.436310223523172
169 18.05049185198189
170 18.373162655637937
171 17.04355781786542
172 18.619233851377604
173 16.80821863630066
174 16.84940634445381
175 14.616681627851674
176 14.955878794057622
177 14.574180134800878
178 14.253283781473293
179 15.992125079293611
180 17.26591515114224
181 14.116685086099418
182 14.605912131000009
183 17.548101294481288
184 14.445866854089184
185 16.003690862677296
186 14.981082502828741
187 16.390943770867885
188 15.248657630698204
189 14.383476851178594
190 14.546351436266962
191 15.10923878197103
192 16.954938332595002
193 16.262086438646637
194 13.83844090095256
195 16.139479028385185
196 16.0580133837076
197 17.474699694084805
198 16.18614670630051
199 16.42519111359416
200 17.196574708050065
201 16.141028478573983
202 16.88186091824743
203 16.074704670163076
204 14.708552480749516
205 17.658186219727956
206 16.041038094810567
207 15.491459330583949
208 15.171281782115152
209 17.250657643213533
210 15.413057203112816
211 16.613859935493245
212 18.077678176170046
213 15.196379410866793
214 15.45057065201735
215 16.801082327188887
216 15.347525496282042
217 16.191351581276624
218 15.839374066750711
219 13.901676453059506
220 16.872330692088994
221 18.680133089786978
222 18.5391000607475
223 18.158416808810426
224 14.921933032309363
225 15.517785205614286
226 16.00049038753677
227 14.209992503903782
228 13.81890851443659
229 19.334711351679662
230 16.20331665954174
231 16.80705456166462
232 16.652676714714275
233 16.701302380358605
234 16.326708307302265
235 16.048509943981603
236 18.996169707087212
237 18.95151544991344
238 18.31304866823719
239 14.743215049790573
240 15.699322572259533
241 17.096039338136112
242 14.832492760033848
243 15.962050485457025
244 15.643285007285261
245 16.587942363436305
246 19.63650458330539
247 17.45303548604929
248 17.758993969951895
249 15.519781156185676
250 18.03739826475039
251 17.062028555323767
252 16.43602364653435
253 17.386167544284284
254 17.30466962361649
255 19.093823206205418
256 18.108210381403502
257 16.820847225786924
258 16.154343917575467
259 16.866959543396717
260 19.161902048628715
261 18.08211104098271
262 15.90406382763749
263 18.765812303206214
264 19.336745271469816
265 19.750075095466325
266 18.40628123745537
267 16.920255578629074
268 19.37435163765289
269 18.80503430475354
270 18.82917717486272
271 17.268905045920153
272 18.23183070587644
273 18.795540635639323
274 16.94716219609956
275 16.547996199971983
276 15.934367406324515
277 16.778368016924286
278 16.278634814884466
279 18.235219515404133
280 16.115112824725657
281 16.370978604693008
282 16.202622931527817
283 17.86646716049578
284 15.750796662233792
285 18.28718151882653
286 18.788622731961798
287 19.79715359650186
288 15.7312273545212
289 18.08928468703247
290 17.12799385873356
291 17.151150189137812
292 16.55931592560957
293 18.349706394103396
294 19.201703250873727
295 18.552944965923878
296 20.468772796750923
297 19.140886751076653
298 19.26194360082779
299 17.714792590062245
300 19.12032560362354
301 18.52773496623653
302 17.28314752704769
303 17.81893584444875
304 16.581529638103923
305 16.462662230688093
306 16.25312956001521
307 15.895438227539891
308 18.468677995559414
309 19.58845862275484
310 20.013809664900844
311 17.998006819195464
312 19.351247300411895
313 18.64919193476356
314 20.048798673240817
315 18.233784638670222
316 19.809051661191358
317 19.059681131885817
318 19.032990517066626
319 20.195287844529854
320 19.991762354966912
321 17.861043872856357
322 17.922033305676898
323 16.527835499378135
324 17.772202465560305
325 18.11985060487522
326 18.52382741171035
327 19.397077152148977
328 18.27262523083076
329 19.073618215183707
330 18.88284625858143
331 17.710284810951723
332 18.37453858169981
333 15.917906191840089
334 19.061837447856465
335 17.980634969948014
336 16.85814202813528
337 18.779518287217186
338 19.976932358130288
339 17.722481812059566
340 17.258042283422625
341 20.16715976386857
342 18.47744241144707
343 19.231896622632096
344 20.093683184336435
345 17.62011536335307
346 19.39098223093375
347 18.372154906364567
348 18.91418878587905
349 17.92768157108894
350 17.586882880814127
351 16.58305689238489
352 17.382538890231068
353 17.68700160098906
354 18.93892434090567
355 19.160100088354817
356 19.0395492248813
357 19.355479650362966
358 17.312450700329393
359 20.14020424655379
360 20.111881136089753
361 19.18590661673737
362 20.14052283902998
363 20.686148846533808
364 19.47284840074701
365 20.595960755627452
366 17.481940684684393
367 17.153014936559043
368 18.972564474331197
369 17.069553319127436
370 18.819311285965384
371 18.972229606107188
372 19.611517536648986
373 20.035081650408657
374 17.435112947521773
375 19.21109089042978
376 18.214631891839105
377 18.779480754931406
378 17.6599804707681
379 18.442259336856615
380 16.811722554504247
381 19.258161434856902
382 19.45131772976725
383 16.85355648612942
384 18.038719854344194
385 16.430585001445568
386 13.729269686495675
387 15.602551311024456
388 17.30843636153717
389 18.800382792432067
390 21.336208683962514
391 19.708825155298893
392 20.849723008898525
393 18.413935405550706
394 20.112680194765645
395 18.778368993329764
396 17.588965732092316
397 18.624945856189964
398 20.20864357003806
399 19.528582639459827
400 17.602360220036992
401 19.800648218615656
402 21.023106145929958
403 20.295554482395367
404 18.450077729124036
405 17.768859470386673
406 19.483783828969052
407 18.871285421115793
408 17.760173417850496
409 17.975869252962077
410 20.012157840254716
411 17.404151122429344
412 18.955901259215022
413 17.3121822121535
414 19.72512913317597
415 16.67040519437263
416 17.173600489972127
417 18.68502639680075
418 17.928166246630713
419 17.0299794626259
420 18.246772241932355
421 18.382653267233874
422 17.36670612060225
423 16.83781756645363
424 16.107893732024927
425 18.498786941066456
426 16.742873072689466
427 16.478665356942464
428 17.57443712180294
429 15.958494062085647
430 16.098919126553515
431 16.40753222570893
432 15.804401350671286
433 15.805041888773589
434 17.385447627149087
435 16.895998973917745
436 18.725884713695525
437 15.626510249941537
438 16.001164447370535
439 17.162595708938724
440 18.685199990569934
441 17.70867539122359
442 18.004924412128798
443 16.719109501320457
444 18.433282790207475
445 16.758656684653214
446 18.0522322614745
447 18.381196061411632
448 17.94944348178385
449 17.67608677669064
450 16.729465535843868
451 17.418717444900853
452 19.688357824210737
453 19.343934323197185
454 18.830466072270976
455 17.327791505448868
456 19.701223838045625
457 17.350260055131702
458 18.868494972938453
459 19.42857105993613
460 18.440785032332904
461 20.65851305146235
462 19.3246327150351
463 18.703834645242132
464 16.23695090719955
465 16.469906533013805
466 19.39294719752339
467 17.855248178018464
468 19.923741938414846
469 19.124453749007493
470 18.422543952909983
471 17.27463782785564
472 18.819388402778188
473 20.31359809404833
474 17.588247903150197
475 19.49533977251313
476 19.387863738883816
477 19.531860066851184
478 19.95505047102292
479 17.896763397711926
480 17.939278305220554
481 20.836077806727072
482 18.675572222092654
483 18.97269371041537
484 17.42106406823058
485 18.467641321993145
486 15.676974014080287
487 15.57962303026135
488 16.908497949150117
489 18.26721057206205
490 18.078744512483905
491 16.818102268823182
492 15.673808983822395
493 19.835036379684816
494 21.482763679906732
495 20.09444514490172
496 20.714524931398515
497 22.027323293177837
498 20.474231131282945
499 20.595754431347473
500 19.971304639000756
501 18.735691101982102
502 20.541750061831333
503 20.879766086436135
504 21.502229981808167
505 20.920234664148072
506 21.757151491474357
507 20.283547846917287
508 20.612371834344593
509 19.92064758068466
510 21.21954382713172
511 20.019609797408677
512 19.83761990598232
513 19.56534409310948
514 17.99165202797923
515 19.99481261588226
516 18.68417361354005
517 18.834327118995805
518 19.80258319744514
519 18.6560724032496
