0 10.510748420148683
1 10.497637920219592
2 10.467503049420655
3 10.24753057492631
4 9.784787628869232
5 9.725769528358304
6 10.038244954836914
7 10.822210106418096
8 10.308948137887736
9 10.563276702298479
10 9.825616652353458
11 10.070651858566885
12 11.001380865152226
13 10.484117207303438
14 10.505695892906596
15 10.444768482686946
16 10.276506559108112
17 10.173288532543218
18 10.23384005794133
19 8.142512197900981
20 10.164444677941068
21 4.5105640217688245
22 9.40437766334093
23 5.995250924259243
24 5.585519974108928
25 8.987211778334162
26 7.835661597304007
27 9.925688330243645
28 6.562639321748663
29 6.394374724431567
30 10.654208593286084
31 8.089096297142031
32 11.123716329636201
33 10.150794465050192
34 10.604378729812797
35 9.40999611860752
36 8.84030136936262
37 10.285100455300073
38 9.28580423270231
39 5.405364091508936
40 4.685062597734563
41 3.0996719383287106
42 5.466919478710826
43 7.346606749862899
44 8.748208941491352
45 9.578171881205348
46 10.378282048946676
47 8.410436296141585
48 7.862854352472077
49 8.684496541573639
50 8.069215398489225
51 7.865479107963133
52 8.068580396847883
53 9.427343034327498
54 8.512238543530433
55 8.438579818338678
56 7.185736527577131
57 8.704427109816447
58 8.118287708970714
59 8.174783874859367
60 6.899661824035302
61 8.550664439337348
62 7.375331950231621
63 7.6199163411064275
64 4.580260039886407
65 5.668114281919687
66 8.661886152119264
67 4.680263896078084
68 8.97489110031802
69 3.7348700044110856
70 4.768713863302717
71 7.930597830947326
72 8.600680134470764
73 6.484013735587714
74 4.547722258899319
75 5.131905774313992
76 8.718319102044306
77 9.262455061053297
78 9.427945910833348
79 9.186236809056664
80 8.246780639729796
81 8.933300008249326
82 8.761948135872968
83 9.0312590445556
84 9.093293149976112
85 11.049898009219357
86 10.2477127859868
87 11.063278570235315
88 11.991987371809918
89 10.389866216365775
90 10.663421594396416
91 12.123415997320517
92 11.400657160767238
93 11.504097868809382
94 12.926656657360786
95 10.702719496410456
96 11.915287272483805
97 12.452854841041765
98 10.505654959467444
99 10.889035847794652
100 10.292992088512921
101 10.287536735143759
102 9.393286976073624
103 11.159868704682108
104 12.627028012815392
105 11.885947122825337
106 10.327826578284999
107 11.501984590816143
108 10.359962300732043
109 10.742768867439766
110 10.353035363770168
111 9.93515933865496
112 9.641300729748332
113 10.826605553023168
114 9.839842366367524
115 10.638732367357813
116 8.736665798935698
117 9.466295714478616
118 11.574895417403752
119 10.415173051210619
120 12.028276042098923
121 10.602864277548074
122 10.645827337672985
123 11.766045861245097
124 10.425134428081531
125 11.297180972993225
126 9.852168562654956
127 10.745002416243478
128 9.781693860676047
129 9.803597465215525
130 10.872999101802542
131 10.361631183924349
132 8.243745635050782
133 8.262974526150535
134 10.347273900467219
135 10.218429096800946
136 10.167771095039717
137 10.70017865191852
138 9.818182904244328
139 9.291388856236903
140 9.70845766279605
141 7.616384692978552
142 6.168400138824836
143 4.263937902128618
144 5.40013229931592
145 7.54106576444001
146 7.396343467055795
147 7.0080222111712915
148 7.892822089864214
149 6.514681378521229
150 6.787022017312968
151 6.382830257654724
152 6.935623540859938
153 7.08423349617192
154 6.527697817171179
155 6.76344019304781
156 6.92992274750445
157 5.660297800730033
158 7.003763607493586
159 5.8535592288148575
160 6.515990497136694
161 6.976887915641346
162 7.666830752417713
163 6.355580974568037
164 5.184937885093679
165 4.792948577553089
166 4.905596044332487
167 4.858412008901926
168 5.410881269119895
169 6.430818109148129
170 7.134965828247808
171 5.158274898519582
172 6.676830831524034
173 5.936900287543931
174 5.213065313070236
175 2.9356316813222825
176 3.125926110896011
177 2.7382142166699053
178 2.8162370111571144
179 4.335348545806866
180 5.274254864460577
181 2.930384966393353
182 3.2134702961840302
183 5.885362643465688
184 3.188256872335444
185 4.762901407926202
186 2.753571376629295
187 4.403904291397774
188 3.393502190312169
189 2.9099863972707296
190 3.1696555130245496
191 4.144097241537081
192 4.987146890070465
193 4.435920392994857
194 2.841158735746825
195 4.191562220970245
196 4.3156528486792585
197 5.976317734936326
198 4.230146731570876
199 4.3097051671368405
200 6.035713790731976
201 5.133316361898146
202 5.578826694531769
203 4.804081570562446
204 4.238387312413838
205 5.344511436583649
206 3.8445362624456294
207 7.451994032398184
208 4.5911391205424
209 7.2314951084567785
210 2.6396472850468085
211 2.8825750338178535
212 5.967799666623083
213 4.229803411924041
214 5.136340860566485
215 7.375187715207469
216 2.668930758249325
217 4.248289908777118
218 3.541868547077758
219 3.4016469141347176
220 4.925590255357817
221 10.161285757771273
222 4.909399924591644
223 4.2509729158697
224 2.9240671116830406
225 2.8806024666695893
226 3.5135230050718294
227 2.730438386372945
228 2.7391178306642323
229 6.78330544500732
230 5.330363151901566
231 5.486348570859301
232 2.9815803182570484
233 2.9893878036974226
234 2.8553039473840394
235 2.731150977909234
236 3.345211144465087
237 5.524150486746628
238 6.3436226869807175
239 4.435814028285832
240 2.7718513708178456
241 5.051481966768343
242 2.7566646546271105
243 2.857349967541804
244 2.916055562204559
245 2.5819995910039824
246 5.353965365179917
247 8.293701570673946
248 7.778980019633983
249 5.933300812626341
250 8.466955424506448
251 7.50341274440926
252 6.550251526509372
253 6.9020456489406365
254 7.318771507622844
255 9.703059065778632
256 9.138303036825635
257 6.648920717464553
258 7.706224963232127
259 6.398500161227758
260 10.970963943141848
261 8.739979028941017
262 7.540085106859929
263 9.03442774811329
264 10.633288654673041
265 10.571922635400439
266 9.016876378129064
267 8.80918861177396
268 10.129502957978401
269 10.640738231849918
270 10.05152214094808
271 8.326962421469997
272 9.270948304898322
273 9.685619969534574
274 7.5764633107030335
275 7.048188323310594
276 8.241942452233934
277 7.9077997793652
278 7.216472751420994
279 8.57869041335693
280 6.749851271875454
281 7.63485843232581
282 5.508391193146356
283 8.623540200121788
284 6.960957259757309
285 9.038241973583824
286 8.122156465286288
287 9.767534502299958
288 5.72805562250207
289 7.878077899091842
290 6.378727945080485
291 6.8664995603826595
292 6.903902194244698
293 8.924948966575338
294 9.666132992062657
295 8.906530543249849
296 8.808141390809144
297 8.265765504942893
298 10.883932112025
299 8.54863236191035
300 10.908826246952216
301 8.69651076075171
302 7.789078822216467
303 8.719007871748206
304 7.083026728351705
305 6.180061865664474
306 6.282547545932519
307 6.519146953306524
308 7.948709442964976
309 10.243714068715999
310 11.826101650657167
311 9.252047183981054
312 10.195216535720762
313 8.446418773775324
314 11.096593439136953
315 9.531336093833396
316 11.303202440981535
317 10.762089581373294
318 11.523558731174463
319 10.473250208084867
320 10.865607089806177
321 8.986785736199606
322 8.666698978613873
323 8.267602329776025
324 8.527415091848907
325 7.721522306811073
326 9.02076171763057
327 11.120167999611413
328 9.972730291251851
329 10.136814353078258
330 10.55093922375325
331 9.325970623694257
332 9.86533316376403
333 5.769387995394179
334 9.531618029198453
335 8.258659342710356
336 8.044868412260588
337 9.208251155619497
338 10.26685635657202
339 7.375391620873002
340 7.485889904123552
341 10.322202665515162
342 9.421805202238511
343 10.792686167130137
344 7.07778107392331
345 8.479878352155769
346 13.742682828930404
347 11.841239402778886
348 9.80488072917458
349 9.107334731280623
350 7.358470434531626
351 5.034546508422926
352 7.228222629257874
353 4.3765777870578795
354 4.412749131695227
355 4.450783566789998
356 7.929697610045133
357 6.764036058905973
358 5.268678853347388
359 6.057482431844491
360 4.7216056275578575
361 4.648292531091552
362 5.343906205202296
363 6.26329226401001
364 5.178222224705047
365 5.783712950649649
366 2.7688414940003456
367 4.421610214329508
368 4.72654810905544
369 5.443834418166063
370 6.454132070086571
371 8.188059140598986
372 11.010171715984646
373 9.538860411258506
374 3.451222085242178
375 4.751313538747814
376 3.637489496107502
377 4.840638841900801
378 2.732749097757229
379 2.5812946194208584
380 7.276124296048491
381 8.258103480602694
382 11.606455722250953
383 2.740980979391103
384 2.726600598664642
385 6.182243461715655
386 2.7511973760589195
387 4.00485912740305
388 5.204230534380711
389 6.411925042746544
390 5.490506497753145
391 4.817057738054839
392 6.574526038262218
393 4.691317010247093
394 9.846053328513864
395 7.3214378517412975
396 7.787366426477279
397 5.124042066259159
398 5.01150316018312
399 5.176577607950049
400 2.944790595591892
401 5.159130812954693
402 7.7556207749068555
403 7.151117063312771
404 2.7097905051436846
405 2.871414815148432
406 6.921207231160349
407 5.38653174394942
408 5.974041237293008
409 5.4212587903960054
410 5.900974980776816
411 2.7808880066170905
412 5.759641111883156
413 2.6724866456116136
414 5.061003115309491
415 3.0171335684465492
416 2.7101223576133697
417 5.55092747970168
418 4.383131715931515
419 2.781582291934246
420 2.8235242352160284
421 5.554712801748626
422 5.072551256903479
423 4.6132518391998785
424 2.8195109473418904
425 2.6981544832167628
426 2.753203387497032
427 2.8006920882004316
428 4.487257593832615
429 5.185828040511381
430 2.5910356348827928
431 2.8081041312907895
432 2.66117547086332
433 2.888509428617431
434 2.9031907306893237
435 3.0300150131868526
436 4.8380089885542725
437 2.758672941138193
438 2.6023014783692777
439 2.63900825842633
440 5.040524344416592
441 5.363815818108819
442 2.751141224570294
443 2.8305446862757533
444 4.73387499063784
445 2.9757356629579252
446 4.51210498009903
447 5.213100559128225
448 2.8732800244174586
449 4.582166922610305
450 2.94103750891314
451 2.8593296548115
452 5.932856576880707
453 5.8695553339715705
454 3.931955203687462
455 2.648227052467885
456 4.544842761269095
457 2.5550008166406046
458 4.674583301158146
459 2.646608252131802
460 5.220922136083582
461 5.785308324978694
462 2.6655869752890347
463 5.488148286035954
464 2.680861147526409
465 2.8334598487328067
466 5.0798619859695355
467 3.2720973710842114
468 8.025828781444023
469 4.855955953473015
470 6.40973245080157
471 3.2557254283213632
472 5.345929829938533
473 9.212613693298149
474 7.088112686309417
475 3.480019967358101
476 4.0758284480059395
477 4.465645471039171
478 5.944353940494421
479 2.830188464952703
480 5.128517993011897
481 7.245598696831335
482 5.233352989071398
483 4.92263783867599
484 3.9674917729237165
485 6.477119837993152
486 2.704981732407446
487 2.6713932467361956
488 4.413437594392282
489 4.5229322097897455
490 4.355099973208508
491 2.740906998735512
492 2.723519602424505
493 6.6233846588574945
494 8.53134923527764
495 6.473871546052056
496 8.492332867789518
497 9.426500429845047
498 7.547342997350866
499 4.149009912267174
500 5.5160595251328175
501 4.450165681228135
502 7.2471496402922195
503 5.5303827802820855
504 7.176773003424951
505 6.358022747109859
506 7.971104157136994
507 5.943017444385188
508 7.3722300484746714
509 5.499295981178487
510 7.222677815341915
511 7.760377189946759
512 8.890256527420155
513 7.565131624937089
514 5.5846586835214
515 7.302326189448489
516 5.386816201692908
517 4.7067514147945415
518 6.123812499439131
519 5.676682411194362
