0 11.139253269075926
1 11.290674686620127
2 11.058570266674044
3 11.442186942322019
4 11.267969394455987
5 11.090916798971516
6 11.469001650677255
7 11.073121059736707
8 10.77971112324785
9 11.312445822074292
10 10.838472582709635
11 11.06386134727897
12 10.684935883041135
13 10.858650846285949
14 10.535794618536455
15 11.72590449360035
16 11.716789159562323
17 11.024638531687982
18 11.33419812685119
19 11.371840816912755
20 10.050803707113786
21 13.920687943497551
22 15.995231389710879
23 17.858238321193586
24 18.180904183309963
25 20.133080493621478
26 17.787514985569608
27 19.603764151925414
28 17.323224427741664
29 11.266629856567224
30 15.138181226247985
31 11.481620864972554
32 13.87215216782174
33 17.17234647947612
34 17.41877401308784
35 17.404593436087975
36 15.30100437359084
37 15.113393535325091
38 10.948310292887237
39 12.101847297157384
40 11.68568576975492
41 11.939255178606428
42 10.890771755007476
43 9.55773509351931
44 9.379008123799949
45 10.41048409553482
46 10.715815853585621
47 11.723865829880296
48 11.063121534924443
49 11.808786840715738
50 10.970491642909886
51 12.54605593146932
52 10.358356451180617
53 11.304563452815229
54 12.15202012828394
55 12.162693760829116
56 11.386004451432767
57 10.05105972227494
58 10.24257494796084
59 9.716210512777275
60 10.577017559493829
61 9.892218662405485
62 14.807588647794297
63 12.00303946484786
64 10.54942365152232
65 9.660003195410336
66 15.829747669458891
67 12.733311303840036
68 9.501705790448455
69 9.99497885104512
70 14.311757386898446
71 10.761152761655506
72 15.763960259976999
73 11.374155043939641
74 13.284730141381063
75 17.690613293976956
76 18.92052629223212
77 16.85234395755673
78 17.476548511384138
79 17.098527834601377
80 16.996578663529124
81 16.38996022080626
82 16.159156411243128
83 18.46872329323163
84 15.52173450990428
85 16.01239673192157
86 16.275868936682226
87 15.381834201887838
88 15.85222222989309
89 16.925054343301795
90 16.789015576650748
91 16.39556174078728
92 16.901219725928662
93 16.92760585254064
94 17.255399807047336
95 16.0520789660168
96 16.335671456126306
97 15.989403575595171
98 15.682452904126285
99 17.357779830353753
100 16.91668671359262
101 14.995350412044445
102 15.073779888742
103 17.631107292309427
104 17.42253326079593
105 15.783129107330035
106 17.307445319640326
107 15.191624361947001
108 15.70913457072486
109 18.984251223500777
110 16.738727898147243
111 16.464676619856146
112 13.978481110280839
113 13.746095857837158
114 16.58788123253088
115 16.66624829802716
116 17.621154453182086
117 15.231819588619507
118 13.212425143980605
119 17.216407495074947
120 16.066492485932315
121 17.64196018786172
122 22.293724204059323
123 21.37660953887252
124 20.895544059805363
125 17.35618627921326
126 16.622210885244964
127 17.75278051326427
128 13.864905876144183
129 17.443396830314427
130 15.75832962027571
131 14.514573465409393
132 15.736335072741278
133 19.315359864172883
134 19.53107841490425
135 16.79277810886471
136 20.269568559687848
137 15.128009825428794
138 16.260782557230957
139 16.96715624277872
140 15.87979512165104
141 11.368469039658141
142 17.879607492212937
143 17.12425978032556
144 16.267301935102786
145 16.973800705058647
146 15.790123773737069
147 15.835527181581513
148 14.36666338528961
149 16.89597192860675
150 13.180421998578545
151 10.882411085761987
152 11.462462893762085
153 12.042915456217704
154 11.459661820325719
155 11.7137640386617
156 11.853786098948957
157 10.93684808926878
158 11.353845811137859
159 12.633265063335125
160 11.61899810096912
161 12.052455769499662
162 11.557852530358488
163 12.26928019013382
164 12.260971339714416
165 12.243713777863903
166 10.959810336209395
167 14.641095247970899
168 11.405672252325044
169 11.878757686295437
170 12.736549301365056
171 11.7414406688544
172 12.139872223790613
173 11.49479542434411
174 11.412525395370091
175 12.085418820524751
176 12.083730231680624
177 13.912742809547472
178 10.708928889128671
179 11.722582332532959
180 12.223655577837338
181 11.919894067532638
182 11.508691171062312
183 11.970752029432425
184 11.831536517066933
185 11.112719393197745
186 12.054130351064334
187 11.376896180028416
188 11.860505985296264
189 13.41533020033805
190 12.853805267655591
191 16.60568950970197
192 12.659727479643887
193 11.192483558120841
194 11.010465177623269
195 11.055901204761089
196 11.512185502196408
197 10.864408165234382
198 11.649348339797706
199 10.998862580281301
200 12.452130625074073
201 11.054545166754863
202 11.277794241331419
203 11.490044108936466
204 12.544535210821014
205 10.929099581597452
206 11.051979318773691
207 9.749094800565942
208 10.582328006965348
209 17.795737395529667
210 14.978165550211841
211 10.310986882906558
212 10.501780378627966
213 10.803186104404178
214 9.069162230357193
215 9.26784954733093
216 11.302289789886913
217 12.490348378483324
218 12.234549055636828
219 10.576834796816538
220 10.142243228134632
221 12.214226120446636
222 9.256011354996177
223 9.568341266724842
224 10.89839105070434
225 9.989963097653195
226 10.918921152596148
227 10.575171826636145
228 9.237791026702345
229 9.061270617956795
230 9.245996151205569
231 10.128663605605272
232 8.784391262560016
233 8.842193693854593
234 9.284001597458888
235 10.522861409217178
236 8.92819015534151
237 8.518538541291813
238 14.303670780958921
239 10.535944146427907
240 8.940390172315865
241 8.212109784983232
242 6.767427281088563
243 10.696462497851268
244 13.439606943646515
245 9.858789926869777
246 10.581603451814384
247 9.723909229195717
248 10.615424809441663
249 10.3822309999344
250 11.465953129592371
251 13.476172388268893
252 17.12444634318062
253 9.525181083341062
254 9.476712789594455
255 8.872590048680342
256 10.4799284825459
257 12.289871478631511
258 14.83290906445333
259 13.087449673500036
260 13.124649610268454
261 11.768519809906474
262 11.34602168355069
263 12.088395293650823
264 12.235687077075617
265 11.250896250603086
266 10.963451977688846
267 15.521765317450651
268 13.869546915385664
269 15.920560913385087
270 13.00081078020622
271 16.438237962053254
272 13.298203718705418
273 12.995428842539281
274 12.811778074444609
275 13.392493677689512
276 11.217787996512355
277 12.29936739127337
278 12.929586351175788
279 13.174620271338293
280 13.172940091761216
281 12.864787985895065
282 12.252157502907187
283 16.445825844716143
284 15.040091343564344
285 12.195048735376986
286 15.142621067539519
287 16.212552504213395
288 17.810999403693067
289 15.696292681400546
290 18.005382430828796
291 14.309272057445375
292 17.085519154440455
293 10.36778446308676
294 12.676781126196003
295 14.429578962128204
296 16.090400710212155
297 13.123775911686256
298 14.745418696673275
299 11.943443944512627
300 16.726964477823373
301 13.005585394917649
302 12.764058574181457
303 11.540393016138887
304 14.28997017398877
305 16.302148541133846
306 12.113588320711411
307 10.670817655443138
308 14.059223430798506
309 13.380486707192704
310 14.844180790367298
311 14.596369856905104
312 14.432392775649188
313 12.474526552915123
314 12.657450145693957
315 14.496696565625227
316 19.839477013403346
317 15.503716086349753
318 18.63355179808166
319 17.1618998566907
320 18.786732196236986
321 15.847281144609676
322 16.226994880350315
323 13.094756149138995
324 15.650872591998708
325 15.146561538629863
326 15.731143958611428
327 14.772204334862797
328 15.819401327112029
329 14.18945266962184
330 18.68479848173807
331 16.110152080126994
332 15.599090231707956
333 15.435583742891353
334 14.325406507396556
335 16.391822254198782
336 17.693240506673007
337 17.380654326918748
338 16.433852145080728
339 12.834594620900608
340 15.541176002200851
341 13.428728300271734
342 15.530471428262462
343 17.78970638671885
344 17.33282598033341
345 18.515994525394856
346 18.90515548631874
347 14.167817735468747
348 16.773438768875558
349 14.916027940396846
350 16.038507589278083
351 13.13905199749654
352 17.59868435682068
353 18.771876545044105
354 17.604730728438156
355 17.87207675579939
356 13.85388560512578
357 18.305181509647145
358 15.689517264522575
359 16.36207827685448
360 15.728072564250686
361 15.96254259548681
362 15.813936418240925
363 14.326748855922833
364 15.489432632907054
365 15.036170151059835
366 16.468560454819173
367 15.571686139648119
368 13.84841426189554
369 13.942832681012018
370 14.953318159089154
371 13.647295058828204
372 10.654713917124818
373 12.383205970457182
374 11.288237673081218
375 8.422565646171838
376 7.711918410494202
377 8.334170148112182
378 8.98667767709463
379 8.751581192836973
380 12.241563061186051
381 16.99268659620286
382 15.35130762424949
383 19.35532774555436
384 16.554707979164224
385 16.36360711563617
386 17.636510229594645
387 16.586542477683764
388 17.462122685261583
389 15.638002036790828
390 15.005974506534013
391 12.066720577147057
392 11.922870916254395
393 10.376170472085535
394 8.348072654760529
395 9.770742059639767
396 14.06310200258964
397 15.352301216206971
398 14.431962660241357
399 16.380146801847133
400 17.4228969719139
401 16.189878523589982
402 15.853889432709776
403 16.46126241423171
404 13.752592016376113
405 13.523058454225751
406 14.723343728169311
407 15.567925698851234
408 16.1595404642534
409 15.213117384450413
410 16.98409644863943
411 15.165869990668963
412 15.333797585401639
413 15.478606329100849
414 16.24175798306208
415 15.642331367684267
416 15.236795815623882
417 15.610497212684125
418 14.22215728529754
419 15.579374808354654
420 15.518600945238624
421 16.000234092192038
422 15.755171740276296
423 16.39974786954915
424 15.387880427139853
425 15.386469773330441
426 16.216393750892582
427 16.200017071209775
428 14.223922342708022
429 16.278074237833227
430 15.194121958471834
431 16.3371750898813
432 15.692038115935024
433 16.008714535272787
434 16.197807022331904
435 15.443350661179933
436 15.450927561739135
437 16.439289573320696
438 15.54299479933788
439 15.772278919909338
440 14.914770467544706
441 14.941046234941078
442 15.109600982402737
443 16.63283855619767
444 14.660431976985524
445 14.523827319809174
446 12.003584525717994
447 13.726272174048907
448 13.072060490175133
449 10.982001068532158
450 11.481193928099874
451 12.841434590478
452 14.340303870155633
453 12.199181852218508
454 18.415163834889267
455 12.08817121113681
456 11.066434707174764
457 13.710064921097946
458 13.243034074927891
459 12.231384609716994
460 15.420332522167014
461 16.339765841691783
462 15.131695263410077
463 10.95693459323741
464 12.96002502004985
465 14.879639821477891
466 12.520470627567498
467 12.070046068384462
468 11.68799640308674
469 14.62771511116974
470 13.047173261874287
471 13.104893490649555
472 14.705336475139754
473 11.842608740760296
474 12.47051041435823
475 13.269079429226997
476 14.916144264698808
477 13.458074412572907
478 13.97183700799164
479 13.229866855846016
480 10.596519569132564
481 13.452065121357853
482 14.004099167218722
483 12.99690445351633
484 10.099350666444371
485 11.753294202486114
486 13.643668987130098
487 10.285944131565465
488 11.403170139278446
489 10.705402603654502
490 14.925737071743415
491 13.469531429368459
492 11.313207282723438
493 11.850493888568616
494 10.591430241512859
495 11.752980414725785
496 13.426104193008731
497 11.87180338968239
498 13.874787799302219
499 13.194224565458518
500 13.876931347170197
501 11.979085773798527
502 12.019444721587464
503 13.678921362805866
504 14.687307234260272
505 13.365548895548278
506 12.042882235787758
507 12.850014152824183
508 17.398619238133016
509 11.899822920222418
510 12.882903725852636
511 12.437350292073406
512 14.795602983936933
513 12.140980803213939
514 11.317869720148323
515 11.406183099218326
516 14.980568622744084
517 12.640439240909886
518 12.76809192029997
519 13.712708888967057
