0 10.9877856472011
1 11.061991651192987
2 10.642377124297633
3 11.288019867820996
4 11.178672700288411
5 11.292999849616905
6 11.500344553943876
7 11.136072831035289
8 10.799458489211219
9 10.915213157221233
10 11.20287651440897
11 11.126012912913854
12 10.87796311385343
13 11.087572274505176
14 10.747453479304358
15 10.764898081920352
16 11.537585865765294
17 11.43011538376677
18 10.893504312417805
19 11.452787210199823
20 9.471845214102498
21 9.536375360589348
22 12.649325192811855
23 17.076110080781802
24 19.208998881996138
25 19.040391743345417
26 17.60530365805399
27 18.24717380091776
28 18.777863928876414
29 15.600429374540893
30 18.25925027719221
31 14.535949562842553
32 16.026373855238543
33 16.260922496790187
34 17.20334871909009
35 17.30718384842877
36 17.094483892632997
37 16.745913301910488
38 13.626225968327132
39 14.632794498032728
40 13.848535787383966
41 13.846616880747215
42 13.483519570633346
43 13.083871119399335
44 13.594109486140526
45 14.28677239932032
46 13.54957211085702
47 13.339442231562561
48 13.867276671402667
49 13.581561663023598
50 12.870215949725011
51 14.158153972807135
52 12.248041323807245
53 13.679681998165309
54 14.533680747478407
55 14.154922053198428
56 14.001226073956236
57 13.74097234606758
58 13.647275882065651
59 12.515129271462552
60 13.32068991754126
61 13.298182430390769
62 15.980262280993774
63 14.410945980933402
64 13.736862177819468
65 12.965612003319258
66 15.298821928691599
67 13.683386766832797
68 13.727209757061251
69 12.821547304183378
70 17.250131233312075
71 14.789100478521288
72 18.685908345544068
73 14.859910681084624
74 16.474076424379728
75 18.138424648983865
76 16.759929349808193
77 12.955424042990101
78 11.53718746514883
79 14.895463105672327
80 13.764494570202391
81 16.260856727022585
82 18.628323538100503
83 15.938937861350244
84 19.715918519779805
85 17.210042387871994
86 17.97180182802685
87 17.14035101649113
88 16.540249239304888
89 17.648754383107327
90 18.44534725255995
91 18.010716791677805
92 18.08304906915447
93 17.83499873263286
94 18.18645847320297
95 15.94505374886041
96 16.872992779248843
97 15.629735396348371
98 15.996286242539375
99 17.782859528600337
100 17.119328461751337
101 13.034546096911576
102 13.030792611396425
103 17.049529253382392
104 18.128405512635723
105 15.02677411868804
106 17.35684893752
107 13.614092553343452
108 15.26576429569445
109 18.49799933723827
110 16.657521763197327
111 16.293330265835973
112 14.405784121662988
113 15.40771338424459
114 18.137423842147562
115 17.69341022831138
116 18.11606380680137
117 15.127872789746137
118 14.303547820014954
119 17.01804507873099
120 15.577343124688348
121 18.67048563982214
122 21.173395513274503
123 19.82886370321175
124 19.090094779647558
125 13.807025140029753
126 14.248776037594572
127 15.61208187083211
128 14.199738982896614
129 17.541454285645802
130 14.752059256846588
131 11.892779269639709
132 14.099510572913491
133 19.06714851171256
134 19.388329157145318
135 15.897615683439199
136 20.27646562186104
137 15.258925814517077
138 16.374815026523997
139 16.638348728677038
140 14.953296320736003
141 11.27933513416915
142 18.852105598294177
143 17.276951580296963
144 15.078674325595609
145 17.23521724738024
146 15.237112947626233
147 15.086889597159873
148 13.65481913459439
149 16.109024409426794
150 13.317075688775482
151 10.864970611576341
152 12.753141681974352
153 12.319256342299957
154 12.830417042403209
155 11.86662765342776
156 12.910019767715639
157 11.338007273546943
158 11.188369226894704
159 12.958347647838075
160 11.903542294951002
161 12.430791870682452
162 11.58447096659135
163 12.642727961824557
164 12.486964861889776
165 12.245485349528531
166 11.460698173430234
167 14.894576895241865
168 12.526662180544937
169 12.223404862085738
170 12.683401217541974
171 11.434849276461318
172 11.304786812050322
173 11.207269560805559
174 11.01462118193667
175 11.688060933019765
176 12.429025577097564
177 13.294060108674685
178 11.858786048486762
179 12.160340234782101
180 11.833707823241792
181 11.499878614904107
182 11.01618824238258
183 11.79165212530442
184 12.03168766792813
185 10.89388525757621
186 12.418897934671465
187 11.522737266783912
188 13.055542997644187
189 14.183078700140799
190 13.452533029489656
191 18.601403556207593
192 12.509678235841532
193 11.004758737804194
194 11.78149641214835
195 12.0892292150467
196 12.08752894251116
197 11.181834249259559
198 12.517846383768786
199 11.214753354947579
200 12.238169463555003
201 11.18889500550913
202 11.434923170150071
203 11.8453019923447
204 11.649685538048214
205 13.175308188670618
206 13.241874866347393
207 12.591712275163973
208 9.920909651592511
209 17.686756699659487
210 14.657120436249423
211 12.633026732099783
212 10.029981796584556
213 9.846574340030683
214 9.759272913183539
215 11.744027324035788
216 11.19947873364301
217 12.291220593153396
218 11.835820403043789
219 10.767577584171017
220 11.768470220055065
221 14.045162976502423
222 11.955436131705179
223 12.596767499944203
224 14.090966184030563
225 13.066262775012872
226 12.594627937095794
227 13.355910439980198
228 13.167251731047465
229 13.327007231829088
230 13.437332721073817
231 14.520946248369446
232 12.58567809568194
233 13.306816028252124
234 13.26827308367503
235 14.67799595927676
236 11.639760249315282
237 12.108619042002092
238 14.332753411393357
239 13.882619302222734
240 12.193950966700209
241 12.535663930369559
242 12.012812107274547
243 14.367617220213472
244 15.137552525884654
245 13.379984972430393
246 13.341977319480954
247 13.181438014768055
248 12.302760970093995
249 13.703922330199852
250 14.035752048037757
251 13.718022870179924
252 14.940611731466229
253 15.27369308629859
254 9.991240805679626
255 11.427111035473695
256 13.920259103397736
257 16.828420140091314
258 18.073851326721694
259 16.371478146465847
260 16.246692279865897
261 14.309041813673842
262 14.414718978663554
263 13.406653089715219
264 15.197428230661368
265 13.995981423043885
266 14.36702807286715
267 17.38575573011591
268 17.591332118233886
269 17.894087150841802
270 17.00444833728196
271 18.606783341565404
272 14.324665088775722
273 15.73264791753761
274 15.59268316240906
275 16.142504879317002
276 13.196501278174178
277 15.967428772609411
278 16.79326324110028
279 15.50110339290824
280 15.3214644522884
281 15.312704096584234
282 15.494130872132692
283 18.981899054905426
284 15.904664677502003
285 15.412034927914979
286 15.460436150357047
287 15.713898626074405
288 16.542165055543624
289 15.368179138843642
290 17.06095102322851
291 13.092509630387323
292 16.561556884701584
293 13.30260749043205
294 14.54554455492895
295 14.913951165189513
296 15.534575126283547
297 16.022619637587514
298 17.238554897645777
299 14.973934117160079
300 18.536582554371567
301 15.33567109638304
302 15.614727374544112
303 15.819920724784264
304 17.901474462889315
305 18.218674291970654
306 15.344971348415228
307 14.477124851280172
308 15.6171743632741
309 13.38461110877958
310 14.129507391733386
311 17.408679787520935
312 16.83466037415952
313 14.724996653055578
314 15.55563613777697
315 17.048320257929245
316 19.151550057698902
317 16.95215120735408
318 15.923081468952278
319 13.973052248643441
320 12.321586962076717
321 14.410035494257992
322 13.230720148187883
323 14.066523639547453
324 13.389076179691468
325 11.337901953688773
326 7.784134282533017
327 12.954897739844009
328 13.739871149542395
329 12.888855771435015
330 12.418538578072894
331 12.86294918450744
332 13.578013390308676
333 12.588298924696824
334 13.56265243943607
335 12.272662671486005
336 13.934661031131434
337 14.468366797482009
338 13.472469954825165
339 13.173840341693252
340 13.49035922295295
341 12.513725704288984
342 11.191365568801112
343 13.9970489109361
344 13.99438486421648
345 14.743870378945635
346 14.497564617214309
347 12.925750139200348
348 13.73193908570239
349 14.69560948121111
350 12.429615403046581
351 8.456771768384412
352 13.239525248082739
353 15.231466591689648
354 15.056457664534223
355 12.753244552781794
356 11.918933187994627
357 14.14550195927445
358 14.351242640185143
359 13.59045822848473
360 13.2450772208664
361 12.710576352470484
362 14.601148739806638
363 13.460820264664328
364 16.199636139524085
365 13.407915745609724
366 14.81176269786815
367 14.594664901944022
368 14.115167410478948
369 13.66186879973758
370 14.13854261735708
371 12.01006328538117
372 10.980180039846143
373 12.081125525404694
374 9.456918700839
375 9.720618379521051
376 8.976024932894145
377 9.433188771613429
378 9.486890398332722
379 9.814804572835248
380 10.30042091733219
381 14.129352847904643
382 13.69658858406948
383 16.288048609924253
384 15.61876504007784
385 20.17660180536174
386 20.57323646301941
387 20.11790980168978
388 20.432467263084796
389 18.53862493792393
390 21.729163883683597
391 18.005214937839387
392 15.824849505881774
393 14.84916351984131
394 10.693929926053473
395 14.832347745069288
396 18.04819708842496
397 19.836070126777308
398 20.369549701547644
399 20.039862106142134
400 21.924320483804568
401 20.728523180781025
402 20.681481837836728
403 22.230369007282192
404 20.240691932633435
405 21.115516210490046
406 21.584534512575793
407 21.953188202185455
408 20.31898415054347
409 20.578977385906406
410 22.052752692040972
411 20.247119732860313
412 20.084962842284202
413 21.44757667264493
414 20.53359612562778
415 21.44794718268932
416 21.276975635368093
417 20.154459187011874
418 21.315743868052888
419 20.998855769041786
420 21.737449627883393
421 20.659360638340402
422 21.215796857100255
423 21.754780924807378
424 21.691952134434864
425 21.577904263796288
426 20.62389325982008
427 20.345357369463823
428 17.670377826552354
429 20.49879300353937
430 19.55661235878462
431 20.381528021677084
432 18.91925673997038
433 20.392448880084906
434 20.089676183082407
435 20.271449693142632
436 21.744054171810053
437 20.45820373566835
438 20.846366436896574
439 21.4367259577676
440 21.895547352017296
441 18.528510920923836
442 19.202687695009917
443 21.524874821839084
444 18.92501775961881
445 16.104025323392225
446 11.499289741424091
447 12.590146793704083
448 11.651604483752854
449 11.709900056830396
450 12.14124952449973
451 14.78397389046287
452 14.59504657409014
453 14.470262777134618
454 18.133389087070878
455 15.10729827564929
456 13.39900572960668
457 15.659263943422033
458 14.008280475630972
459 13.393407595761268
460 15.043993857140833
461 13.626481157496615
462 12.543172806091182
463 10.755636033399574
464 12.457569769278688
465 11.401102064737673
466 13.628324522213656
467 13.131348948319218
468 12.722187285131609
469 14.633892568316067
470 10.424286654294097
471 13.99465685187792
472 13.589900746018014
473 11.99551599991692
474 13.702249860352847
475 13.510065083759562
476 14.190687808759145
477 12.424394313299102
478 12.447370390801865
479 13.540870589163408
480 11.676730632588962
481 13.816594718195846
482 12.552290854991197
483 13.449171472482238
484 9.840015636044157
485 12.47393427511195
486 14.549643921228792
487 11.134756370526881
488 10.077779303398417
489 13.076671952253374
490 14.710393733414156
491 14.220859414486972
492 12.692045097052176
493 12.294494852283481
494 11.364319370062892
495 11.718373490872258
496 12.280240955556302
497 13.178698920931057
498 12.41850050372713
499 14.456644899861681
500 12.906937806622157
501 12.346698821285228
502 12.917442245681217
503 14.31970418397863
504 14.392638645795373
505 14.383084720485693
506 13.703670256959294
507 16.929934038545174
508 17.627896601467647
509 13.630562308086589
510 12.683000533818026
511 13.250855301786805
512 16.33441347373956
513 14.94652008725169
514 11.579571934235823
515 13.591998536565097
516 13.287199105231627
517 13.030497015035111
518 14.231922047655182
519 13.205652731055999
