0 2.715921542501212
1 2.711152715595912
2 2.7596813238052054
3 2.6588972836029314
4 2.742961924353054
5 2.7807386533575595
6 2.7780112724781243
7 2.625087871821557
8 2.850439265068929
9 2.884768997727559
10 2.7419543459687885
11 2.761350148209313
12 2.626825460849754
13 2.802774145585414
14 2.7010543575470245
15 2.7116365680500776
16 2.6639226742949105
17 2.8137579223127145
18 2.7342385893036383
19 2.688752934589303
20 2.678176914597542
21 2.602039853687408
22 2.6735591468446764
23 2.882495887374524
24 2.7524417027697425
25 2.8941982896006326
26 2.848488162025212
27 2.7688526783797083
28 2.8348795960245616
29 2.8231585169597255
30 2.749841131819815
31 2.812245144204983
32 2.8268480955715183
33 2.766989484289619
34 2.8521195203054304
35 2.787559889161637
36 2.8360491901047222
37 2.722673649310927
38 2.9176398396057794
39 2.684703979971013
40 2.7942750759580943
41 2.7655548796640854
42 2.677049455920973
43 2.7750956178499213
44 2.8078734356234025
45 2.677260850368261
46 2.69934841330768
47 2.693872146263275
48 2.598832283436408
49 2.750431768562528
50 2.747224192779067
51 3.187265742079156
52 2.7475679512587896
53 2.716363186385167
54 2.7754400439550477
55 2.8159211696581674
56 2.658546313554035
57 2.7625258082138044
58 2.79867086922863
59 2.8656091131493766
60 2.9609476903156478
61 2.899111265143753
62 2.6371786271552358
63 2.9133770759315243
64 2.9216806124586543
65 2.6292060881070416
66 2.7378180977195763
67 5.609054730536473
68 4.4429739410603455
69 3.273866013042518
70 2.691263875355712
71 2.8204949631609453
72 2.9672960930936667
73 2.7323797295737777
74 2.7257249148341756
75 2.782812315514692
76 2.7841049075225106
77 2.8095832968482632
78 2.7470376105125833
79 2.7544609098434236
80 2.736212213288277
81 2.9241334093010405
82 2.7403359524008337
83 2.841330664473472
84 2.742133090988462
85 2.704421900493951
86 2.724182357518024
87 2.8252665725416386
88 3.0140159242861473
89 2.692658826794414
90 3.7462093846722424
91 2.7861442524976505
92 2.765916589661761
93 2.7576758228045186
94 2.7412906272878965
95 2.7512072658494175
96 2.8534655326814597
97 2.793003099875868
98 2.8561250860547482
99 2.778593315513547
100 2.933264941224199
101 2.7608279196894325
102 2.6681120815000527
103 2.693169090403263
104 2.721369320783158
105 2.8741230909491664
106 2.8708446181925678
107 2.7910962364953655
108 2.608986896918494
109 2.70857661149348
110 2.8920160884870088
111 2.896114329978311
112 5.182996217137581
113 2.944226879634981
114 2.653766725708692
115 2.7928539339976366
116 2.86067633692242
117 2.7439281104363493
118 2.6736140576175345
119 2.9691639971329185
120 2.7542442890231524
121 2.6373449687291743
122 2.6681172852032495
123 2.914054566207615
124 2.7098177479631134
125 2.7673731403985253
126 2.706182824389111
127 2.7215769164727837
128 2.5992264915880297
129 2.8200450239077988
130 2.901216964192452
131 2.705969149288338
132 2.8069917820766372
133 3.00953200387107
134 2.699148397684821
135 2.971803564057322
136 3.028562175179848
137 2.909268351222425
138 2.859705195034082
139 2.7433095273700534
140 3.120416694435436
141 2.801808923814599
142 2.829583804617918
143 2.67700926071786
144 2.8930606408410076
145 2.8687974321041
146 2.722903676251569
147 2.7184013380791026
148 2.924053088734985
149 2.773099810642902
150 2.7103974922274956
151 2.717039656297729
152 2.787439546431455
153 2.6475105674188737
154 2.786468269159592
155 2.768988630017782
156 2.793326776181247
157 2.750617182046464
158 2.887217407649155
159 2.719399802686217
160 2.8538535114117347
161 2.960437091771002
162 2.80081999740964
163 2.7370804501956503
164 3.3234042396019947
165 3.4548384270415764
166 3.5803541774239847
167 2.7661668421096857
168 2.7409547200943325
169 3.0148783620078268
170 3.261454994545204
171 3.5906462134708406
172 4.511360460132133
173 2.894494437759331
174 2.99097691455051
175 7.502871981583436
176 8.152748368123365
177 7.121763227916052
178 7.054930080204022
179 5.748022614324212
180 6.3874197055092585
181 9.16824702105376
182 9.115425799004791
183 5.631457263760522
184 8.12003358681529
185 5.899501693602332
186 6.573276417295574
187 5.533731075727545
188 6.180816406338334
189 8.134536370421502
190 6.861716699751515
191 6.011321413289054
192 6.519166301337357
193 6.5104035224270875
194 7.6867689441193185
195 6.311625845207295
196 6.362758244598587
197 5.70451544606563
198 6.535143521677408
199 5.218917180485114
200 2.725895533981511
201 5.784926693242563
202 6.838967362144178
203 6.516044315819879
204 6.311473309786611
205 6.064377720529562
206 6.650629034589221
207 8.784107557868873
208 6.490744719614076
209 5.627403580555659
210 6.615910352846922
211 6.059241326821648
212 6.0829557222014845
213 7.091378802915217
214 7.213884775228393
215 6.230625651161669
216 7.2271019928912645
217 7.136334967289592
218 6.812316409586438
219 6.925286372384283
220 3.1296289146203575
221 6.536456822132199
222 5.00672293899459
223 5.340858501083354
224 8.366916005263986
225 7.8900625463919205
226 9.36647438740167
227 7.862163540057022
228 8.073623761383091
229 6.55245962415929
230 5.402492622834722
231 6.021848173096448
232 4.971269477983013
233 5.4578837262740825
234 5.504979202462071
235 5.0064164390365224
236 5.08640880961016
237 6.330953818630913
238 7.396294156643518
239 7.123669185551296
240 7.525594005518084
241 5.879733913142571
242 9.533671887561294
243 8.486253165336956
244 6.574742208552329
245 5.693322027590168
246 5.798270441811968
247 6.191633192467434
248 6.590384511953694
249 7.1298108028290175
250 6.336102444796383
251 4.905736093384424
252 7.151317703534442
253 6.290168057912323
254 8.749456280052975
255 6.534561082914672
256 6.966444180970803
257 5.560974474794129
258 5.066272662244398
259 8.271910126997975
260 5.10827163872571
261 5.922751197150132
262 8.284596104677517
263 6.9498893687287175
264 6.46521971498329
265 5.105197360452523
266 4.854380780247692
267 4.633720588962086
268 5.268157388128142
269 5.151218860960288
270 5.465661177305844
271 6.569500730688814
272 6.583584043878818
273 5.245324178394313
274 6.030391738755631
275 5.927775362896898
276 7.558577615711993
277 6.77423952255844
278 6.585930624504742
279 6.683063812043825
280 6.04184409655068
281 9.029362214234517
282 7.623661487660171
283 7.134869110958991
284 8.56153052871781
285 6.941737300447458
286 7.135178778138919
287 5.232367089728093
288 10.791380964842446
289 5.37969106190924
290 8.077631535404231
291 6.368431548985659
292 6.7964692726268465
293 5.382145942377025
294 4.4318052358819875
295 4.666751795336794
296 4.348628907681666
297 3.304132621125288
298 4.578068495869281
299 2.8836172280520005
300 4.074161478677409
301 2.8321315203384456
302 6.288245240325122
303 5.382387939243357
304 6.218844429075286
305 6.226023933340616
306 6.6823735883703055
307 7.772726151496966
308 2.7035499188728234
309 2.6326478138594287
310 2.9055822730260457
311 2.7682608414727365
312 4.934565124654907
313 2.970588814673669
314 2.7573341453331595
315 2.8866560728459083
316 4.777821157699642
317 2.6615103334412895
318 2.8774867208888923
319 5.844066445421374
320 7.479502462222
321 7.215412414914112
322 8.68182270680984
323 6.551594403884609
324 7.507556145110596
325 6.538722559595006
326 4.9613677438339066
327 5.213482176144632
328 4.979496195157142
329 2.9583988006765294
330 4.609802605074659
331 5.403437210049238
332 5.533222547408257
333 5.114696443009196
334 4.722971612387074
335 4.9176958782972955
336 5.643483239634834
337 4.269299157975342
338 4.389635090438354
339 6.286525591121399
340 5.59154562522511
341 7.022571798768516
342 6.391260160084987
343 4.805277206539428
344 5.010452790302618
345 6.902650700684258
346 3.8553902108352665
347 5.115949677890696
348 4.9805797877830775
349 7.821824103050346
350 6.982574805666103
351 6.300795500451417
352 4.64820276787992
353 6.376409107439962
354 4.33813273787914
355 5.142444935199572
356 5.159723302002509
357 4.909215585075673
358 5.5459541727174635
359 6.562858789529193
360 7.082628121238249
361 5.515606765560319
362 5.805749572849256
363 4.7623344428509995
364 2.846008735116399
365 6.527423326071916
366 5.642805396030848
367 5.111506223780048
368 6.558685367137288
369 4.93714653383661
370 5.273148271535837
371 5.205119047091909
372 5.580882239849402
373 2.8987265992502693
374 5.420290456176027
375 4.508824801923678
376 5.563711586392715
377 5.3130460773825
378 6.107451370136899
379 5.018933513350755
380 7.4794317947643085
381 5.548212541131824
382 5.381182262137593
383 6.960975925273777
384 4.856935136251388
385 6.209386877666508
386 8.397580044193841
387 6.579956639779275
388 5.446231294028462
389 6.110403090212364
390 4.803321340451115
391 8.244400596103233
392 6.820141685182384
393 5.03393685631428
394 4.364685633176204
395 6.005894392198162
396 8.756114139602001
397 5.556023977135619
398 4.914237932041927
399 5.239199407981751
400 8.401971121561246
401 4.940154502372405
402 2.812777143434211
403 5.719666997157999
404 8.369270243127481
405 6.86722885008501
406 4.932884642130973
407 5.195855538519738
408 5.252830002278049
409 5.746766667132609
410 5.851249296046682
411 6.661506530923135
412 4.397527313613119
413 7.550613638556517
414 7.89383508556692
415 8.464390795505327
416 7.39800506996885
417 5.249040040565516
418 6.277332334299974
419 8.85395663697161
420 6.947016780934336
421 6.436051695807717
422 7.577847756929279
423 7.750134046495046
424 7.4539885073306404
425 7.294299561414623
426 8.191741966614394
427 8.117697869187435
428 6.258713183988022
429 7.970412897185563
430 8.132322022678435
431 5.528507909478522
432 8.22862869302909
433 7.595280890667519
434 7.5890288574143066
435 6.974591258039536
436 6.868575700602834
437 8.417792315360245
438 8.45225551128572
439 5.2432188161548465
440 6.377217534342953
441 5.666748234496031
442 7.10655727874044
443 6.458072356498867
444 6.649517904427056
445 5.905672592632
446 5.5130358273233755
447 2.734634236168697
448 5.559273394041489
449 5.249041382567648
450 7.257224580686236
451 7.010480080303715
452 6.189512564606374
453 2.944916504403562
454 5.675187522420827
455 8.910704350302879
456 5.972332473117671
457 7.870206015027615
458 4.3233322266690175
459 7.192534717695427
460 5.460227612849724
461 4.7951202252119245
462 7.084013632785165
463 5.941310340607354
464 8.452543164667523
465 7.355813526365707
466 5.572967897112829
467 7.612390410608849
468 6.09018468696376
469 5.59313227773403
470 5.442502471959831
471 8.295125526990446
472 9.355287365921686
473 6.214631424313247
474 6.1500893962315235
475 6.635917124503036
476 6.902089115041749
477 6.152007208112984
478 6.1410327922123065
479 7.653127718435241
480 6.35852063637088
481 6.056436578298805
482 6.625424558712279
483 5.607610318870339
484 7.688904105251231
485 6.009386592187591
486 8.321928652168957
487 8.969124917689365
488 7.682830965672466
489 7.433297973094995
490 7.010280815279234
491 7.140593581985195
492 7.15623981836158
493 2.9142216248892754
494 2.6162757389773907
495 3.010464545333298
496 2.8587746659579643
497 2.7837127659305767
498 2.7077297869705905
499 3.00931400229093
500 2.7147013271993354
501 2.8181634728046343
502 2.7677174070892776
503 2.729184439198931
504 2.8314430232996806
505 2.739233165494645
506 2.850962533408197
507 2.8178274195179007
508 2.8093068170193622
509 3.1934077537095376
510 2.682880445938882
511 2.9038905005651605
512 2.7748771538768717
513 2.7824786631218577
514 2.7421139224652014
515 2.7991799343931096
516 2.758704132844714
517 2.945722729277282
518 2.6972402161804183
519 4.297705270074543
