0 11.475578580923482
1 11.312043770965959
2 11.126036093489585
3 11.963999956707354
4 11.789726360050906
5 11.519111886419568
6 11.723385044749524
7 11.422488451633109
8 11.360739400407194
9 11.014299849796627
10 11.654147352963138
11 11.532046928166324
12 10.95335947372183
13 11.847144674127584
14 11.063621364164543
15 12.703934351578164
16 11.885019377988872
17 11.47887827603203
18 10.990887552880729
19 11.934964309157275
20 10.178253847738157
21 20.67659722994011
22 17.48295090941395
23 23.68528214609724
24 22.324715011408834
25 22.00769335455406
26 20.347878110970857
27 19.569437718735674
28 18.739881675499202
29 15.686287605611133
30 17.938105503663863
31 14.66774399962561
32 14.357331020979148
33 15.309156233540342
34 17.011065923025633
35 18.218652561160606
36 17.155291728106196
37 16.02789651470621
38 16.005498933032545
39 19.41268706891941
40 19.342789687895195
41 20.008539185774588
42 18.916208243728303
43 16.16653871169093
44 14.087481972998429
45 14.253177126101958
46 13.450557096401003
47 14.394646103803211
48 16.288342864492886
49 17.45030106095102
50 15.38688225341449
51 14.373608756088831
52 14.692516467882287
53 14.981521065771258
54 16.447271757210675
55 17.18843550030117
56 15.147014799874047
57 13.267758729957984
58 14.775075859082273
59 14.344408912300441
60 15.523639829086353
61 14.260505414757237
62 16.23940702789116
63 14.510366568972094
64 15.287408839563565
65 15.060620824120834
66 15.650400472378044
67 14.784823056399931
68 13.768092384606815
69 16.682465168496034
70 16.36796610985163
71 15.373838812131073
72 14.329462931361558
73 16.011911808250556
74 18.768880416341048
75 19.715824608251733
76 18.004438759217727
77 15.790661222874627
78 16.749167788327995
79 17.56851403915049
80 14.913768329439796
81 15.20452079831943
82 14.930578422050587
83 17.818670408910673
84 16.544489228402963
85 16.63625606322212
86 18.75260143193824
87 16.43998232919722
88 14.93371451076034
89 17.51132283325798
90 17.377458259331725
91 16.36372304185726
92 16.660238787624046
93 16.92104393247758
94 17.421392121233875
95 17.94253743653824
96 18.331505601276024
97 18.160443297284953
98 18.47765061014232
99 19.70957764589819
100 19.78448819876617
101 16.715676587656183
102 17.278401792139537
103 20.1643556681544
104 19.837132967223685
105 18.150742888481442
106 19.79507236025437
107 17.42611086464602
108 18.023177966507163
109 21.066192955284183
110 18.93428091212696
111 18.937572827846147
112 16.147868709872434
113 16.158224382227793
114 18.462721547294823
115 18.63226844505527
116 19.819398429190933
117 17.27379471099309
118 14.97683195345013
119 19.321591991094692
120 18.04026293404862
121 19.96590371781621
122 21.931587078054445
123 21.89803189631081
124 21.371652889213294
125 18.336098193379776
126 17.621181261948067
127 18.298865772699003
128 15.300720080430802
129 20.04805991730037
130 17.9133649715703
131 15.921347634641263
132 18.078745581210136
133 21.574101266987164
134 21.94158685428741
135 19.50378211187878
136 22.09962946053972
137 17.518132684912562
138 18.453677192501207
139 19.88369361676791
140 18.3958344800484
141 17.48064131889171
142 23.491851276114286
143 23.760799744240302
144 22.983384591308358
145 23.21821737348401
146 21.69973370706665
147 21.601337460295465
148 18.467568424896466
149 20.155455825674117
150 18.29418183221224
151 18.031879242112165
152 18.909197774455567
153 18.492214559067747
154 19.343027031026722
155 18.86863882750399
156 18.390968983835087
157 17.792279932320778
158 18.019482819737505
159 19.644310574362837
160 18.822636535569682
161 18.530014450819813
162 18.565158067183244
163 18.942141003033203
164 19.090093734395186
165 18.49217852217175
166 16.98416687676738
167 19.022759819665872
168 17.85359240363851
169 19.471599817471382
170 19.570598502494107
171 19.168473838588003
172 18.824568919600132
173 18.37463772635197
174 18.867285209400244
175 19.28704160917425
176 19.48220761768178
177 19.725202477757865
178 17.39636730616804
179 18.53356806412094
180 19.203406408223053
181 18.686409382764026
182 18.099347420540376
183 19.53916725940845
184 18.794639256759957
185 17.834158725110967
186 19.6141884090115
187 18.94082134512434
188 18.352490288218487
189 17.894062057254274
190 17.89032592215222
191 23.030334445602037
192 19.203071464573892
193 17.877404110823647
194 17.201722878500714
195 17.887958837608494
196 18.656952367061855
197 17.67334576573539
198 19.452737938816803
199 17.948889457136772
200 18.491677170100857
201 17.655241186927306
202 17.833673409787618
203 18.477447730216443
204 18.47252369209057
205 17.82374158474622
206 18.017008920661976
207 12.259242806568675
208 15.505805156982461
209 21.06008468628378
210 20.048906347399818
211 18.818067717820785
212 16.327594250435723
213 13.861667091205904
214 13.869926171973818
215 14.306580274989335
216 17.329417113054845
217 18.920846222544732
218 19.229279173968724
219 15.763366506907934
220 17.341912808681467
221 11.036124974975124
222 13.559691695819465
223 14.412368232661382
224 15.2135201132011
225 13.604066878603064
226 14.137114323828555
227 12.698548541921197
228 11.875223413508634
229 11.550496485970422
230 9.35711484094296
231 10.619727617224768
232 12.610449140832111
233 13.545756138583481
234 13.01715774787547
235 13.037482473375078
236 15.959156128779206
237 16.682592744880072
238 23.52538511863841
239 18.207350715556693
240 14.955748953410751
241 11.720433912609199
242 13.91002311951665
243 17.643835957229218
244 19.623849566128186
245 16.276003220170082
246 16.98492725542758
247 11.273661958378383
248 12.790344526450905
249 13.111329848619095
250 13.331278768138738
251 14.975434746357674
252 16.2688111354352
253 11.824339690393382
254 10.412970123239784
255 9.695939065743527
256 12.284878636631781
257 14.891633605433132
258 15.261580884144891
259 15.374042856805023
260 14.696315090787422
261 15.112714022428184
262 14.468383307670312
263 14.09034748408146
264 14.078517084548988
265 13.883806322617506
266 14.029889101214746
267 16.068509096614502
268 15.827864220008545
269 17.19874769681737
270 16.061950474849407
271 17.936074886906926
272 14.410720424690284
273 15.356930959480227
274 15.647415382939238
275 14.874783869774037
276 12.745403175155833
277 15.370941206527986
278 15.555661967477537
279 15.663589874007501
280 15.01601130067186
281 14.914906376673834
282 16.107015335520945
283 18.413272798560357
284 16.651271388539797
285 13.7457829011114
286 16.19613555586448
287 18.445844305209096
288 20.335595646504302
289 17.951520792558647
290 20.886258583992678
291 16.28669696204187
292 17.98303526810988
293 11.862329845380886
294 13.513533913868422
295 17.62536145047609
296 21.520358279663768
297 20.086450587971125
298 17.194471927805562
299 14.976919810502768
300 18.315419744591228
301 15.275241089404199
302 15.346082476396564
303 13.93375635929499
304 16.945735121338355
305 17.780177973926833
306 14.103592929227602
307 13.478081943671729
308 16.526540598213455
309 15.044526708089618
310 14.824686150324274
311 16.5076874830071
312 16.804440035549984
313 15.783486103676765
314 14.751558231643774
315 16.407209016450143
316 20.05781691603277
317 16.826496643198183
318 17.12935472099181
319 16.849443833227767
320 17.41683754510504
321 13.746897491734243
322 14.782559325281571
323 13.034132149822122
324 13.778467391233859
325 13.599938441428389
326 10.581711405807738
327 12.642570829798103
328 13.609234933713495
329 14.331194066805883
330 15.848921309189834
331 14.004138464411225
332 13.597621783626662
333 14.26068745529623
334 14.029534005452286
335 14.90044898346215
336 16.0796743898784
337 15.195238758683127
338 15.753339083844269
339 12.453484859677536
340 13.371171337480442
341 12.740666160539748
342 13.961628421572719
343 16.34791953051623
344 16.88912514099391
345 17.431736923231107
346 16.23398767775086
347 10.947758164848315
348 12.575178514971121
349 13.123652600910486
350 16.769452628826105
351 14.302822742630694
352 16.92717682659186
353 18.985427947543155
354 22.004329256475547
355 21.23603506266192
356 15.739210045015746
357 19.097115164606574
358 17.153981001244716
359 19.426309425167464
360 20.756888395071105
361 17.971023782324206
362 19.150502760581773
363 19.049205199028062
364 20.301090107514483
365 19.270215220645518
366 22.99276796415424
367 18.646333747714735
368 19.253442439760644
369 17.099129306612443
370 18.044297154434954
371 13.639595528182959
372 12.699117909242139
373 15.303381805098672
374 18.444481605697458
375 14.611242777854024
376 12.450540922340043
377 16.140349748101528
378 14.728551149186135
379 15.861675329135666
380 11.827581332571604
381 17.154564870353873
382 14.81376842450397
383 25.05439998848057
384 22.726905196616205
385 20.191420567301364
386 22.548931726583383
387 21.04912816041981
388 22.351298968540345
389 21.62936437360361
390 21.713551463018582
391 17.85098321951106
392 16.584811497309822
393 17.985974839876114
394 14.035945393544319
395 15.44426978478151
396 17.413227930282993
397 21.245142792944566
398 22.964790346613327
399 23.807482402332948
400 25.1107329210479
401 23.029903394793358
402 22.419733226868967
403 24.086388831446094
404 22.722398430936813
405 22.91821272185375
406 21.618583495357598
407 24.056199683555672
408 21.79261491168381
409 22.20720457602064
410 23.325287452249615
411 22.47450888614704
412 23.038757291749064
413 22.431634575126765
414 23.046088833223386
415 22.817838691918702
416 22.623584495161502
417 21.434739242292927
418 21.90320987239834
419 22.15472064306788
420 23.661485740264624
421 22.84994070829281
422 22.790692928687886
423 22.918964124620995
424 22.699315804211064
425 22.71611101276406
426 23.363561810080178
427 22.15582138152577
428 20.389552699300946
429 21.27288961718045
430 20.850822205883325
431 21.90434714238405
432 21.64993913855342
433 22.6118508005201
434 22.0942795800515
435 22.310873571984118
436 21.127239269774435
437 23.290167278838435
438 22.571668832295003
439 22.44563388298934
440 22.347689355625945
441 22.058721054609347
442 22.101592866679056
443 23.982294228588263
444 19.05865515636508
445 21.831236332810462
446 17.028153192815612
447 17.84972140322062
448 18.961186603144547
449 17.07549355635798
450 17.005770578771724
451 17.543301214292306
452 19.084079299312265
453 15.92265796421358
454 20.578410473876595
455 15.590398135284216
456 15.203474517759505
457 17.70505229463315
458 16.648798216274045
459 15.796454501277541
460 20.135693212253432
461 20.06401679014171
462 17.747842156904767
463 13.876881688884392
464 15.351404257475338
465 16.599940430879425
466 15.409571067723554
467 15.815164790408062
468 14.391051875994133
469 18.69374920913502
470 15.417867138027006
471 17.058564770110102
472 17.971437509959408
473 15.29815414556162
474 15.160789890169873
475 17.315004423985283
476 19.17909211243011
477 15.878984683660187
478 16.827239017766992
479 17.223872543955242
480 14.147432137323776
481 15.89498773656346
482 16.861873139804736
483 16.373526121968162
484 12.971958170187657
485 14.905430272772529
486 16.33499449395373
487 11.972844417402232
488 13.180506086758898
489 12.517261487257576
490 16.276480324866043
491 16.79888083100024
492 13.696754708950978
493 13.544825165008936
494 12.764317330950933
495 13.93417858259821
496 15.19389187883681
497 13.72720240635291
498 16.221935906904662
499 17.59687656264799
500 16.97860633434237
501 15.65352119594006
502 13.19861109171017
503 16.475308749279606
504 18.317666937282247
505 16.702167378589795
506 14.33164716811114
507 16.167240072418846
508 20.74830194555977
509 15.421254020534683
510 16.245871941579537
511 15.496115178788063
512 16.702883476139473
513 15.169401448617037
514 14.332404968735418
515 14.865179731553559
516 16.695987894521885
517 15.22218259078475
518 15.433780479698594
519 15.2370839830784
