0 2.5593362923973055
1 2.5624389715597964
2 2.576306936454508
3 2.589363867034904
4 2.7604563455339037
5 2.5648221962156046
6 2.575650451721509
7 2.632584994331097
8 2.6593003767197163
9 2.6185330713115413
10 2.4686434706183387
11 2.5837898896365568
12 2.7264602132559674
13 2.513224170778239
14 2.5124068216285274
15 2.5742469495723515
16 2.6211155401705764
17 2.5580202033802544
18 2.7261521905164545
19 2.552798448716577
20 2.601938916749002
21 2.548018166120193
22 2.718074318729941
23 2.5912845013439942
24 2.681285335396742
25 2.597064752768745
26 2.6886962303899535
27 2.491195613075476
28 2.5432114532733476
29 2.783236606675841
30 2.6261278582461394
31 2.5930442466729327
32 2.6349162994911577
33 2.5002678009386634
34 2.666190286010344
35 2.694483853518715
36 2.6065984709951437
37 2.5179601389381454
38 2.752146908773285
39 2.6207436226362097
40 2.6427636635943696
41 2.6891902443422073
42 2.5912851142205935
43 2.685791330834455
44 2.58928154344219
45 2.6277656237371096
46 2.618694158830739
47 2.6660308460458104
48 2.573242032047943
49 2.613372545728962
50 2.604825107113802
51 2.613956149748211
52 2.632094247467108
53 2.5889847262655774
54 2.653809039112359
55 2.544158605212131
56 2.583738700418063
57 2.6059420561409614
58 2.6277267350348783
59 2.588482686589169
60 2.682351507937151
61 2.6498370265405766
62 2.5567215659441156
63 2.6099355773408135
64 2.6753494288579653
65 2.675016878395558
66 2.785409258409589
67 2.541647820954022
68 2.5615917466344977
69 2.651852402915252
70 2.472796693099409
71 2.5146085004071423
72 2.614252504169545
73 2.688405322904189
74 2.6503602819751424
75 2.464127683262216
76 2.6751527985031873
77 2.740061668986538
78 2.7008815422660146
79 2.58350889449167
80 2.718702175170274
81 2.5816183029873927
82 2.850622237766741
83 2.7079142045226954
84 2.602945775360438
85 2.5584460502756867
86 2.702792865971387
87 2.576103018175048
88 2.5932888442151003
89 2.683105049662605
90 2.6069438496061275
91 2.695541241199271
92 2.5209095859540605
93 2.635966717930708
94 2.6131141408024328
95 2.631957028655848
96 2.6360820769308386
97 2.6400397911152
98 2.5954048879677916
99 2.6244650572361703
100 2.737959343672406
101 2.49489832550097
102 2.7568002665529825
103 2.686752421011719
104 2.4963043426502844
105 2.6594481304228106
106 2.6373741394745105
107 2.5686587089649406
108 2.6086489332114824
109 2.5467404869660935
110 2.648101686337096
111 2.5818791130067114
112 2.632476531736203
113 2.5944468308657025
114 2.6329983524346736
115 2.63412453013651
116 2.5804578039220414
117 2.628388258454923
118 2.629372841517328
119 2.6020231388423745
120 2.6289210815787585
121 2.660960005614418
122 2.5981531136752727
123 2.5129281843560807
124 2.706254192338762
125 2.658677908795926
126 2.6193862111865402
127 2.5692742927925547
128 2.558251494438048
129 2.6743143240948632
130 2.7628273813405757
131 2.6129324113966526
132 2.553215043400965
133 2.9347795571846294
134 2.516431189346441
135 2.6842736469404
136 2.713626170298696
137 2.526408942561574
138 2.5614207863983385
139 2.842973282023842
140 2.671602585667775
141 2.6528212977515553
142 2.817338983443392
143 2.718366755271556
144 2.629611212293457
145 2.6803399272502726
146 2.636101358887013
147 2.570695471834072
148 2.557796900106468
149 2.58496821323715
150 2.7347621339954022
151 2.7311006703430287
152 2.7366112264349978
153 2.742037106951975
154 3.0066227600701234
155 2.6159297260333667
156 2.7685878263330688
157 2.7247304454678325
158 2.6156384570705615
159 2.7361526101022298
160 2.656810340590995
161 2.934075215428263
162 2.5000514975341686
163 2.5846937213154146
164 2.7535148918730243
165 2.6040272494528436
166 2.8183255981764934
167 2.669743012891839
168 2.6718074239207428
169 2.613417229191542
170 2.7411439474124224
171 2.6880823170905477
172 2.587948435216968
173 2.6104023237067913
174 2.600631959497695
175 2.575446711522089
176 2.624836253181547
177 2.5648294965731715
178 2.5920918889792084
179 2.7854468486087844
180 2.546944339809917
181 2.675938416311947
182 2.6071412903814717
183 2.6273544126892463
184 2.691956616905306
185 2.513198600764659
186 2.5909303175890446
187 2.605744449262243
188 2.784645300592225
189 2.71170409493389
190 2.6527153692663052
191 2.555643463457731
192 3.482099829727689
193 2.6682720109774296
194 2.658461835612469
195 2.6543324128171917
196 2.778472279976548
197 2.7363662529349866
198 2.7074388559897313
199 2.546008497669728
200 2.7451520606963618
201 2.6712567090014905
202 2.567991527033032
203 2.6482783129667147
204 2.5199713078079506
205 2.679862228302279
206 2.6667515487240228
207 2.644908003174771
208 2.601468636590154
209 2.6841728441412385
210 2.5669509298474913
211 2.80217749333693
212 2.6743239926205096
213 2.6204385751460944
214 2.6868302842668403
215 2.5924447647694757
216 2.589646399501749
217 2.722169334012756
218 2.469478380820412
219 2.5608547145784497
220 2.6266936007895425
221 2.556658419603959
222 2.492779838933491
223 2.528470491801558
224 2.643610515489832
225 2.684482690204082
226 2.4856442568287354
227 2.6753342813088987
228 2.6821518677343104
229 2.9265026034028065
230 2.689451454295383
231 2.6283309282318106
232 2.6208616052611995
233 2.6930545410893187
234 2.5832157988370565
235 2.5422742261254863
236 2.6300974284412657
237 2.690633163213354
238 2.620158166995949
239 2.572387866303549
240 2.735709728067927
241 2.665491228094729
242 2.6830692340750186
243 2.5937302283734733
244 2.622031147645789
245 2.6675167259991874
246 2.6265081318600667
247 2.769336029147053
248 2.6221786749029063
249 2.562692760673342
250 2.636633094808068
251 2.799683718115089
252 2.575567725754643
253 2.6533895644008174
254 2.690250396169347
255 2.7950497018821387
256 2.616014490350451
257 2.690416451508307
258 2.6154506585882764
259 2.699113842732572
260 2.8481370666742953
261 2.74703431765977
262 2.5932413068130025
263 2.6258745311844365
264 2.682482333737348
265 2.5914594836485656
266 2.594658366752983
267 2.699402519276704
268 2.583799418057524
269 2.6201788834021658
270 2.6344936056752566
271 2.6034042642998756
272 2.90083477582196
273 2.5551699144413984
274 2.818296978341023
275 2.6901397986973024
276 2.9167742268835055
277 2.7287714126167724
278 2.601511464482933
279 2.7871368570685267
280 2.825639271632643
281 2.6878829619865097
282 2.689789785145471
283 2.588307142778697
284 2.696724724320586
285 2.772827102553862
286 2.6416879570206713
287 2.6488103001240337
288 2.6046720257494456
289 2.75070092370292
290 2.7288239197445865
291 2.5892461495400005
292 2.6035268432641727
293 2.6129434987094142
294 2.6423823260099475
295 2.549038690004289
296 2.8770330039594008
297 2.578684520460988
298 2.647963946373926
299 2.6625094088000107
300 2.679665938623355
301 2.723943753619857
302 2.6629640906939795
303 2.585795020605729
304 2.8372005178385913
305 2.6461155416726796
306 2.59299661890749
307 2.778550873275804
308 2.955332532579857
309 2.6275531889938923
310 2.6206299449465695
311 2.7526063866827566
312 2.6871357321284046
313 2.633900014194065
314 2.7729106481392636
315 2.7202284129540018
316 2.568018168000005
317 2.5451963352072946
318 2.5537207196576652
319 2.6608924071924887
320 2.680180257236511
321 2.5971954649679394
322 2.7636551293935563
323 2.571204202728964
324 2.7068202607114626
325 2.704391077796502
326 2.6938654359370697
327 2.650122653490751
328 2.748093646207479
329 2.605420913583574
330 2.5592743100491844
331 2.686326317831275
332 2.8016342702126105
333 2.5566434526019175
334 2.683863145368426
335 2.66324537942761
336 2.646970833096011
337 2.8417646715577107
338 2.571875712337023
339 2.667928470085261
340 2.8615163684199874
341 2.683776572626931
342 2.6064077211256858
343 2.7789262965558863
344 2.565486162021229
345 2.744608004432754
346 2.9213174354744758
347 2.679443156621443
348 5.121025850404518
349 2.541650091495157
350 2.6461684433789197
351 2.619760142960951
352 2.6646266719798217
353 2.6506773028216544
354 2.9139673266818056
355 2.602884431169846
356 2.7279787238476025
357 2.7326828196053565
358 2.6321876025372104
359 2.7120257105244816
360 2.561311898630603
361 2.589117010813934
362 2.672988090812698
363 2.741787690635764
364 2.6023913021931957
365 2.62310150897268
366 2.746715249330286
367 2.6320926952331667
368 2.6902184725762504
369 2.6104491264393923
370 2.852659968400877
371 2.5789551391866667
372 2.7806859739019774
373 2.8066732655160376
374 2.599217656256554
375 2.6928944348115254
376 2.6293595072977207
377 2.71816683001919
378 2.6687809979942476
379 2.708752247346213
380 2.532255587925108
381 2.592834596243176
382 2.682214198511837
383 2.70871593460534
384 2.6807569667639095
385 2.6945347768127537
386 2.625782962871406
387 2.785010981745292
388 2.584994948433592
389 3.532429555619139
390 6.643772799097113
391 6.73815079181921
392 5.967810891673024
393 5.372873108835433
394 4.930561382630779
395 4.47878066923543
396 4.1991966155679625
397 4.992595839283043
398 5.642194537147249
399 5.0682083232871
400 6.736595894695302
401 5.909115083833861
402 5.782825598800433
403 5.7700983872693845
404 6.570171789274351
405 6.3970302608668215
406 5.84559378596537
407 5.953952579529425
408 5.029574321861691
409 5.600475577671065
410 6.575348205096026
411 6.13536633015135
412 5.672738206103854
413 6.05556076986476
414 5.705292704015695
415 5.963936584956412
416 6.383517705409121
417 6.286412641793184
418 6.601359975791407
419 6.75208318959877
420 6.073368980900122
421 5.5185882540117746
422 5.827522919571189
423 5.638794580771359
424 6.297268539232897
425 7.347720588070762
426 5.538628798598273
427 5.6746653004895045
428 2.944765743808992
429 2.6333579774498794
430 2.67060546161671
431 5.12103891854382
432 2.929712087973218
433 4.711248802485183
434 6.011512710889811
435 6.187703551499932
436 6.5690653347274806
437 5.6953619222793535
438 6.043477521423142
439 6.345910038418265
440 6.53638433118204
441 5.516327861091829
442 7.547239221756702
443 6.210178537096154
444 5.7264953623001675
445 6.03854832143693
446 6.476605736334604
447 5.601498615705284
448 6.8124153664177785
449 5.587349288496414
450 6.296204795713422
451 6.532238177822578
452 5.948152372989582
453 6.829440252288753
454 6.53885720098732
455 6.210027694932963
456 8.940527190529844
457 9.43083867494166
458 6.954983827446359
459 9.865834626217444
460 6.347087824711129
461 5.799251842641048
462 6.395686196075751
463 5.9623881468747815
464 6.141056471589465
465 5.297119434236313
466 6.934865216519926
467 9.455630053913854
468 8.38578831460241
469 5.3516986128165165
470 5.646530698202421
471 6.405205032891103
472 6.478087639653223
473 5.128688385504753
474 5.846276130491437
475 6.812171246341522
476 5.941669458641504
477 5.897248609207284
478 6.436364250013275
479 6.243807647613566
480 5.644094438730089
481 6.513418321083939
482 6.139762197003221
483 4.689072060700915
484 5.864872694512474
485 6.807633839955854
486 5.641182290738204
487 6.22708601458813
488 6.005536594203446
489 6.173460832516485
490 6.694384788399547
491 5.364538486536855
492 6.035735568215322
493 6.942506922525003
494 4.913542491805711
495 5.455426666160554
496 5.969875942842623
497 5.734066594714126
498 6.378790332130603
499 6.736766510734982
500 6.229872117588503
501 6.188350567521095
502 5.80649930580252
503 6.532039185827486
504 6.273569910465982
505 6.970533934289141
506 5.929148892233785
507 8.673783972416505
508 4.963908164827899
509 6.1900933106082485
510 6.047991736623444
511 5.181426766172051
512 5.265740466982633
513 6.2251972279616705
514 5.968984134112346
515 6.0433570026773635
516 6.719118559442175
517 5.932259829938986
518 5.398449292247999
519 5.708766077313123
