0 4.46805411989303
1 4.449413339349748
2 4.421152919214728
3 4.242977355740354
4 4.234276604533981
5 4.171967804337987
6 3.8684462109455033
7 3.995470727378357
8 3.873524103279131
9 3.933110615073543
10 3.941288272291351
11 3.984847391331027
12 3.7199924275639282
13 4.216593265611286
14 3.389480038111041
15 3.8578483267898958
16 3.3734716330995638
17 3.873436567239267
18 4.561150188085204
19 4.277474678447246
20 4.279914748830023
21 2.8944437377268417
22 2.7890423620364433
23 2.6806537889066204
24 4.121620618141319
25 3.6253138251392474
26 6.576552778300626
27 5.73009311242577
28 5.413424967367675
29 4.138904678682015
30 2.8318220999064927
31 2.7502226105129868
32 2.7827121052059796
33 2.8337844619581647
34 2.7180179467209173
35 2.851591764205222
36 2.8634444262818195
37 2.850000996751998
38 2.7728905245782722
39 2.8596833008379776
40 2.7899492148774283
41 2.6204157578182463
42 2.979739043644595
43 2.6073243236917003
44 2.8041098126746093
45 2.7049033364786714
46 2.8174737427481955
47 2.9801802047660875
48 2.6237207818548045
49 2.919430974588744
50 4.130459903256613
51 2.700630029185797
52 2.8934959070774373
53 2.7521764516266787
54 2.672892036845186
55 2.8736064264611088
56 2.730614857798812
57 2.7572017515719236
58 2.7069370757116227
59 2.7806301239370237
60 3.577544820983987
61 2.7078665772581934
62 2.771817333913983
63 4.019313064411277
64 3.253044443499214
65 3.083132495842134
66 4.261692984960771
67 4.5855470833282475
68 3.007583693041442
69 5.480943561797395
70 5.0219820051255155
71 2.8464554153026134
72 2.927909308305933
73 3.4367545520677103
74 2.8164472096183966
75 2.9364517303568354
76 2.7612833211089187
77 2.664006748702802
78 2.6310286313033884
79 2.9239359430471175
80 3.3812907182427216
81 5.1151066915379415
82 4.204884411443659
83 2.824352803686013
84 2.9183037537687015
85 3.00312780288366
86 2.888237887236569
87 2.755411968972469
88 2.8096277434769683
89 2.9532809294542304
90 3.06648669881259
91 2.8501587419681482
92 2.812205652168487
93 2.723135680520325
94 2.8962052105941707
95 2.880003913927379
96 2.8024870009762815
97 2.835431420200122
98 2.896152175737773
99 2.7451655372578476
100 2.873130269496976
101 2.6696024295412526
102 2.87310419708888
103 3.024439551781486
104 2.8428846499473144
105 2.7622921049153426
106 2.746446013709271
107 2.9205394017876056
108 2.6665247386475293
109 2.806347011241805
110 2.825125600235562
111 3.02625079170016
112 2.741807227428023
113 3.063569077202615
114 2.7460864279169215
115 2.7292623155466407
116 3.50929463530605
117 4.2055076928861945
118 2.838512162458248
119 2.940892381793698
120 2.805689346161488
121 2.7004985779736006
122 2.765523093495667
123 2.8428435911297956
124 2.8823199993839133
125 2.7254014584724127
126 2.7565720846560855
127 2.716925042882644
128 2.6676010560545853
129 2.734909200972947
130 3.134621316925502
131 4.701947523184702
132 4.2311830837530255
133 4.814075752039234
134 3.7311417138746146
135 4.012933246971956
136 4.013426337913238
137 2.678331931280863
138 4.889478744448548
139 5.143279790824887
140 2.7324838599833727
141 2.710952629505037
142 4.94726609688675
143 2.7560204477583707
144 2.8443249508624815
145 2.813711217602569
146 2.680880451797507
147 2.8079971096333574
148 2.9905624032688722
149 2.778757805382065
150 2.6891399708102033
151 2.7594818106544827
152 2.686895319375726
153 2.9793421882113478
154 4.657614927312371
155 2.692198696767533
156 2.8158840543355446
157 2.8011567100529176
158 2.7214869820853385
159 2.651555178375272
160 2.7683711712181935
161 2.802421037450622
162 2.9012058084999945
163 2.7367397193264225
164 8.89869101761267
165 4.677769551323464
166 5.640676773498683
167 4.732133282444072
168 6.464882464062293
169 5.704646214360206
170 3.132822803302245
171 4.8472666977308165
172 2.8341372359158137
173 4.579686251626406
174 7.4973541899150495
175 4.685431647383617
176 4.888588667498532
177 4.479109538066184
178 4.273594921579544
179 4.882993836285633
180 5.821003850349099
181 4.467424363030316
182 6.647164346518359
183 4.942945371550188
184 5.227167855862392
185 4.9233940033861545
186 5.401297226157071
187 4.570229107766526
188 6.616710537019515
189 5.613256052344291
190 5.890325108036246
191 5.438666662078704
192 4.78694601982953
193 4.660430258139593
194 7.651711992579394
195 4.824134951430894
196 4.893291512829358
197 4.761467593414458
198 4.442691271271018
199 4.70738851455243
200 5.032242885136243
201 6.890085072495031
202 6.180908248198997
203 3.2824228493040475
204 6.361974254112185
205 5.604171976325182
206 4.183892712551737
207 5.460905687676585
208 4.6693802064630185
209 3.5407020272314793
210 6.745012347518279
211 5.7889858913590215
212 6.270106999045312
213 7.570752792033938
214 5.956746377014826
215 2.814622853427865
216 7.127652716573299
217 7.060618634568471
218 6.741871514759713
219 6.780138074328873
220 5.038750901306797
221 4.365990036800133
222 4.116461970542593
223 3.7259728396634246
224 7.168724349744244
225 4.205266193613762
226 6.477358125337219
227 6.399148413831329
228 6.948013572040251
229 2.888640375308064
230 3.958340231411627
231 3.9189311316875637
232 3.168936939900716
233 5.3750310184525185
234 3.3974276323784283
235 4.65496012697301
236 2.7127730354924067
237 2.625045768864074
238 2.7563161932888165
239 4.235352818103884
240 5.421420846949351
241 4.61574640654961
242 6.50845707873966
243 5.3224279451392675
244 4.655641355933113
245 4.1931220648101215
246 3.976547747898073
247 4.8747902720136285
248 5.789801539477533
249 4.650809065608537
250 3.9827374537457247
251 4.128430503388615
252 6.842972578380129
253 3.7579813389739596
254 6.276948316206446
255 2.904070945263761
256 2.647185008737705
257 3.7344325670245064
258 5.806231854317989
259 5.332089825249116
260 2.760791383116216
261 3.9543798247086084
262 5.77867259062031
263 2.9232325714658867
264 3.437880188496171
265 2.669506457221265
266 4.445674606680206
267 4.904558749922983
268 2.7326002776660854
269 2.82587647211067
270 3.270241666340688
271 4.720166051687524
272 4.345742923827322
273 2.7990873971245245
274 4.549442962513104
275 4.080934088894752
276 5.8662054499138145
277 3.755326733194662
278 5.6093925987029385
279 5.499256100173262
280 3.873194783540196
281 5.217054999124325
282 5.16452864766833
283 2.931188075151499
284 5.253836328822985
285 4.288087266111302
286 2.904878243361956
287 4.613313585157276
288 4.98067933959511
289 5.162911625312975
290 4.355305553640353
291 5.4545454005001925
292 4.564921833467064
293 2.987038086496213
294 2.7344900529900755
295 2.5531786453267182
296 3.0079034599407466
297 2.668666920026835
298 3.11984939808401
299 4.518651103862002
300 2.890843296985548
301 5.386878917110041
302 5.210402475930035
303 3.901804492866671
304 3.6549138155289347
305 5.499409262608068
306 4.505788293494824
307 5.106519921023568
308 2.9543098343044156
309 2.7872581981597047
310 2.9502858086237116
311 2.7991040449281748
312 2.6776451042534872
313 2.960235246497224
314 2.9134536266408064
315 2.6834284843556575
316 2.6476068266636132
317 2.6204448524824446
318 2.938455942273588
319 4.3843014775571145
320 2.9194121343373043
321 4.0915267356169975
322 3.8947045763192807
323 4.57817813686532
324 4.752367609175826
325 5.003672812598625
326 4.061433500185762
327 3.373741696381257
328 3.459902294434187
329 2.6855129416127674
330 3.206214788205166
331 6.026322921383181
332 3.3535238757311263
333 5.214888549506888
334 4.940762362472379
335 3.7323843878768046
336 5.6124270064337525
337 4.698304179180345
338 2.8186982233052897
339 4.460028155753122
340 4.535126296935868
341 2.664442880981113
342 2.7375221633791527
343 2.6824335792250866
344 2.9817263223846058
345 2.7183066862066867
346 4.293051578254573
347 3.1252597489383316
348 4.117640808929628
349 5.245343067162316
350 3.88380561941206
351 5.559808099183266
352 4.112959745153052
353 4.913189365279374
354 4.351332887978729
355 3.603101878076453
356 3.3310116897580437
357 4.385992164887293
358 5.662275004377409
359 2.6512387697997997
360 2.8185093508381716
361 3.0890035077438873
362 3.5076056170233065
363 2.767574428137218
364 4.881868430503582
365 3.546468702186322
366 4.159087519340023
367 5.437485313693557
368 4.435389019115203
369 4.287317818457943
370 2.74273143368386
371 3.565778266182617
372 2.78916738989441
373 2.6868842895281855
374 4.3776523921353245
375 2.8002664486887685
376 4.086252174154386
377 2.8461996842407484
378 4.152337456052438
379 4.000895823166372
380 6.032706217179997
381 3.7844263177384994
382 4.09821584296914
383 5.7078809519664775
384 2.650226294522899
385 5.204245544225389
386 6.126155299689213
387 5.026886195532206
388 3.3550558476207457
389 2.777790187371487
390 3.052123319703665
391 6.177028028998348
392 3.6055586271471123
393 3.968247138476963
394 2.857444729723727
395 4.906219814439686
396 7.276513257039581
397 7.9276453169710805
398 4.086092465857642
399 3.854430978038551
400 3.3901383014968665
401 3.8537031503745003
402 2.827658830231864
403 3.3329194186023647
404 4.288658958017563
405 4.774124170701723
406 3.0859149210036323
407 4.977185648572865
408 4.227468207012098
409 5.326694081206829
410 3.0398259573090103
411 6.213452330799049
412 4.506504787450102
413 6.951535303763737
414 6.694693574880473
415 6.173071099676493
416 5.545775806175202
417 5.066165601909838
418 4.187724197455143
419 4.798958641120852
420 7.043261427161109
421 2.65208821756575
422 4.783065995839242
423 5.004759460909179
424 5.960522472260584
425 5.97289584988345
426 4.134494602478428
427 4.873394412223221
428 4.262489372769251
429 5.463559496710456
430 5.015511686070313
431 6.2793024414618674
432 6.6482808619723786
433 6.488882989312979
434 6.351303414950494
435 5.860835099170187
436 5.371867529127142
437 6.879932753538271
438 6.965747907059741
439 5.851323361085922
440 5.617312617830829
441 4.491479293856831
442 5.919836063296829
443 5.321118271200831
444 5.764937445868638
445 5.0069146720604945
446 4.38003568837501
447 3.980359283478874
448 6.442532921200411
449 4.647288879707832
450 6.2202897554405014
451 6.939099707922424
452 4.2982308169846
453 2.815553149186521
454 3.9792349855958555
455 4.0298944264803644
456 4.017286283660968
457 4.643839113962236
458 4.9038938415302935
459 5.3594852519833625
460 3.47661238507826
461 3.936361522045573
462 4.613650593799225
463 2.5694330906819687
464 6.369865092024969
465 6.887856731320623
466 4.140734248260108
467 6.928410194571184
468 2.960254578845686
469 3.390238513683481
470 4.7634520266196825
471 3.8712667900004973
472 4.871272176318169
473 2.719707244964637
474 6.1007844360916925
475 3.9353949902828083
476 4.9063565349285
477 5.781989199062658
478 5.194616867304355
479 5.548710408155349
480 5.7839942607536345
481 2.899504937553995
482 5.351182418608448
483 4.932710549995305
484 6.3205166199865115
485 4.334861958147669
486 6.01219153585947
487 6.516474482464477
488 5.768033558688196
489 5.815594595793552
490 6.629075369645104
491 6.3167412872492354
492 7.504330257890178
493 2.7141266355352442
494 5.116204766175676
495 3.520436442766308
496 2.8943718150237565
497 2.8112759199346824
498 2.7927408116201873
499 2.724104399606648
500 2.7886727191390692
501 4.921348797490506
502 2.978901387156734
503 2.6659999334170252
504 3.1435008459725666
505 2.86268908902799
506 3.1405339883148984
507 3.4871904507337987
508 4.2449189715957125
509 2.6928395699630894
510 2.8840726299858703
511 2.633893699806425
512 2.8682549228622936
513 2.7592809288942757
514 2.8099632507747008
515 2.8356195265816524
516 3.7225027340732617
517 2.706629282431904
518 2.9375368384960012
519 3.1262602624006415
