0 2.5453281679217294
1 2.571898060856499
2 2.662052184529837
3 2.563591923170786
4 2.71263686733547
5 2.5846778700675035
6 2.776102297619794
7 2.57925984583428
8 2.696208451450419
9 2.5572051797896957
10 2.60855489794009
11 2.4860685413126182
12 2.744514314625457
13 2.657571387536318
14 2.6618049229843592
15 2.4897574425415776
16 2.755052716325673
17 2.799897636469274
18 2.739790796327791
19 2.5682182616227425
20 2.6689863010432577
21 2.648740189597377
22 2.8548711246143754
23 2.618144295543168
24 2.578869068195231
25 2.5793345901013582
26 2.593978012916273
27 2.651553009483722
28 2.5032450203329026
29 2.651781726896228
30 2.5260191175330653
31 2.71669435377025
32 2.6543164186726567
33 2.592210566860204
34 2.652719516979213
35 2.5602158366552064
36 2.6904951093745564
37 2.664500618635991
38 2.662061950948795
39 2.604921559338721
40 2.6358494654097373
41 2.983835025813168
42 2.6316738060724942
43 2.677808440725208
44 2.638099629360329
45 2.5983096874749556
46 2.6357916971506543
47 2.7238480707557886
48 2.6041644115404083
49 2.6789256097073784
50 2.7213298506368044
51 2.6128592251392635
52 2.643599986551776
53 2.6744344217384732
54 2.7317743289484295
55 2.755188413189276
56 2.5792165937994365
57 2.6011381946631027
58 2.7028502901550393
59 2.5684188326107185
60 2.8353247409375903
61 2.6140948951024265
62 2.588935992222525
63 2.5711476567845835
64 2.5983433022474824
65 2.5099249749942225
66 2.5263841408000642
67 2.7391394737640393
68 2.7196325346705383
69 2.640603419385023
70 2.518824181070219
71 2.63427332845781
72 2.578670339126697
73 2.7856294704084656
74 2.5339461599575346
75 2.726863965837521
76 2.611520763410977
77 2.711242055400294
78 2.6617860901259367
79 2.5638794031857333
80 2.6708732523757206
81 2.513324943026811
82 3.0340384644946012
83 2.628516874278739
84 2.5960155791381814
85 2.562304413071573
86 2.7660612500045567
87 2.492144232331471
88 2.6398276631915127
89 2.525115723924306
90 2.678841644592409
91 2.618015028172005
92 2.778891364404652
93 2.5796805122256155
94 2.711009181378775
95 2.6378313202615598
96 2.577232654677882
97 2.6559300322703163
98 2.6131119755928496
99 2.679877612021762
100 2.6648773325962365
101 2.6647309260657
102 2.549357290214018
103 2.562690184564236
104 2.580438870104861
105 2.696379357550779
106 2.705520297580065
107 2.557226353486082
108 2.488974090772904
109 2.6426332829372194
110 2.5776664274915926
111 2.4871435912067565
112 2.6257735837441625
113 2.662089623514776
114 2.574570313673997
115 2.7022424598359596
116 2.732191968876207
117 2.6336230145879154
118 2.570661085815602
119 2.586313595094373
120 2.5634571866398796
121 2.4538048506385817
122 2.6270493813559646
123 2.580347238579295
124 2.56134129990099
125 2.6320787690920104
126 2.5919187372253867
127 2.5846549238361063
128 2.6898936634748725
129 2.5908817534245716
130 2.6909301342376173
131 2.7038247544008374
132 2.573517856550459
133 2.663091958865552
134 2.687855785223314
135 2.5806966469709276
136 2.527355322340233
137 2.6918008003276865
138 2.598342442543275
139 2.637239701881486
140 2.5833189950986943
141 2.552732166061512
142 2.619431276465248
143 2.5931238872504996
144 2.745079388358442
145 2.6898134579048145
146 2.665063007917561
147 2.617596816302125
148 2.615465000661812
149 2.6333526421606344
150 2.6478991921007218
151 2.655039077503041
152 2.574234701068451
153 2.6165145467182183
154 2.6951857145595364
155 2.5190383236769835
156 2.5557122881620797
157 2.599798405514922
158 2.687727976237579
159 2.6132755657889897
160 2.6290720589548124
161 2.735295282227502
162 2.6900523247130685
163 2.580150174030663
164 2.6275093475282683
165 3.208063095309578
166 2.680030820188346
167 2.8110988533081516
168 2.565104701464811
169 2.528169299573647
170 2.7837503681952147
171 2.7100800861879515
172 2.6709459079307454
173 2.745522754688142
174 2.6390926537358066
175 2.6263743895482317
176 2.6351049776203563
177 2.615140963767615
178 2.546353960299412
179 2.5315945454301247
180 2.5623771676084544
181 2.6789154670780895
182 2.6845661873069853
183 2.6962624160245876
184 2.6856687424227625
185 2.7266409555370372
186 2.608162132924019
187 2.65333872429951
188 2.5620905309188764
189 2.9126287972952283
190 2.6243542489263363
191 2.575183506097717
192 2.887916200543441
193 2.5308170402084706
194 2.747987834710124
195 2.713701105269382
196 2.656246626936497
197 2.7680218795117084
198 2.6240513092960334
199 2.6825696238825105
200 2.5914982461691363
201 2.651502521014021
202 2.602653387307241
203 2.85659860984532
204 2.617764814210163
205 2.5896413847728823
206 2.608155227973535
207 2.6694432155885197
208 2.6429289579701165
209 2.7094603971827684
210 2.877828959761844
211 2.731668229024606
212 2.621832636060552
213 2.7462526608598963
214 2.5274919488285086
215 2.6201437291390763
216 3.9498451969689796
217 2.5355133929380473
218 3.182709448723208
219 2.7201686206493587
220 2.554682240301216
221 2.627470940042884
222 2.6299216924089848
223 2.648077534730571
224 2.6685745781282018
225 2.693910950616749
226 2.6386790053042266
227 2.588437766141492
228 2.706265762501723
229 2.736081667539961
230 3.8141844971308383
231 2.6937181704701385
232 2.6584085506716426
233 2.6295149819107193
234 2.7008931456193768
235 2.753859962815639
236 2.9615257802176145
237 2.62910230579718
238 2.651412072277077
239 2.666558499510076
240 3.387745199564973
241 2.61120062045594
242 5.018146398462529
243 5.067006144093476
244 2.6376969692888936
245 4.801947850391146
246 5.466035423190899
247 4.325254654455466
248 4.707119976772065
249 4.885008242450764
250 5.924531901430775
251 4.526604348426083
252 7.401643719243763
253 5.4639578129611595
254 4.472636442621786
255 6.138600076085014
256 5.31888766584899
257 5.2714024476497165
258 4.773772839337257
259 4.603963346501678
260 4.882178048918731
261 4.5935929478375925
262 3.820694966607707
263 4.715475143042976
264 5.340728809830052
265 5.236701786344677
266 4.8988123239076655
267 4.773906447160716
268 5.284846535593324
269 9.091272634947634
270 6.902265129948731
271 5.092990856243828
272 7.796779056405299
273 7.852164404381212
274 5.18010135393158
275 5.794032872562535
276 4.85255478609645
277 4.795122500160409
278 5.199491356497968
279 4.915785988226972
280 4.675275248423992
281 4.871874654862027
282 5.14890567614296
283 4.63311558022315
284 5.341947513295532
285 4.97653351114658
286 6.73512093246726
287 6.1794657516477525
288 5.725674128587527
289 6.753728567691772
290 5.152323089867157
291 5.011364055621477
292 5.237563532823474
293 4.7916647426745165
294 5.766444822480914
295 4.457969849117174
296 5.308844279264624
297 4.673820206392161
298 4.602109180564959
299 5.051871125962275
300 5.236662058557083
301 5.87964005644225
302 4.531107052635658
303 5.116846932262817
304 4.868278075491546
305 5.706239176267997
306 4.9129251376332705
307 3.38262348584638
308 5.532133069479017
309 6.120382110837724
310 5.047224735461396
311 4.929396233617866
312 4.948547039063863
313 4.547101982569565
314 4.4720784265099685
315 4.700507974259712
316 4.015780675715242
317 4.679585513314013
318 4.362647077674465
319 5.131710846764587
320 5.3103161705444615
321 5.256074468431389
322 4.8964747725328985
323 6.059141723570307
324 7.418630522863415
325 6.462029754253257
326 8.728642265467746
327 8.12911501193897
328 6.694913204550526
329 5.0358152115056045
330 6.1568868619796975
331 4.934038698828034
332 6.7369568073866715
333 4.9722684217312585
334 4.967227365945734
335 7.04206745026857
336 5.896254362384325
337 5.753721816745622
338 4.768163449785444
339 5.1246102507436335
340 5.162240704813668
341 6.811900212361641
342 5.1997569877749115
343 4.322120517638802
344 3.8021676022223563
345 3.863906098137011
346 3.8526507642253613
347 4.76932106337528
348 3.6612570697595825
349 3.387322387964376
350 2.713956135532065
351 2.6428704558107463
352 2.6092688014177936
353 2.6829611888451614
354 2.9745166002787333
355 2.6634652232069653
356 2.7980438161460035
357 2.627249311965183
358 2.5632462002791976
359 2.695567743548304
360 2.6694770859391546
361 2.693120808636163
362 2.5318328232170093
363 2.6460490063534117
364 2.653859751120212
365 2.583102063016523
366 2.6293328805991725
367 2.6076417931078666
368 2.5872991168507413
369 2.513370940198766
370 2.6449491028361978
371 2.7200956489274266
372 2.6742092561843207
373 2.9239973395314234
374 2.7028591035597964
375 2.6348105011934737
376 2.8500665174600743
377 2.5898709703705496
378 2.745651679996966
379 2.7538615331676963
380 2.621645977100665
381 2.8564568998028412
382 3.9411808295975943
383 2.667086503062194
384 2.6197114065061053
385 2.7732962458115273
386 2.6580206437833818
387 2.544887775817842
388 2.8256353082347587
389 2.7705507526863986
390 2.8291566333149705
391 2.566648709575597
392 2.657571116595956
393 2.8157409980037853
394 2.7263478617057677
395 2.6634277112296423
396 2.7811886336780374
397 2.670023621733991
398 4.542463504533969
399 4.0708664166508495
400 2.767272123935731
401 2.8767407894062087
402 2.772841053590944
403 2.5725679491416695
404 2.633853917694072
405 2.5339641421984744
406 2.702605541719988
407 2.5611349062466386
408 3.9720580220685906
409 2.750873718015733
410 3.997138705871044
411 2.7735226850257213
412 2.7102375232045284
413 2.826482371947471
414 2.619661244837192
415 2.7628987717205837
416 2.507388068269404
417 2.7209997346787755
418 2.6708404496963896
419 2.7307942742104
420 2.809578215030585
421 2.7232529477096232
422 2.8350937801670733
423 2.7332813978817057
424 2.7452325188244795
425 2.6538307199697955
426 2.6954277596829916
427 4.096483620005324
428 4.6282744869253705
429 4.975140029163038
430 4.826974798529855
431 4.3098234518524
432 4.219152043296775
433 2.654336728835707
434 2.7041570910559276
435 2.719004050828435
436 2.589492394305906
437 2.5279845284985636
438 2.6222951040296807
439 2.7313730098250044
440 2.5705837773375357
441 2.663896439009743
442 2.743142088281217
443 2.594765986236883
444 2.7947791196722447
445 2.7184876340121122
446 2.6194254640786006
447 2.7670053191896913
448 2.7220903940818446
449 2.6066033912871474
450 2.6820577424763146
451 2.690612452609887
452 3.2287967702237097
453 2.6492677092735613
454 2.584820824122283
455 2.6017366473263044
456 2.909564809395639
457 2.7538345693588453
458 2.668194182432406
459 2.7510037768104656
460 2.6785132180794853
461 2.6903232463980067
462 2.5846166491222005
463 2.7675604083262595
464 2.60406691879186
465 2.6088970183471654
466 2.8275180545804823
467 2.7965890002418563
468 2.8518159363141984
469 2.740388692441675
470 2.6080405409473335
471 2.6708403787495207
472 2.6780927498516722
473 2.5462558543354787
474 2.637977379299557
475 2.5518120794856145
476 2.6797508832944907
477 2.787021830235045
478 2.735671336794324
479 2.6006740529138836
480 2.6138680428798464
481 2.5916965025774745
482 2.730803638644263
483 2.8006334329897826
484 2.6790473581768963
485 2.61364638462747
486 2.6306452672975706
487 2.7055991162746804
488 2.757286934768775
489 2.6191743023891094
490 2.8467181312139154
491 2.6941860350692695
492 2.677999369684931
493 2.7997340215758895
494 2.6805349708012294
495 2.651165042213685
496 2.630995754248962
497 2.6617135290346683
498 2.73610388784225
499 2.7331735175749845
500 2.6819041708981897
501 2.6727122198626088
502 2.6227943968159892
503 2.612301118532978
504 2.6882638253224362
505 2.727713445674415
506 2.9625572920197207
507 2.5570630467110185
508 2.6021343650841473
509 2.5598137804742733
510 3.0416469949864973
511 2.7790428466940598
512 2.9550375480469606
513 3.160245223843438
514 2.6538720204694046
515 2.669236991115842
516 2.6928697128510675
517 2.7698565031839015
518 2.634364430278587
519 2.7148798025204592
