Frame RMSD
1 0.03228917717933655
2 0.0853676050901413
3 0.133934885263443
4 0.17991623282432556
5 0.17838245630264282
6 0.19725829362869263
7 0.19336463510990143
8 0.1580570787191391
9 0.20788522064685822
10 0.15258990228176117
11 0.2227059006690979
12 0.16264599561691284
13 0.17453700304031372
14 0.15050460398197174
15 0.2493617683649063
16 0.23055396974086761
17 0.24618244171142578
18 0.325645387172699
19 0.2413971722126007
20 0.34987547993659973
21 0.336728036403656
22 0.32810863852500916
23 0.396825909614563
24 0.3924153447151184
25 0.3602451980113983
26 0.45753371715545654
27 0.4306223392486572
28 0.432971328496933
29 0.4432580769062042
30 0.34347230195999146
31 0.4262184798717499
32 0.34556517004966736
33 0.4429798722267151
34 0.39212268590927124
35 0.3512750566005707
36 0.3992054760456085
37 0.3362084925174713
38 0.27265799045562744
39 0.3497646450996399
40 0.45753350853919983
41 0.31062957644462585
42 0.4406614601612091
43 0.3606257736682892
44 0.44332486391067505
45 0.40938183665275574
46 0.2569315433502197
47 0.5190867185592651
48 0.35389578342437744
49 0.3524138629436493
50 0.3459736704826355
51 0.3711186349391937
52 0.41342321038246155
53 0.3516941964626312
54 0.37424492835998535
55 0.2814899981021881
56 0.5053575038909912
57 0.3127436637878418
58 0.3577338457107544
59 0.47100362181663513
60 0.4291369915008545
61 0.49656084179878235
62 0.38815778493881226
63 0.5258137583732605
64 0.36351045966148376
65 0.5253129601478577
66 0.536075234413147
67 0.41909533739089966
68 0.35035502910614014
69 0.3000611960887909
70 0.4110684096813202
71 0.4447205662727356
72 0.4702657461166382
73 0.41586047410964966
74 0.5129168629646301
75 0.32208630442619324
76 0.34378084540367126
77 0.5557129979133606
78 0.43344786763191223
79 0.42874419689178467
80 0.6502759456634521
81 0.5025491714477539
82 0.5257798433303833
83 0.3707466423511505
84 0.396633118391037
85 0.45538151264190674
86 0.4124706983566284
87 0.4395020604133606
88 0.4795098304748535
89 0.39154794812202454
90 0.3990413546562195
91 0.4005127251148224
92 0.3485103249549866
93 0.44850921630859375
94 0.35895857214927673
95 0.42230966687202454
96 0.3807732164859772
97 0.39113906025886536
98 0.41022998094558716
99 0.3509226143360138
100 0.5957110524177551
101 0.30365273356437683
102 0.6389477849006653
103 0.5285952687263489
104 0.6167199611663818
105 0.42298027873039246
106 0.5417912602424622
107 0.4811239540576935
108 0.47572582960128784
109 0.3904494643211365
110 0.47431594133377075
111 0.3848513960838318
112 0.404361367225647
113 0.4050617516040802
114 0.4127403497695923
115 0.36063170433044434
116 0.5776678323745728
117 0.4495209753513336
118 0.652205765247345
119 0.5366631150245667
120 0.4766482412815094
121 0.522527813911438
122 0.6704416275024414
123 0.40829914808273315
124 0.38428813219070435
125 0.38193878531455994
126 0.30429548025131226
127 0.4594009518623352
128 0.4866943955421448
129 0.3539477586746216
130 0.3269740343093872
131 0.35249975323677063
132 0.3392152190208435
133 0.5109309554100037
134 0.39614948630332947
135 0.3518339693546295
136 0.47823917865753174
137 0.3539164364337921
138 0.44499897956848145
139 0.44223472476005554
140 0.5140354633331299
141 0.570909321308136
142 0.47581279277801514
143 0.38091790676116943
144 0.4965740442276001
145 0.5703130960464478
146 0.6393604874610901
147 0.5139591693878174
148 0.6220908164978027
149 0.565197765827179
150 0.492530882358551
151 0.49974408745765686
152 0.4709738492965698
153 0.49137401580810547
154 0.393541544675827
155 0.47095340490341187
156 0.44504037499427795
157 0.45613086223602295
158 0.45006099343299866
159 0.5366254448890686
160 0.5136788487434387
161 0.4035179018974304
162 0.4148659110069275
163 0.5252156257629395
164 0.639687716960907
165 0.4095928966999054
166 0.4857982397079468
167 0.5428062081336975
168 0.3411492109298706
169 0.4801112115383148
170 0.43998876214027405
171 0.5330140590667725
172 0.4957559108734131
173 0.4279002249240875
174 0.42259320616722107
175 0.573808491230011
176 0.6701774597167969
177 0.594376802444458
178 0.4385959804058075
179 0.5699955224990845
180 0.3990996479988098
181 0.407372385263443
182 0.5203540921211243
183 0.43341299891471863
184 0.359758198261261
185 0.48588597774505615
186 0.4789419174194336
187 0.5273114442825317
188 0.4742039442062378
189 0.5325979590415955
190 0.5574620366096497
191 0.5204806327819824
192 0.5518887639045715
193 0.6713924407958984
194 0.3992008566856384
195 0.5901669263839722
196 0.5347225069999695
197 0.5939733982086182
198 0.4921342432498932
199 0.5224380493164063
200 0.5588954091072083
201 0.592207670211792
202 0.45657268166542053
203 0.5324763059616089
204 0.41158512234687805
205 0.5037060976028442
206 0.394050270318985
207 0.48686641454696655
208 0.4944224953651428
209 0.4197487533092499
210 0.4459889829158783
211 0.5690562129020691
212 0.5430709719657898
213 0.41402333974838257
214 0.3228980600833893
215 0.3845752775669098
216 0.4755917191505432
217 0.39125922322273254
218 0.5330979228019714
219 0.5050453543663025
220 0.537280797958374
221 0.598155677318573
222 0.5228226184844971
223 0.551819920539856
224 0.43210622668266296
225 0.5783352851867676
226 0.5049277544021606
227 0.5472114682197571
228 0.5820215940475464
229 0.4851432740688324
230 0.5585340857505798
231 0.5314096212387085
232 0.5959786176681519
233 0.7194257378578186
234 0.5006720423698425
235 0.6484853029251099
236 0.5683445334434509
237 0.5694865584373474
238 0.5670140981674194
239 0.6290906667709351
240 0.8115896582603455
241 0.6618297100067139
242 0.6129491925239563
243 0.7013877630233765
244 0.8000172972679138
245 0.7470070719718933
246 0.7938152551651001
247 0.5842350721359253
248 0.5133334994316101
249 0.8562149405479431
250 0.726489782333374
251 0.816321611404419
252 1.0827337503433228
253 0.9294683337211609
254 0.8118988275527954
255 0.7720131278038025
256 0.8062811493873596
257 0.7822807431221008
258 0.8719809651374817
259 0.786315381526947
260 0.7207522988319397
261 0.6390032768249512
262 0.7303512692451477
263 0.7410451173782349
264 0.7228713631629944
265 0.6423783898353577
266 0.8427216410636902
267 0.8526804447174072
268 0.7840908765792847
269 0.906190812587738
270 0.7735813856124878
271 0.780107855796814
272 0.7987155914306641
273 0.8502248525619507
274 0.6761537194252014
275 0.6278910040855408
276 0.6730101704597473
277 0.9042057394981384
278 0.6896277070045471
279 0.6955307126045227
280 0.7509096264839172
281 0.7626248002052307
282 0.7576246857643127
283 0.7981373071670532
284 0.7798210382461548
285 0.7181504964828491
286 0.8094354271888733
287 0.9971439838409424
288 0.8088375926017761
289 0.8922806978225708
290 0.7257383465766907
291 0.7900280356407166
292 0.8600909113883972
293 0.9048601984977722
294 0.7750231623649597
295 0.7927146553993225
296 0.6560937166213989
297 0.8250268697738647
298 0.781251847743988
299 0.7633536458015442
300 0.7793596386909485
301 0.8275198340415955
302 0.7693682909011841
303 0.8285326957702637
304 0.7318220734596252
305 0.8435060977935791
306 0.8196074962615967
307 0.8358559608459473
308 0.8596382737159729
309 0.83064204454422
310 1.0740413665771484
311 0.6005235910415649
312 0.7139636874198914
313 0.7042487859725952
314 0.8815760016441345
315 0.815315306186676
316 0.731602132320404
317 0.6790295243263245
318 0.586763322353363
319 0.8437870144844055
320 0.6717325448989868
321 0.865818440914154
322 0.6600775122642517
323 0.6921969652175903
324 0.8510737419128418
325 0.7604218125343323
326 0.8698982000350952
327 0.6773794889450073
328 0.6329378485679626
329 0.512984037399292
330 0.8480545282363892
331 0.6877172589302063
332 0.7258033752441406
333 0.8395145535469055
334 0.7927162051200867
335 0.9142104983329773
336 0.8267229795455933
337 0.9381270408630371
338 0.7722856402397156
339 0.6762256622314453
340 0.6178361177444458
341 0.8565608859062195
342 0.8204905986785889
343 0.49893397092819214
344 0.5621801614761353
345 0.5740697979927063
346 0.5403609871864319
347 0.5400159955024719
348 0.5507327914237976
349 0.5061920881271362
350 0.6850234866142273
351 0.4700744152069092
352 0.5760253667831421
353 0.7852539420127869
354 0.621712327003479
355 0.5653091669082642
356 0.6045480966567993
357 0.614368736743927
358 0.6823741793632507
359 0.6679754853248596
360 0.5602614283561707
361 0.7842402458190918
362 0.6414631605148315
363 0.6212908029556274
364 0.6676887273788452
365 0.7235448956489563
366 0.8192992806434631
367 0.5547715425491333
368 0.5172195434570313
369 0.622850775718689
370 0.6013103127479553
371 0.619869589805603
372 0.6281888484954834
373 0.571356475353241
374 0.6218095421791077
375 0.6133296489715576
376 0.658191442489624
377 0.7045750617980957
378 0.5375394821166992
379 0.6108211874961853
380 0.6190531253814697
381 0.7087535262107849
382 0.6910818815231323
383 0.6411159038543701
384 0.41914311051368713
385 0.6864079833030701
386 0.6012768745422363
387 0.5737563967704773
388 0.6613199710845947
389 0.4518600404262543
390 0.3840278685092926
391 0.5614625811576843
392 0.5601201057434082
393 0.6493580937385559
394 0.6971209645271301
395 0.8345800638198853
396 0.8871485590934753
397 0.6319218873977661
398 0.6280503869056702
399 0.6083582639694214
400 0.5422602891921997
401 0.6243434548377991
402 0.6564151048660278
403 0.5203275084495544
404 0.5659430027008057
405 0.5177966356277466
406 0.4774968922138214
407 0.7235985994338989
408 0.5053325891494751
409 0.7237230539321899
410 0.40579813718795776
411 0.5226982831954956
412 0.4797080457210541
413 0.5727841258049011
414 0.7112039923667908
415 0.4874902367591858
416 0.6585240960121155
417 0.5301521420478821
418 0.5976898670196533
419 0.5818917751312256
420 0.5659922361373901
421 0.5242401361465454
422 0.5400989651679993
423 0.5473995804786682
424 0.5175972580909729
425 0.47260552644729614
426 0.45446982979774475
427 0.5655512809753418
428 0.7405331134796143
429 0.4378555715084076
430 0.5782370567321777
431 0.5927060842514038
432 0.3406585454940796
433 0.5492765307426453
434 0.49414879083633423
435 0.4813849627971649
436 0.6102217435836792
437 0.5788512825965881
438 0.5204780101776123
439 0.45652854442596436
440 0.625603199005127
441 0.6000747084617615
442 0.6371079683303833
443 0.5165545344352722
444 0.5640950798988342
445 0.5462028384208679
446 0.43405404686927795
447 0.3778553903102875
448 0.45298197865486145
449 0.5870265960693359
450 0.4791405200958252
451 0.46551719307899475
452 0.6333315968513489
453 0.5350654721260071
454 0.44370365142822266
455 0.4586436152458191
456 0.5035299062728882
457 0.44452276825904846
458 0.47984564304351807
459 0.4767818748950958
460 0.43318596482276917
461 0.5805094838142395
462 0.6228758096694946
463 0.518049418926239
464 0.5327372550964355
465 0.5595723390579224
466 0.5795735716819763
467 0.5194105505943298
468 0.565440833568573
469 0.5933840274810791
470 0.5808729529380798
471 0.502504825592041
472 0.5082640051841736
473 0.5662035346031189
474 0.6677006483078003
475 0.4655267894268036
476 0.5027337670326233
477 0.6381155848503113
478 0.6666973829269409
479 0.6079722046852112
480 0.45717912912368774
481 0.5118637681007385
482 0.5245442986488342
483 0.5634693503379822
484 0.5063264966011047
485 0.6826965808868408
486 0.6094503402709961
487 0.7326996922492981
488 0.48404887318611145
489 0.44712769985198975
490 0.37448474764823914
491 0.6536650657653809
492 0.7185259461402893
493 0.6082395315170288
494 0.7284292578697205
495 0.6087873578071594
496 0.5579921007156372
497 0.5492425560951233
498 0.5366916656494141
499 0.4782295823097229
500 0.6000877618789673
501 0.6481517553329468
502 0.3778719902038574
503 0.5176297426223755
504 0.6563017964363098
505 0.56700199842453
506 0.5798794627189636
507 0.47420477867126465
508 0.5367891788482666
509 0.6172649264335632
510 0.5230630040168762
511 0.5516533255577087
512 0.4949692487716675
513 0.42819952964782715
514 0.5536780953407288
515 0.45902585983276367
516 0.44340980052948
517 0.5487235188484192
518 0.5238983631134033
519 0.6637195348739624
