1 0.20385974645614624 0.06900294125080109 0.06900294125080109
2 0.5871649980545044 0.1348268836736679 0.1348268836736679
3 0.6586684584617615 0.16488754749298096 0.16488756239414215
4 0.7012935876846313 0.22131949663162231 0.22131949663162231
5 0.8072066307067871 0.30328652262687683 0.30328646302223206
6 0.8264194130897522 0.2897031605243683 0.2897031605243683
7 0.835158109664917 0.288796067237854 0.2887960374355316
8 0.8333713412284851 0.29575228691101074 0.2957521975040436
9 0.8159579634666443 0.28624218702316284 0.28624215722084045
10 0.9335730075836182 0.3691721558570862 0.3691720962524414
11 0.926483154296875 0.370388388633728 0.3703884780406952
12 0.9227598309516907 0.36960700154304504 0.36960700154304504
13 0.9422609806060791 0.36556777358055115 0.36556780338287354
14 0.952217161655426 0.3760744035243988 0.3760744333267212
15 1.1862154006958008 0.5534548163414001 0.5534548759460449
16 1.2545826435089111 0.5804851651191711 0.5804852247238159
17 1.2617295980453491 0.5659415125846863 0.5659414529800415
18 1.3226702213287354 0.5963113903999329 0.5963113903999329
19 1.305920958518982 0.5511203408241272 0.5511203408241272
20 1.646080493927002 0.9775469899177551 0.9775469899177551
21 1.9178826808929443 1.1540976762771606 1.1540977954864502
22 1.9721602201461792 1.168095350265503 1.168095350265503
23 2.0414304733276367 1.2748992443084717 1.2748992443084717
24 2.139317512512207 1.3386279344558716 1.3386279344558716
25 1.9576183557510376 1.135729193687439 1.1357293128967285
26 2.0079500675201416 1.1944483518600464 1.1944483518600464
27 2.0156941413879395 1.3000366687774658 1.300036907196045
28 2.5209169387817383 2.0272622108459473 2.0272622108459473
29 2.5630946159362793 2.0141098499298096 2.0141098499298096
30 2.508249521255493 1.9536820650100708 1.9536820650100708
31 2.610222578048706 1.9542276859283447 1.9542278051376343
32 2.630263090133667 2.025892496109009 2.025892734527588
33 2.7848105430603027 2.234827995300293 2.234827995300293
34 2.7131192684173584 2.176370143890381 2.176370143890381
35 2.5519282817840576 1.9726037979125977 1.9726035594940186
36 2.7109391689300537 2.135422945022583 2.135422945022583
37 2.749009132385254 2.2100062370300293 2.2100062370300293
38 2.827164649963379 2.3035473823547363 2.3035473823547363
39 2.7092394828796387 2.150101900100708 2.15010142326355
40 2.7201194763183594 2.2300920486450195 2.2300920486450195
41 2.8466036319732666 2.35870623588562 2.35870623588562
42 2.6710314750671387 2.0975217819213867 2.0975217819213867
43 2.6656198501586914 2.1329519748687744 2.1329519748687744
44 2.7289516925811768 2.173494577407837 2.173494577407837
45 2.7920382022857666 2.2003934383392334 2.2003934383392334
46 2.581791400909424 2.017354726791382 2.017354726791382
47 2.730107307434082 2.13734769821167 2.13734769821167
48 2.741076707839966 2.132138967514038 2.132138967514038
49 2.6851699352264404 2.084836006164551 2.084836006164551
50 2.6996073722839355 2.120131254196167 2.120131254196167
51 2.7282204627990723 2.182642698287964 2.182642698287964
52 2.6807639598846436 2.052227735519409 2.052227735519409
53 2.752035617828369 2.233954906463623 2.233954906463623
54 2.7667338848114014 2.208787679672241 2.208787679672241
55 2.4292654991149902 1.7119296789169312 1.7119296789169312
56 2.4878737926483154 1.7754861116409302 1.7754861116409302
57 2.533951997756958 1.8099223375320435 1.8099223375320435
58 2.4529552459716797 1.7562934160232544 1.7562931776046753
59 2.374476909637451 1.6995837688446045 1.6995837688446045
60 2.585838794708252 1.89475679397583 1.89475679397583
61 2.499701499938965 1.7702912092208862 1.7702912092208862
62 2.5400960445404053 1.7813583612442017 1.7813583612442017
63 2.507883071899414 1.7491133213043213 1.7491133213043213
64 2.46394944190979 1.7481385469436646 1.7481385469436646
65 2.2823383808135986 1.440985083580017 1.4409847259521484
66 2.3049347400665283 1.477806806564331 1.477806806564331
67 2.406578540802002 1.581494927406311 1.5814950466156006
68 2.304633378982544 1.5092811584472656 1.5092811584472656
69 2.384101390838623 1.5646464824676514 1.5646464824676514
70 2.338948965072632 1.5421963930130005 1.5421963930130005
71 2.417416572570801 1.690892219543457 1.690892219543457
72 2.3718292713165283 1.6547785997390747 1.6547785997390747
73 2.3495700359344482 1.6637862920761108 1.6637864112854004
74 2.3230977058410645 1.5811580419540405 1.58115816116333
75 2.289307117462158 1.5263428688049316 1.5263428688049316
76 2.3953773975372314 1.6352907419204712 1.6352907419204712
77 2.363590717315674 1.6068005561828613 1.6068005561828613
78 2.3830223083496094 1.6283414363861084 1.628341555595398
79 2.4158685207366943 1.6658152341842651 1.6658152341842651
80 2.3876006603240967 1.6101629734039307 1.6101629734039307
81 2.4013075828552246 1.5288468599319458 1.5288468599319458
82 2.3904473781585693 1.5511703491210938 1.5511703491210938
83 2.4446499347686768 1.6488460302352905 1.6488460302352905
84 2.456409454345703 1.6556811332702637 1.6556811332702637
85 2.445387840270996 1.6531583070755005 1.6531583070755005
86 2.43259334564209 1.6071381568908691 1.6071381568908691
87 2.42576265335083 1.598473310470581 1.598473310470581
88 2.4242985248565674 1.6554745435714722 1.6554745435714722
89 2.4011905193328857 1.6074151992797852 1.6074155569076538
90 2.437983512878418 1.7068485021591187 1.7068480253219604
91 2.4155454635620117 1.6314516067504883 1.6314516067504883
92 2.355652093887329 1.5875110626220703 1.5875110626220703
93 2.3739686012268066 1.5931648015975952 1.5931648015975952
94 2.323061943054199 1.4798762798309326 1.4798760414123535
95 2.3437907695770264 1.4998172521591187 1.4998173713684082
96 2.4389803409576416 1.5706905126571655 1.5706905126571655
97 2.4109461307525635 1.6204994916915894 1.6204994916915894
98 2.424102544784546 1.6661227941513062 1.6661227941513062
99 2.4030630588531494 1.5576136112213135 1.5576136112213135
100 2.4442877769470215 1.6580278873443604 1.6580277681350708
101 2.505628824234009 1.7310025691986084 1.7310030460357666
102 2.4507853984832764 1.6733063459396362 1.6733064651489258
103 2.433788299560547 1.6936264038085938 1.6936264038085938
104 2.533637285232544 1.7918013334274292 1.7918012142181396
105 2.645646333694458 1.8442193269729614 1.8442195653915405
106 2.585223913192749 1.7798157930374146 1.779815673828125
107 2.6467061042785645 1.8409086465835571 1.8409086465835571
108 2.3648521900177 1.559300184249878 1.5592999458312988
109 2.4630794525146484 1.6368803977966309 1.6368803977966309
110 2.4732370376586914 1.5963842868804932 1.5963845252990723
111 2.593625068664551 1.7024986743927002 1.7024986743927002
112 2.4671216011047363 1.642921805381775 1.642921805381775
113 2.5026566982269287 1.6741259098052979 1.6741260290145874
114 2.535810947418213 1.6876779794692993 1.6876777410507202
115 2.5195765495300293 1.7120411396026611 1.7120411396026611
116 2.5399158000946045 1.7651937007904053 1.7651937007904053
117 2.3902554512023926 1.6483166217803955 1.6483166217803955
118 2.4058783054351807 1.5955235958099365 1.5955238342285156
119 2.4562478065490723 1.6300382614135742 1.6300383806228638
120 2.4772768020629883 1.6105072498321533 1.6105071306228638
121 2.6082711219787598 1.7707653045654297 1.7707650661468506
122 2.432748317718506 1.5561504364013672 1.5561509132385254
123 2.4727776050567627 1.695001482963562 1.695001482963562
124 2.563642978668213 1.8159558773040771 1.8159558773040771
125 2.4515013694763184 1.671942114830017 1.6719419956207275
126 2.619485378265381 1.85568106174469 1.85568106174469
127 2.522510051727295 1.7020710706710815 1.7020710706710815
128 2.7111315727233887 1.9107840061187744 1.9107844829559326
129 2.7199010848999023 1.9285948276519775 1.928594708442688
130 2.6198856830596924 1.7941535711288452 1.7941535711288452
131 2.702885150909424 1.9561866521835327 1.9561866521835327
132 2.646233081817627 1.7710639238357544 1.7710645198822021
133 2.514597177505493 1.739909291267395 1.739909291267395
134 2.6437320709228516 1.8683019876480103 1.8683022260665894
135 2.649359941482544 1.9202107191085815 1.9202107191085815
136 2.600989580154419 1.8654899597167969 1.8654900789260864
137 2.504990816116333 1.6706194877624512 1.6706194877624512
138 2.449262857437134 1.6317040920257568 1.6317040920257568
139 2.57830810546875 1.8110401630401611 1.8110400438308716
140 2.4730799198150635 1.7000737190246582 1.7000737190246582
141 2.6105191707611084 1.8065370321273804 1.8065370321273804
142 2.5056354999542236 1.6498875617980957 1.6498875617980957
143 2.416853666305542 1.5610347986221313 1.5610347986221313
144 2.4964897632598877 1.7318583726882935 1.7318583726882935
145 2.557710886001587 1.7486369609832764 1.7486369609832764
146 2.64865779876709 1.7850093841552734 1.7850093841552734
147 2.6112279891967773 1.7286036014556885 1.7286039590835571
148 2.5231759548187256 1.7498972415924072 1.7498972415924072
149 2.6025784015655518 1.8430254459381104 1.8430256843566895
150 2.516167163848877 1.7063522338867188 1.7063522338867188
151 2.5184268951416016 1.640241265296936 1.6402415037155151
152 2.4699246883392334 1.5969464778900146 1.5969464778900146
153 2.4651262760162354 1.6156771183013916 1.615676999092102
154 2.4924442768096924 1.6441353559494019 1.644135594367981
155 2.477536916732788 1.6665287017822266 1.6665287017822266
156 2.3975088596343994 1.6147369146347046 1.6147370338439941
157 2.457348585128784 1.5674206018447876 1.5674207210540771
158 2.5880579948425293 1.835931420326233 1.835931420326233
159 2.465247392654419 1.599859595298767 1.5998594760894775
160 2.4213054180145264 1.5177875757217407 1.5177875757217407
161 2.484276056289673 1.7146514654159546 1.7146514654159546
162 2.4021313190460205 1.5333051681518555 1.5333051681518555
163 2.45859694480896 1.588604211807251 1.588604211807251
164 2.4674038887023926 1.6495771408081055 1.6495771408081055
165 2.3520419597625732 1.488882064819336 1.488882303237915
166 2.3856754302978516 1.5132019519805908 1.5132020711898804
167 2.4894955158233643 1.7013980150222778 1.7013980150222778
168 2.3829543590545654 1.5775082111358643 1.5775078535079956
169 2.6066534519195557 1.7990598678588867 1.7990598678588867
170 2.5315263271331787 1.7623701095581055 1.7623701095581055
171 2.648939847946167 1.9336820840835571 1.933681845664978
172 2.4271113872528076 1.6846858263015747 1.6846858263015747
173 2.7001497745513916 1.9741290807724 1.9741291999816895
174 2.5241611003875732 1.7433900833129883 1.7433900833129883
175 2.4141201972961426 1.6127734184265137 1.6127731800079346
176 2.5134449005126953 1.6970584392547607 1.6970584392547607
177 2.642963409423828 1.7982513904571533 1.7982510328292847
178 2.496981382369995 1.6784273386001587 1.6784273386001587
179 2.524498701095581 1.6078084707260132 1.6078084707260132
180 2.5456364154815674 1.62972092628479 1.6297208070755005
181 2.691884994506836 1.7910419702529907 1.7910419702529907
182 2.610851764678955 1.6929287910461426 1.6929290294647217
183 2.6069273948669434 1.7064082622528076 1.7064082622528076
184 2.5657174587249756 1.7121621370315552 1.7121621370315552
185 2.517686605453491 1.6559160947799683 1.6559158563613892
186 2.6395153999328613 1.817201018333435 1.817201018333435
187 2.5811593532562256 1.7361903190612793 1.7361903190612793
188 2.57332444190979 1.7464890480041504 1.7464890480041504
189 2.5438621044158936 1.7433207035064697 1.7433207035064697
190 2.5524277687072754 1.6609104871749878 1.6609106063842773
191 2.483783721923828 1.6242884397506714 1.6242880821228027
192 2.8592991828918457 2.2054474353790283 2.2054476737976074
193 2.970140218734741 2.3021044731140137 2.3021044731140137
194 3.0114874839782715 2.344111204147339 2.344111204147339
195 3.033784866333008 2.28298282623291 2.28298282623291
196 2.8865082263946533 2.16291880607605 2.1629185676574707
197 2.8962504863739014 2.2077298164367676 2.2077298164367676
198 2.911478281021118 2.266605854034424 2.2666053771972656
199 2.9930572509765625 2.3415980339050293 2.3415980339050293
200 2.8243119716644287 2.1510303020477295 2.1510303020477295
201 2.8091249465942383 2.111926555633545 2.1119260787963867
202 2.8800835609436035 2.157141923904419 2.1571426391601563
203 2.8282086849212646 2.1322546005249023 2.1322548389434814
204 2.828789472579956 2.1484742164611816 2.1484742164611816
205 2.9795100688934326 2.2930047512054443 2.2930047512054443
206 2.8235342502593994 2.1252779960632324 2.1252779960632324
207 2.658690929412842 1.7939095497131348 1.7939095497131348
208 2.753563165664673 1.953541874885559 1.9535417556762695
209 2.9365556240081787 2.1544747352600098 2.154474973678589
210 2.9182114601135254 2.1903116703033447 2.1903116703033447
211 3.0559439659118652 2.3984830379486084 2.3984830379486084
212 2.8248493671417236 2.0693063735961914 2.069305896759033
213 2.972904682159424 2.224390745162964 2.224390745162964
214 3.0059635639190674 2.274667978286743 2.274667978286743
215 2.9243688583374023 2.1360650062561035 2.1360650062561035
216 2.9656243324279785 2.230745792388916 2.230745792388916
217 3.018692970275879 2.2456912994384766 2.2456912994384766
218 2.9061665534973145 2.111504077911377 2.111504077911377
219 2.9058499336242676 2.233660936355591 2.233660936355591
220 2.708595037460327 1.9859833717346191 1.9859833717346191
221 2.782273530960083 2.1221365928649902 2.1221365928649902
222 2.7093493938446045 1.9861068725585938 1.9861068725585938
223 2.7819411754608154 2.0659587383270264 2.0659584999084473
224 2.827141761779785 2.0889673233032227 2.0889673233032227
225 2.748634099960327 2.0445868968963623 2.0445868968963623
226 2.751330852508545 2.041242837905884 2.041242837905884
227 2.7620463371276855 2.0808403491973877 2.0808403491973877
228 2.739057779312134 2.0542259216308594 2.0542259216308594
229 2.6119697093963623 1.895741581916809 1.895741581916809
230 2.784271478652954 2.2028913497924805 2.2028913497924805
231 2.6257212162017822 1.9225131273269653 1.9225132465362549
232 2.798090696334839 2.108196496963501 2.108196496963501
233 2.7301573753356934 2.0594818592071533 2.0594818592071533
234 2.7718310356140137 2.0154521465301514 2.0154521465301514
235 2.7200844287872314 1.9593877792358398 1.9593878984451294
236 2.5726943016052246 1.8014461994171143 1.8014463186264038
237 2.8123769760131836 2.0144920349121094 2.014491558074951
238 2.7122020721435547 1.954623818397522 1.954623818397522
239 2.6606671810150146 1.8447598218917847 1.8447598218917847
240 2.6281938552856445 1.735027551651001 1.735027551651001
241 2.6065447330474854 1.7265762090682983 1.7265762090682983
242 2.522979259490967 1.5790232419967651 1.5790232419967651
243 2.616446018218994 1.7517732381820679 1.7517732381820679
244 2.58906888961792 1.7402416467666626 1.7402417659759521
245 2.600836992263794 1.7590587139129639 1.7590587139129639
246 2.6138484477996826 1.7558319568634033 1.7558319568634033
247 2.5870800018310547 1.7611265182495117 1.7611267566680908
248 2.587165594100952 1.7458796501159668 1.7458796501159668
249 2.6123414039611816 1.74317467212677 1.74317467212677
250 2.5521392822265625 1.7423229217529297 1.7423229217529297
251 2.596468687057495 1.7294374704360962 1.7294374704360962
252 2.508545160293579 1.6516040563583374 1.6516040563583374
253 2.5257010459899902 1.6703072786331177 1.6703071594238281
254 2.4725534915924072 1.6437666416168213 1.6437667608261108
255 2.5193567276000977 1.6433639526367188 1.6433639526367188
256 2.57389760017395 1.6850967407226563 1.6850967407226563
257 2.59613037109375 1.7306509017944336 1.7306511402130127
258 2.5873355865478516 1.7850919961929321 1.7850919961929321
259 2.5775716304779053 1.684690237045288 1.684689998626709
260 2.610992670059204 1.7512911558151245 1.7512909173965454
261 2.67111873626709 1.8272091150283813 1.82720947265625
262 2.7282910346984863 1.9500409364700317 1.9500410556793213
263 2.6858983039855957 1.8911769390106201 1.8911769390106201
264 2.76544189453125 1.9762353897094727 1.9762353897094727
265 2.5613772869110107 1.6608726978302002 1.660872459411621
266 2.5733606815338135 1.769818663597107 1.769818663597107
267 2.508763313293457 1.6514170169830322 1.6514170169830322
268 2.4326906204223633 1.522896647453308 1.522896647453308
269 2.5037240982055664 1.615726351737976 1.6157264709472656
270 2.5571610927581787 1.6997625827789307 1.6997625827789307
271 2.451197624206543 1.6787974834442139 1.6787976026535034
272 2.5614898204803467 1.7029012441635132 1.7029012441635132
273 2.512139320373535 1.654331922531128 1.654331922531128
274 2.4908370971679688 1.608281135559082 1.6082812547683716
275 2.556539535522461 1.7288841009140015 1.7288843393325806
276 2.575921058654785 1.7345625162124634 1.7345625162124634
277 2.681084632873535 2.0143442153930664 2.0143442153930664
278 2.690749168395996 1.8300836086273193 1.8300836086273193
279 2.77030611038208 1.9708247184753418 1.9708244800567627
280 2.833028554916382 2.0359885692596436 2.0359888076782227
281 2.8239336013793945 2.1853182315826416 2.1853182315826416
282 2.7391116619110107 2.0423214435577393 2.0423216819763184
283 2.79481840133667 2.137373208999634 2.137373208999634
284 2.7665669918060303 2.1067447662353516 2.1067447662353516
285 2.779550075531006 2.096100330352783 2.096100330352783
286 2.7136852741241455 1.9787060022354126 1.9787060022354126
287 2.638277053833008 1.7707756757736206 1.7707756757736206
288 2.7610161304473877 2.0152153968811035 2.0152153968811035
289 2.6366360187530518 1.8995450735092163 1.8995450735092163
290 2.6252384185791016 1.828497052192688 1.828497052192688
291 2.622650623321533 1.854921579360962 1.854921579360962
292 2.5596354007720947 1.6894298791885376 1.6894298791885376
293 2.6855263710021973 1.8957322835922241 1.8957322835922241
294 2.6436944007873535 1.804224967956543 1.804224967956543
295 2.7078921794891357 1.9046019315719604 1.90460205078125
296 2.789606809616089 1.9945999383926392 1.9946000576019287
297 2.8160452842712402 1.9312748908996582 1.9312748908996582
298 2.6382789611816406 1.722582459449768 1.722582459449768
299 2.670597553253174 1.8584027290344238 1.8584027290344238
300 2.722562313079834 1.9184560775756836 1.9184560775756836
301 2.747943162918091 2.0687925815582275 2.0687928199768066
302 3.0037779808044434 2.382695436477661 2.3826956748962402
303 3.133939027786255 2.577199697494507 2.5771992206573486
304 3.0012102127075195 2.385995626449585 2.3859951496124268
305 2.991550922393799 2.360750198364258 2.360750198364258
306 2.9651355743408203 2.3751556873321533 2.3751556873321533
307 2.9095418453216553 2.26074481010437 2.260744571685791
308 2.930236577987671 2.2424747943878174 2.2424747943878174
309 3.081923007965088 2.521347761154175 2.521347761154175
310 2.920229434967041 2.3224494457244873 2.3224494457244873
311 2.8709757328033447 2.281147003173828 2.281147003173828
312 2.9408693313598633 2.275146722793579 2.275146484375
313 2.9904181957244873 2.2856385707855225 2.2856388092041016
314 2.9433748722076416 2.226682424545288 2.226682424545288
315 3.033921480178833 2.43660569190979 2.43660569190979
316 3.034421443939209 2.4731266498565674 2.4731266498565674
317 3.048267126083374 2.4669361114501953 2.4669361114501953
318 3.0582804679870605 2.502351999282837 2.502351999282837
319 3.050013542175293 2.4490811824798584 2.4490811824798584
320 2.976651668548584 2.3803539276123047 2.3803539276123047
321 3.075065851211548 2.488837718963623 2.488837718963623
322 3.1076085567474365 2.4395487308502197 2.4395487308502197
323 2.9566333293914795 2.312554121017456 2.312554121017456
324 3.0107476711273193 2.3297927379608154 2.3297932147979736
325 2.9469828605651855 2.2929584980010986 2.2929584980010986
326 3.0204739570617676 2.365281820297241 2.365281820297241
327 3.0618972778320313 2.4748878479003906 2.4748878479003906
328 3.158937454223633 2.5340352058410645 2.5340352058410645
329 3.093271493911743 2.421530246734619 2.421530246734619
330 3.036869764328003 2.4003524780273438 2.4003524780273438
331 3.0586118698120117 2.4404189586639404 2.4404191970825195
332 3.150012731552124 2.4933557510375977 2.4933555126190186
333 3.126459836959839 2.472214937210083 2.472214937210083
334 3.006702184677124 2.3887786865234375 2.3887786865234375
335 3.0721609592437744 2.436526298522949 2.4365265369415283
336 3.007619619369507 2.3720600605010986 2.3720602989196777
337 2.989543914794922 2.3627657890319824 2.3627657890319824
338 2.9961652755737305 2.399472713470459 2.399472951889038
339 3.024916410446167 2.4484682083129883 2.4484684467315674
340 3.0639121532440186 2.4496567249298096 2.4496567249298096
341 3.0476880073547363 2.4083120822906494 2.4083120822906494
342 3.109400987625122 2.5263233184814453 2.5263233184814453
343 3.0225305557250977 2.3945558071136475 2.3945558071136475
344 2.930323600769043 2.3106963634490967 2.3106963634490967
345 3.0361456871032715 2.4402670860290527 2.4402670860290527
346 2.9514710903167725 2.338540554046631 2.338540554046631
347 2.8762457370758057 2.2643439769744873 2.2643439769744873
348 2.9052555561065674 2.330803871154785 2.330803632736206
349 2.9081125259399414 2.3040010929107666 2.3040010929107666
350 2.9503872394561768 2.3668503761291504 2.3668503761291504
351 2.995990037918091 2.4116051197052 2.4116055965423584
352 2.990514039993286 2.3857955932617188 2.3857955932617188
353 2.953695297241211 2.3636138439178467 2.3636138439178467
354 3.0328242778778076 2.440312147140503 2.440312147140503
355 3.024261474609375 2.4582033157348633 2.4582033157348633
356 3.1295504570007324 2.5223653316497803 2.5223653316497803
357 3.079890251159668 2.458987236022949 2.458987236022949
358 3.0562143325805664 2.368711471557617 2.368711471557617
359 3.022979736328125 2.3560307025909424 2.3560307025909424
360 3.0374481678009033 2.3713908195495605 2.3713908195495605
361 3.0450198650360107 2.4023494720458984 2.4023494720458984
362 3.0259087085723877 2.368025302886963 2.3680248260498047
363 2.9702646732330322 2.3172225952148438 2.3172225952148438
364 2.939434051513672 2.3064231872558594 2.3064231872558594
365 3.0052850246429443 2.3393070697784424 2.3393070697784424
366 2.9613077640533447 2.3157753944396973 2.3157753944396973
367 2.951932191848755 2.315704345703125 2.315704584121704
368 3.013956069946289 2.367933988571167 2.367933988571167
369 2.939020872116089 2.309786558151245 2.309786796569824
370 2.997110605239868 2.3992061614990234 2.3992061614990234
371 2.9811651706695557 2.3905370235443115 2.3905370235443115
372 2.973602533340454 2.390897750854492 2.390897750854492
373 2.9568774700164795 2.337808609008789 2.337808609008789
374 2.9505176544189453 2.386484384536743 2.386484384536743
375 2.9545607566833496 2.371802568435669 2.371802806854248
376 2.9614579677581787 2.3559627532958984 2.3559627532958984
377 2.9811899662017822 2.3683719635009766 2.3683719635009766
378 2.9320929050445557 2.3093996047973633 2.3093998432159424
379 3.037116050720215 2.416020393371582 2.416020393371582
380 2.9531302452087402 2.3247995376586914 2.3247995376586914
381 3.003606081008911 2.3242173194885254 2.3242170810699463
382 2.9197373390197754 2.294355869293213 2.294355869293213
383 2.9873697757720947 2.383692502975464 2.3836920261383057
384 2.963864326477051 2.3249917030334473 2.3249917030334473
385 2.943986177444458 2.300265073776245 2.300265312194824
386 2.886909246444702 2.2088232040405273 2.2088234424591064
387 2.917314291000366 2.263521194458008 2.263521194458008
388 2.983217716217041 2.3805155754089355 2.3805155754089355
389 3.053962230682373 2.407396078109741 2.4073963165283203
390 2.9869627952575684 2.387345790863037 2.387345790863037
391 2.9393763542175293 2.3424575328826904 2.3424575328826904
392 2.984041690826416 2.306675910949707 2.306675910949707
393 3.0475738048553467 2.380518674850464 2.380518674850464
394 2.9887826442718506 2.313882350921631 2.313882350921631
395 3.0200445652008057 2.4034667015075684 2.40346622467041
396 3.0656588077545166 2.407114028930664 2.407114028930664
397 3.1252243518829346 2.516657829284668 2.516657829284668
398 3.123134136199951 2.491459369659424 2.491459369659424
399 3.1661629676818848 2.5372464656829834 2.5372464656829834
400 3.1008572578430176 2.3950586318969727 2.3950586318969727
401 2.988372564315796 2.322467803955078 2.322467565536499
402 3.0841362476348877 2.449856758117676 2.449856758117676
403 3.0956883430480957 2.467756986618042 2.467757225036621
404 3.0729901790618896 2.4539246559143066 2.4539246559143066
405 3.023651123046875 2.3620307445526123 2.3620307445526123
406 3.106790542602539 2.4664323329925537 2.466432571411133
407 3.116276979446411 2.4603872299194336 2.4603872299194336
408 3.2111940383911133 2.540536642074585 2.540536642074585
409 3.199646234512329 2.5029828548431396 2.5029828548431396
410 3.173400402069092 2.428224802017212 2.428224802017212
411 3.2535359859466553 2.554499864578247 2.554499864578247
412 3.1635735034942627 2.454566717147827 2.454566717147827
413 3.22267746925354 2.5169432163238525 2.5169432163238525
414 3.0515851974487305 2.3360440731048584 2.3360440731048584
415 3.1656227111816406 2.442549705505371 2.442549705505371
416 3.0519487857818604 2.3628506660461426 2.3628506660461426
417 3.212820053100586 2.4911112785339355 2.4911110401153564
418 3.231219530105591 2.5644454956054688 2.5644454956054688
419 3.2285430431365967 2.539287805557251 2.539287805557251
420 3.1131591796875 2.4085757732391357 2.4085757732391357
421 3.113208770751953 2.3878180980682373 2.3878180980682373
422 3.1151041984558105 2.39351487159729 2.39351487159729
423 3.1902856826782227 2.4493486881256104 2.4493486881256104
424 3.203150749206543 2.55718731880188 2.55718731880188
425 3.088009834289551 2.3626139163970947 2.3626139163970947
426 3.1252341270446777 2.4241960048675537 2.4241960048675537
427 3.0556623935699463 2.3976705074310303 2.3976705074310303
428 3.1037168502807617 2.464118003845215 2.464118003845215
429 3.193073034286499 2.522050619125366 2.522050380706787
430 3.127967119216919 2.417457342147827 2.417457342147827
431 3.1250710487365723 2.4286887645721436 2.4286887645721436
432 3.1246390342712402 2.413788080215454 2.413788080215454
433 3.137450695037842 2.4469263553619385 2.4469268321990967
434 3.1042327880859375 2.4555611610412598 2.4555609226226807
435 3.0803451538085938 2.4427435398101807 2.4427435398101807
436 3.0735013484954834 2.391035795211792 2.391035556793213
437 3.0826327800750732 2.3933329582214355 2.3933329582214355
438 3.0774834156036377 2.4884703159332275 2.4884703159332275
439 3.079895496368408 2.4736738204956055 2.4736738204956055
440 3.0880320072174072 2.4556000232696533 2.4556000232696533
441 3.1275346279144287 2.472059726715088 2.472059726715088
442 3.0942749977111816 2.5014331340789795 2.5014336109161377
443 3.006891965866089 2.4153339862823486 2.4153339862823486
444 2.973048210144043 2.3646976947784424 2.3646976947784424
445 2.9965007305145264 2.444863796234131 2.444863796234131
446 2.876795768737793 2.220168113708496 2.220167875289917
447 2.912902355194092 2.342555522918701 2.342555522918701
448 2.9248554706573486 2.3216378688812256 2.3216378688812256
449 2.984192132949829 2.3627724647521973 2.3627724647521973
450 3.0504791736602783 2.4700565338134766 2.4700565338134766
451 3.130457639694214 2.54311203956604 2.54311203956604
452 3.004080295562744 2.4144091606140137 2.4144091606140137
453 3.0420498847961426 2.410980224609375 2.410980224609375
454 3.074650287628174 2.394141674041748 2.394141912460327
455 3.1188089847564697 2.563368320465088 2.563368320465088
456 3.1339831352233887 2.5133862495422363 2.5133862495422363
457 3.121340274810791 2.5416455268859863 2.5416455268859863
458 3.0952842235565186 2.4796862602233887 2.4796862602233887
459 3.2159883975982666 2.566948890686035 2.566948890686035
460 3.0690765380859375 2.4122798442840576 2.4122798442840576
461 3.0563809871673584 2.4472367763519287 2.447237014770508
462 3.10858154296875 2.4637625217437744 2.4637625217437744
463 3.0637753009796143 2.393529176712036 2.393529176712036
464 3.022078275680542 2.408165693283081 2.40816593170166
465 3.0992465019226074 2.431579113006592 2.431579113006592
466 3.003894567489624 2.3546931743621826 2.3546931743621826
467 3.0593369007110596 2.4202511310577393 2.4202516078948975
468 3.059752941131592 2.390188217163086 2.390188217163086
469 3.0659759044647217 2.3634653091430664 2.3634653091430664
470 3.09283709526062 2.457855224609375 2.457855224609375
471 3.1809425354003906 2.4893882274627686 2.4893882274627686
472 3.088524103164673 2.379791259765625 2.379791259765625
473 3.049363851547241 2.3932623863220215 2.3932619094848633
474 3.0593698024749756 2.4486303329467773 2.4486303329467773
475 3.074223756790161 2.4345223903656006 2.4345223903656006
476 3.117805242538452 2.4829154014587402 2.482914447784424
477 3.063206911087036 2.4166011810302734 2.4166011810302734
478 3.13327956199646 2.455652952194214 2.455652952194214
479 3.115410804748535 2.53912353515625 2.53912353515625
480 3.0199544429779053 2.4096758365631104 2.4096763134002686
481 2.9967026710510254 2.3640918731689453 2.3640918731689453
482 3.0061185359954834 2.322448492050171 2.322448253631592
483 3.0155186653137207 2.3707711696624756 2.3707711696624756
484 3.100454092025757 2.4262776374816895 2.4262776374816895
485 3.1080069541931152 2.481344699859619 2.481344699859619
486 3.0398612022399902 2.4271514415740967 2.4271514415740967
487 2.9572019577026367 2.326331615447998 2.326331615447998
488 2.934584379196167 2.2761056423187256 2.2761051654815674
489 3.0027730464935303 2.3809762001037598 2.3809762001037598
490 3.0763823986053467 2.410385847091675 2.410385847091675
491 3.072728157043457 2.440591812133789 2.44059157371521
492 3.0883939266204834 2.42460036277771 2.42460036277771
493 3.0273630619049072 2.3748435974121094 2.3748435974121094
494 2.9702646732330322 2.290656805038452 2.290656805038452
495 3.0275676250457764 2.3486030101776123 2.348602771759033
496 2.964949131011963 2.278456926345825 2.278456926345825
497 3.0040321350097656 2.3101179599761963 2.3101181983947754
498 2.943356990814209 2.241507053375244 2.241506814956665
499 2.9115185737609863 2.2010467052459717 2.2010467052459717
500 3.007657051086426 2.388817310333252 2.388817310333252
501 3.0061287879943848 2.3934319019317627 2.393432140350342
502 2.9631130695343018 2.3111443519592285 2.3111438751220703
503 2.950084686279297 2.268922805786133 2.268922805786133
504 2.9574670791625977 2.3343420028686523 2.3343420028686523
505 3.057126760482788 2.3846187591552734 2.3846185207366943
506 3.0607783794403076 2.3895702362060547 2.3895702362060547
507 2.9518258571624756 2.28041672706604 2.28041672706604
508 2.9625089168548584 2.2653865814208984 2.2653863430023193
509 2.993912935256958 2.314730405807495 2.314730405807495
510 2.940316915512085 2.2922067642211914 2.2922067642211914
511 2.94657301902771 2.3099355697631836 2.3099358081817627
512 3.0226588249206543 2.356506586074829 2.356506586074829
513 2.9772942066192627 2.261481761932373 2.261481761932373
514 2.9951529502868652 2.236870765686035 2.236870765686035
515 2.9069302082061768 2.256667137145996 2.256666898727417
516 2.917020797729492 2.221621513366699 2.221621513366699
517 2.9275295734405518 2.2182512283325195 2.2182512283325195
518 2.9551146030426025 2.2759780883789063 2.2759785652160645
519 2.995939254760742 2.333427906036377 2.333427667617798
520 3.0969390869140625 2.4280173778533936 2.4280173778533936
521 3.0168559551239014 2.3434736728668213 2.3434736728668213
522 3.055269956588745 2.3337671756744385 2.3337671756744385
523 3.0063893795013428 2.2820022106170654 2.2820022106170654
524 3.016998529434204 2.28212308883667 2.28212308883667
525 3.107110023498535 2.359743595123291 2.359743595123291
526 3.007230281829834 2.286226511001587 2.286226749420166
527 3.0086963176727295 2.264147996902466 2.264148473739624
528 2.9088916778564453 2.27040958404541 2.27040958404541
529 2.973386287689209 2.328657627105713 2.328657865524292
530 2.9422757625579834 2.266620397567749 2.266620397567749
531 2.9745686054229736 2.2625515460968018 2.262551784515381
532 3.001720666885376 2.356900930404663 2.356900930404663
533 2.947714328765869 2.301229476928711 2.301229476928711
534 3.0143280029296875 2.3008010387420654 2.3008010387420654
535 2.955106735229492 2.312042713165283 2.312042713165283
536 2.9887187480926514 2.3385074138641357 2.338507890701294
537 2.9668257236480713 2.281639337539673 2.2816390991210938
538 2.9277989864349365 2.295987129211426 2.295987129211426
