5 	 13.207990646362305
6 	 10.897858619689941
7 	 8.113985061645508
8 	 5.6023478507995605
9 	 3.1513731479644775
10 	 1.1481263637542725
11 	 0.9868252277374268
12 	 1.219212532043457
13 	 1.2594709396362305
14 	 1.3217144012451172
15 	 1.0006518363952637
16 	 0.832994818687439
17 	 0.7482183575630188
18 	 0.6848939657211304
19 	 0.5977771878242493
20 	 0.5622110962867737
21 	 0.6466712951660156
22 	 0.8044503927230835
23 	 0.8507989048957825
24 	 1.245964527130127
25 	 1.6246684789657593
26 	 1.7496545314788818
27 	 1.309639573097229
28 	 1.0593900680541992
29 	 1.0763911008834839
30 	 0.8362479209899902
31 	 0.8678411841392517
32 	 0.996189296245575
33 	 0.8353787064552307
34 	 0.7007380127906799
35 	 0.8917452096939087
36 	 1.0114480257034302
37 	 0.9386057257652283
38 	 0.7287654280662537
39 	 0.8094889521598816
40 	 0.9268500804901123
41 	 0.822145938873291
42 	 0.7949692010879517
43 	 0.9771669507026672
44 	 1.081523060798645
45 	 0.998235821723938
46 	 1.194578766822815
47 	 0.9702248573303223
48 	 0.9332809448242188
49 	 0.8604057431221008
50 	 0.9036544561386108
51 	 0.8121433258056641
52 	 0.8241466283798218
53 	 0.8700813055038452
54 	 0.9085076451301575
55 	 1.0396723747253418
56 	 1.05864679813385
57 	 1.1479426622390747
58 	 1.2340725660324097
59 	 0.8874986171722412
60 	 0.7922056913375854
61 	 0.7655085921287537
62 	 0.874510645866394
63 	 0.799345076084137
64 	 0.6678098440170288
65 	 0.8452323079109192
66 	 1.0421218872070313
67 	 0.9306586384773254
68 	 0.9348123073577881
69 	 1.0668354034423828
70 	 1.1387447118759155
71 	 1.4978944063186646
72 	 0.8930937647819519
73 	 0.8611279726028442
74 	 0.6721878051757813
75 	 0.5981749296188354
76 	 0.5305230021476746
77 	 0.4557926058769226
78 	 0.5459519028663635
79 	 0.8886210322380066
80 	 1.121444821357727
81 	 1.0637826919555664
82 	 0.7185919284820557
83 	 0.5404893755912781
84 	 0.47608131170272827
85 	 0.49582716822624207
86 	 0.5018934607505798
87 	 0.45680734515190125
88 	 0.4799559414386749
89 	 0.512721598148346
90 	 0.5710771679878235
91 	 0.5687552690505981
92 	 0.6562649607658386
93 	 0.7995660901069641
94 	 0.7710302472114563
95 	 1.0101324319839478
96 	 0.8975445628166199
97 	 0.7685941457748413
98 	 0.8679829239845276
99 	 0.8563526272773743
100 	 0.7252012491226196
101 	 0.7343742251396179
102 	 0.8314117193222046
103 	 0.692771852016449
104 	 0.6803244352340698
105 	 0.5865497589111328
106 	 0.5432573556900024
107 	 0.6040003895759583
108 	 0.6291446685791016
109 	 0.7250276207923889
110 	 0.803148627281189
111 	 1.3325315713882446
112 	 1.4075592756271362
113 	 1.4854578971862793
114 	 0.9902313947677612
115 	 0.7723237872123718
116 	 0.7185840010643005
117 	 0.8066769242286682
118 	 0.7393431067466736
119 	 0.6848490238189697
120 	 0.809726357460022
121 	 0.8487148284912109
122 	 0.7948771715164185
123 	 0.8687059879302979
124 	 1.0542978048324585
125 	 1.1170451641082764
126 	 1.138957142829895
127 	 1.2714439630508423
128 	 1.2305818796157837
129 	 1.2152420282363892
130 	 1.723930835723877
131 	 1.0562663078308105
132 	 0.9662790298461914
133 	 0.911571741104126
134 	 0.7313478589057922
135 	 0.6520285606384277
136 	 0.718712329864502
137 	 0.6820793747901917
138 	 0.6495367884635925
139 	 0.6542968153953552
140 	 0.7063000798225403
141 	 0.7021251916885376
142 	 0.6566454172134399
143 	 0.6939010620117188
144 	 0.7522174715995789
145 	 0.7294170260429382
146 	 0.7259466052055359
147 	 0.7115642428398132
148 	 0.761840283870697
149 	 0.7936660051345825
150 	 0.6822166442871094
151 	 0.7322730422019958
152 	 0.6269760727882385
153 	 0.4979993999004364
154 	 0.4450279176235199
155 	 0.44767674803733826
156 	 0.4633564054965973
157 	 0.5486592650413513
158 	 0.779662549495697
159 	 1.4417650699615479
160 	 1.959015965461731
161 	 0.9284704327583313
162 	 0.6367307305335999
163 	 0.6339422464370728
164 	 0.5012508034706116
165 	 0.5021088719367981
166 	 0.5943492650985718
167 	 0.5268070697784424
168 	 0.4698459804058075
169 	 0.41596031188964844
170 	 0.4317269027233124
171 	 0.3754999339580536
172 	 0.41905510425567627
173 	 0.4426789879798889
174 	 0.48681697249412537
175 	 0.5161693692207336
176 	 0.5361146330833435
177 	 0.5421667695045471
178 	 0.6122017502784729
179 	 0.6546342372894287
180 	 0.697012722492218
181 	 0.7588695883750916
182 	 0.9184360504150391
183 	 1.006659984588623
184 	 0.9621374607086182
185 	 1.1503138542175293
186 	 1.439858078956604
187 	 1.506008267402649
188 	 1.508392333984375
189 	 1.2834219932556152
190 	 0.9772635102272034
191 	 0.8041889667510986
192 	 0.761700451374054
193 	 0.8145130276679993
194 	 0.7738275527954102
195 	 0.6662890315055847
196 	 0.6370193958282471
197 	 0.7086612582206726
198 	 0.6955046057701111
199 	 0.5870739817619324
200 	 0.6775156259536743
201 	 0.7830917239189148
202 	 0.7714464068412781
203 	 0.7086930871009827
204 	 0.6148108243942261
205 	 0.5955985188484192
206 	 0.5173725485801697
207 	 0.5639486908912659
208 	 0.5624833703041077
209 	 0.5560943484306335
210 	 0.47511228919029236
211 	 0.48222941160202026
212 	 0.48043617606163025
213 	 0.5291687846183777
214 	 0.7171898484230042
215 	 0.9155639410018921
216 	 1.1932436227798462
217 	 1.1048078536987305
218 	 1.1796233654022217
219 	 1.6453800201416016
220 	 1.7385025024414063
221 	 1.895385980606079
222 	 2.102264165878296
223 	 1.9907443523406982
224 	 1.6709089279174805
225 	 1.0998997688293457
226 	 0.8364928960800171
227 	 0.8088446259498596
228 	 1.026506781578064
229 	 1.024065375328064
230 	 1.424619436264038
231 	 1.2989532947540283
232 	 1.1669222116470337
233 	 1.0559953451156616
234 	 0.8160772323608398
235 	 0.5810739398002625
236 	 0.67961186170578
237 	 0.637991726398468
238 	 0.5716354846954346
239 	 0.6194366216659546
240 	 0.678054928779602
241 	 0.7302097082138062
242 	 0.9403121471405029
243 	 0.791339099407196
244 	 0.7698805928230286
245 	 0.7296605706214905
246 	 0.7868642210960388
247 	 0.8938961029052734
248 	 0.8022451996803284
249 	 0.6288493275642395
250 	 0.6391855478286743
251 	 0.6403380632400513
252 	 0.6864938139915466
253 	 0.8908083438873291
254 	 0.809810996055603
255 	 0.6705272197723389
256 	 0.5867701172828674
257 	 0.502010703086853
258 	 0.46054011583328247
259 	 0.40671485662460327
260 	 0.3852108120918274
261 	 0.4388296604156494
262 	 0.4936610460281372
263 	 0.5228639841079712
264 	 0.6066653728485107
265 	 0.7219101190567017
266 	 0.8057324290275574
267 	 0.8207005262374878
268 	 0.852861225605011
269 	 0.9448410868644714
270 	 1.0650553703308105
271 	 1.142150640487671
272 	 0.9726990461349487
273 	 0.9372094869613647
274 	 0.8929445147514343
275 	 1.1061713695526123
276 	 1.9807195663452148
277 	 2.4172980785369873
278 	 2.1911983489990234
279 	 2.281838893890381
280 	 2.6693692207336426
281 	 1.5288299322128296
282 	 1.1318398714065552
283 	 1.0174756050109863
284 	 0.7760658264160156
285 	 0.6406901478767395
286 	 0.5731262564659119
287 	 0.487470418214798
288 	 0.4648204743862152
289 	 0.47252675890922546
290 	 0.49273210763931274
291 	 0.6086267828941345
292 	 0.6188017725944519
293 	 0.7150806784629822
294 	 0.6385872960090637
295 	 0.6926695108413696
296 	 0.6518957018852234
297 	 0.7815648913383484
298 	 0.7780764102935791
299 	 0.6754519939422607
300 	 0.7307688593864441
301 	 0.8492363095283508
302 	 0.833300769329071
303 	 0.7936304807662964
304 	 0.948826789855957
305 	 1.0636308193206787
306 	 1.0230132341384888
307 	 1.2012898921966553
308 	 1.5085994005203247
309 	 1.7431375980377197
310 	 1.9892480373382568
311 	 2.269857883453369
312 	 2.5586774349212646
313 	 3.072704792022705
314 	 2.2027390003204346
315 	 2.015207529067993
316 	 1.908807635307312
317 	 1.0349411964416504
318 	 0.6944296956062317
319 	 0.6154118180274963
320 	 0.5711709856987
321 	 0.5755242705345154
322 	 0.6021205186843872
323 	 0.589036762714386
324 	 0.5161809325218201
325 	 0.5236853957176208
326 	 0.4633670151233673
327 	 0.42708820104599
328 	 0.3996197283267975
329 	 0.39979809522628784
330 	 0.4706670045852661
331 	 0.5412865877151489
332 	 0.7326839566230774
333 	 1.053417444229126
334 	 1.0524437427520752
335 	 0.7210692763328552
336 	 0.6168677806854248
337 	 0.548151433467865
338 	 0.47045814990997314
339 	 0.4520778954029083
340 	 0.43331387639045715
341 	 0.47991472482681274
342 	 0.5903654098510742
343 	 0.5314491987228394
344 	 0.5463957190513611
345 	 0.6476307511329651
346 	 0.5881050825119019
347 	 0.5819987058639526
348 	 0.5631996393203735
349 	 0.4992990493774414
350 	 0.4400574862957001
351 	 0.4157527685165405
352 	 0.4581775367259979
353 	 0.45798352360725403
354 	 0.541944682598114
355 	 0.6906053423881531
356 	 0.9665571451187134
357 	 2.082688331604004
358 	 1.4288955926895142
359 	 0.9871253967285156
360 	 0.9449857473373413
361 	 0.6537842750549316
362 	 0.7163036465644836
363 	 0.7929468154907227
364 	 1.244399905204773
