0 2.6375910619418104
1 2.668767896145738
2 2.7412782748777014
3 2.728522980971774
4 2.7777364228795953
5 2.6609144301916507
6 2.8517698189967216
7 2.981010896045263
8 2.9043377267603034
9 2.745722234809087
10 2.8314183856335613
11 2.789897066814316
12 2.757220677276807
13 2.6926663764375647
14 2.7259438260351843
15 2.7261484990556957
16 2.7364010979967595
17 2.62443627076945
18 2.716994864884073
19 2.698857866195747
20 4.528175527452368
21 4.860882538601561
22 3.547808757684681
23 2.8072115250090715
24 4.392308748875014
25 4.341765610066012
26 3.70710708305363
27 4.816286340401087
28 6.413305879316248
29 4.543181304319866
30 4.508404047480356
31 2.8048797506623884
32 2.838398430036463
33 2.9674417907395383
34 2.7496534021701597
35 2.7528341220330415
36 2.811073444237569
37 2.777667905602655
38 2.8050635658130982
39 7.698348801405977
40 2.8589639120395987
41 2.8093272813100665
42 2.752314466072191
43 3.8659711712436664
44 7.868752827705134
45 4.479730094689797
46 9.654548086985317
47 5.00925732099543
48 8.399842952452298
49 6.797907393938972
50 8.08664015280758
51 5.285359407197245
52 5.361552738219211
53 4.650459601818502
54 4.56779583990587
55 2.876196173678365
56 2.9539049733065057
57 3.7568861039442174
58 5.266421196871652
59 2.7110007049492357
60 4.562767079685889
61 4.400481333225826
62 5.439600340988473
63 7.2822610542822055
64 5.193515623485437
65 4.359028945438034
66 5.680501962887593
67 2.725276655377326
68 2.7504472827101134
69 4.546200342191012
70 5.619687795501387
71 4.978406722476531
72 7.187121587279944
73 5.094099222952673
74 2.7760922807385433
75 4.578901208734956
76 2.757876066460207
77 2.7465500618504572
78 4.7536363728624655
79 4.157831124195903
80 3.9518478059603037
81 4.22244083947639
82 5.066434712341398
83 5.4465822857852775
84 3.004747478051977
85 2.7512383717594893
86 3.134873583913002
87 5.390505644086662
88 5.714176646700487
89 2.8078920757260355
90 5.226108323962376
91 4.829372708857696
92 5.557505009308352
93 5.637288906376384
94 6.563761512545857
95 4.431600334513441
96 6.050804253381266
97 5.685844927647757
98 6.078705135935785
99 6.416399520212036
100 2.868614850448542
101 4.674283716125419
102 5.578037307035243
103 6.444308827572318
104 3.7678708232819664
105 6.568076443040702
106 4.424318455658409
107 4.881727840068068
108 2.8700629801685498
109 4.047512313229495
110 4.932684975782579
111 4.634178082870201
112 2.7763804995854424
113 2.7825718234531434
114 5.201609469900563
115 5.622547737273121
116 2.8213862802702425
117 3.654984152623609
118 5.3948453986375
119 2.9698178103385175
120 3.6004184910637735
121 5.859530182041472
122 3.6078282109402036
123 4.703665104373213
124 2.8408025067449763
125 2.7020550300812847
126 2.724416199071752
127 4.400387676660851
128 2.553894175645099
129 2.875658178160131
130 4.328285148951891
131 4.8674151122666105
132 2.8665041372064652
133 5.828220933655939
134 4.7660971553775875
135 4.43836296978521
136 4.852431077980088
137 7.345890340653202
138 4.16143674392603
139 2.7191671328721423
140 4.966611617392402
141 4.287736092195552
142 4.010729375412524
143 4.280879825696071
144 3.227627528751322
145 3.5601368085652614
146 4.177042372828774
147 4.73732357710202
148 5.12304727079548
149 3.6425050921748676
150 4.466926535121473
151 4.099712408074629
152 4.247799161849863
153 4.916105804381336
154 3.621946929549316
155 3.5206049429110475
156 2.877071815040674
157 2.9643775977704805
158 2.8163895478413465
159 2.6964535988920537
160 2.683938762618562
161 2.7665706558068415
162 5.603511544683197
163 2.7164570875391076
164 2.87394070789841
165 2.961842961522401
166 3.149709895370708
167 2.7328037759246007
168 3.576461145902976
169 5.356600854742716
170 3.877919115154875
171 2.9072981875033412
172 3.1049945424371965
173 4.492511569829244
174 3.899736397638787
175 2.8720829362486042
176 4.017695647786836
177 4.95389386652563
178 4.223174717683683
179 4.294190472151576
180 4.240679396272266
181 4.472085943978023
182 6.208891055337295
183 4.436424508480004
184 4.0710611482094725
185 4.086283694242107
186 4.1808651822240925
187 5.10421090035695
188 4.103613317611035
189 4.336307666925736
190 3.1734875812412424
191 2.6627847447916837
192 2.90795287153031
193 4.011796169324158
194 3.8385491768633058
195 7.515888601350783
196 6.9515530070994345
197 4.160689862392381
198 3.779128695301134
199 4.411875136313313
200 4.699222767152535
201 6.466558845432719
202 5.466565230174955
203 4.955446721406357
204 4.8366099175499935
205 3.7825723759395204
206 2.779123587963076
207 3.9760804452624883
208 4.801049658021551
209 4.863757047847524
210 4.413378565258297
211 4.6800016824925
212 4.360467512721384
213 4.6715328907362945
214 4.749017872155488
215 4.407600101693062
216 5.4022567166565185
217 4.0311782407335865
218 4.457215588134782
219 4.077496970487363
220 4.492944014971459
221 3.6680346506825465
222 3.654420633275153
223 4.6732662589499965
224 3.3739680105718057
225 4.003210831733029
226 5.7383605525848935
227 2.961388940658293
228 2.838651272786669
229 2.730287594956077
230 5.499755965486983
231 4.830128076671248
232 5.304720271046071
233 4.132111709014872
234 4.788280712659757
235 5.196850507865378
236 6.706217412196416
237 3.6928019807260926
238 8.99077177991478
239 4.142455800438597
240 3.1972626838011697
241 3.9930957032191743
242 4.849396843496513
243 4.637117516577127
244 4.9152224718798205
245 5.001146740527747
246 3.900440163990332
247 4.4274869496964815
248 4.353332852317779
249 3.788558448938703
250 3.2491145364251452
251 4.539674634822724
252 4.629957651038378
253 4.059502093407622
254 5.3434024251259045
255 3.8645662733785966
256 7.374926025985344
257 5.323867823487514
258 4.93833788914766
259 3.9341171329974935
260 3.908620346385957
261 3.9820662492429793
262 3.5333008310623644
263 4.469081066396189
264 4.62667355865861
265 4.4833464526075595
266 4.868071089078881
267 4.773918080396231
268 4.327349251796651
269 3.972228858405559
270 4.095705300949124
271 4.434588055790441
272 2.788217578632959
273 2.7148953830811124
274 11.393676155076264
275 4.702659215888304
276 2.733077781655567
277 6.470720951766893
278 6.39350175762944
279 8.594068293631562
280 6.631972591090266
281 5.423211869256599
282 4.35072561726769
283 4.871722083220044
284 4.249358276538175
285 4.827656582029351
286 4.298055679607208
287 3.3124287882704806
288 4.496661573883823
289 3.8007114117972365
290 3.7661827702764903
291 3.4948903743040876
292 4.822722992937314
293 4.0574509802724
294 3.7475180203074423
295 4.430691030899584
296 4.468244055413363
297 4.063092097075241
298 5.265064783838486
299 4.323253464660185
300 4.141686061757926
301 4.848383146489166
302 4.424441521621656
303 3.8415617600644962
304 4.527626993219573
305 4.33906055210144
306 4.371488870614656
307 4.729212222832767
308 3.744561640033127
309 5.008107028012475
310 4.29139580919329
311 4.286183510800887
312 5.314358363110685
313 4.514965184813678
314 5.748738251438196
315 3.940979831752452
316 4.072168519812925
317 4.650226285466482
318 3.770595390464788
319 3.0081784484362672
320 7.720213414444736
321 2.6396273393319305
322 3.8481324238309167
323 4.852711234864994
324 2.7868316536233433
325 2.9736548654743147
326 2.9173428424148726
327 3.140064767150975
328 2.7095995765219403
329 4.813707632610433
330 2.682570306257994
331 3.812109581094246
332 4.11059746854538
333 3.8042210963879635
334 2.8636333753190133
335 4.530685774694777
336 4.653263512550135
337 3.550579401945036
338 2.804149825327913
339 2.865127161359372
340 2.8577914711463
341 2.692710630333802
342 2.670565326440847
343 2.807416781177445
344 2.6701375324477605
345 6.226999591306011
346 4.074893722458541
347 5.221539244573836
348 4.766029550397051
349 2.878222538540683
350 4.535311729615584
351 5.477701267441753
352 4.763821958695708
353 2.683652491511088
354 5.43179529619762
355 3.99196529482841
356 4.897391285746349
357 4.836113048590246
358 2.858126987353984
359 4.768304787554028
360 4.9089390650003235
361 5.010366052538693
362 4.943044594742302
363 4.981208003220956
364 4.518093237370993
365 3.7954410494429487
366 5.223538538119993
367 3.8641268009240286
368 2.890285338527069
369 2.683866813231968
370 5.463747706489946
371 4.703592064774482
372 5.485323606514642
373 2.822696389162694
374 3.9911844518587
375 5.194912686821328
376 5.165708460602198
377 4.661778198654215
378 4.910933491282368
379 5.091088536650178
380 3.8284779535405766
381 5.130480335016725
382 4.2167226586865105
383 4.714942824091972
384 6.278530913967723
385 4.6258859480590555
386 5.039478530483811
387 5.227167413216626
388 3.9708497491491097
389 4.50231484725124
390 3.786708971117902
391 2.7714851927897035
392 4.081035343826005
393 3.1523788621588635
394 4.896816756317918
395 3.8329301334008172
396 5.3144031100908125
397 3.302012920345037
398 4.180211874300066
399 2.771402112218221
400 3.0485046991867524
401 3.0195324080724415
402 2.648416035499114
403 4.963068188394412
404 4.667979887576061
405 4.9781113387194456
406 4.169948369490256
407 3.84201340110907
408 5.187477967792519
409 6.502756925743138
410 4.819958304052585
411 4.40039870911393
412 4.905256745545634
413 4.21007360286729
414 5.042046209208151
415 4.103023230807558
416 4.341807095919743
417 4.469905223560669
418 2.9118408347413727
419 2.839482689705277
420 3.7354194738688014
421 5.441105550506208
422 3.9808394640497817
423 4.091996817230429
424 5.471200144915965
425 3.8744121890349668
426 3.105113067179287
427 4.9691441500139195
428 3.5764867703527297
429 5.3126711297240465
430 4.559655778388159
431 2.6957950342214594
432 3.6560984982801434
433 4.469666537522758
434 2.8118473386677434
435 2.908717812801324
436 2.755479713371391
437 2.5609493292258545
438 7.456626848172602
439 5.182766593881222
440 4.240506257305581
441 4.044794518461697
442 5.144952854734295
443 4.494669595829867
444 2.9042502070593574
445 5.1917189577495595
446 4.439588725202081
447 5.026846607688164
448 4.677084840343616
449 4.670183454208958
450 4.6186568987613
451 4.890984103214936
452 4.554701873936851
453 2.7216881998244773
454 4.51995686544342
455 2.5961826633678022
456 4.2800067851876324
457 4.850580471203788
458 4.699514418957747
459 4.689798482028853
460 5.8029935741805065
461 4.62424632805934
462 2.7738845090020803
463 2.749620749048903
464 3.568873423457353
465 4.462678105877106
466 4.714383157715107
467 3.9423498365897474
468 4.656747719358228
469 2.8195670420988503
470 2.7351463997555743
471 5.231093137469093
472 3.1314083563521486
473 4.485548065866312
474 2.995272765407807
475 7.145410496088583
476 2.721602461551529
477 2.7058757868820362
478 4.470330657696077
479 5.163508510939481
480 3.917272084158547
481 4.141059118943637
482 3.643228493315626
483 2.761684794349792
484 2.9464428536431333
485 2.8798736435443892
486 2.8771167955444183
487 4.48525229142488
488 2.982648751304131
489 2.7918635442141007
490 2.89074431061893
491 6.7632810825091605
492 2.660672169455799
493 3.3195232314416323
494 2.9060819227102948
495 4.137119865465745
496 2.6247220328655305
497 2.772038647907246
498 2.921781576055495
499 2.810144725195692
500 2.9147463135664204
501 2.8338877273654677
502 2.7651247639554493
503 2.6808139737655163
504 2.670615496732804
505 2.672334255519087
506 2.5513428407108814
507 2.7911422236294796
508 2.780426510489463
509 2.6960964639903406
510 2.70204365474465
511 2.82902043921043
512 2.8636341993716448
513 4.975287391005773
514 2.7595370942473916
515 5.82019192011846
516 2.8731596390202183
517 2.650255279545469
518 2.7962977016647503
519 2.9638719374384825
520 2.738700569641198
521 2.7153830460215476
522 2.700378130964516
523 2.8042985257262005
524 3.088790906482518
525 4.733973505251385
526 4.509175490083561
527 2.615381039340852
528 2.8086299355699613
529 2.8257182191121024
530 2.673862171663362
531 2.673407411318343
532 2.8668601110296623
533 2.9758180266226653
534 4.22245937002936
535 2.8674947903055474
536 4.55421283216709
537 2.816260112902719
538 3.03385451334976
