0 3.0272238951587336
1 2.9722283815586383
2 2.9042044579264323
3 3.057225379942273
4 3.016120886381054
5 3.1010596166852378
6 2.8468557416294593
7 3.072883107673532
8 3.4680782263697627
9 2.6396187493853773
10 2.80010997127301
11 2.90326489991965
12 3.246162255084492
13 2.9033250082128768
14 3.3553102364483447
15 2.7964542586775347
16 2.8090642937990964
17 2.7506704972490277
18 2.7050147706398664
19 2.7082042003062283
20 2.9472462886273383
21 2.7304230390464954
22 2.9005639175005387
23 3.0466348277048443
24 2.685565560878016
25 2.896219895915555
26 3.5460888483245574
27 2.8962869592588674
28 2.7797212860062683
29 2.7325340630795103
30 2.9671696549109985
31 3.156621255908035
32 2.978855559938434
33 3.3638492147215433
34 3.109353663759513
35 2.8650783982160677
36 3.0706483234198716
37 2.8291449283665124
38 2.9358289498031573
39 3.5115345394550777
40 2.860252160959904
41 3.0625903557901086
42 3.121269498291834
43 2.663256176634109
44 2.9181257993898733
45 2.9293275915360617
46 4.152582762087021
47 2.662802921485698
48 2.7990784839922322
49 3.199574874328943
50 3.054935178137541
51 3.00292467764441
52 2.8901125728104633
53 2.7930404431877953
54 2.8800887265084842
55 3.1623547675375616
56 2.9431614004357676
57 3.235991750637799
58 2.771977040831844
59 3.31407005436207
60 2.919430626558196
61 2.93794066923712
62 3.230180875422223
63 2.8797830405446705
64 2.750232888629342
65 2.7331947616104175
66 2.9243116357496994
67 2.773573936848228
68 2.9425504018848865
69 2.8405447555555896
70 3.0223367242434005
71 2.904058271764614
72 2.9521233766906367
73 2.836011194903118
74 2.731575615781884
75 3.1988079278877595
76 2.7653579441593945
77 3.0769906924269175
78 3.2799346899054105
79 3.163172233373602
80 2.7000082337982616
81 3.005008603837983
82 2.8611495590578353
83 2.721041438184236
84 3.1303089402554027
85 3.0776918220090512
86 2.9068990156143557
87 3.1045502170995176
88 2.7555868996879815
89 2.777477381153262
90 2.8747277936234865
91 3.0414986879714276
92 2.801448674936148
93 2.9451777221436575
94 3.084259330739778
95 2.9401947984164427
96 2.9109501703011693
97 2.718439139234127
98 2.62425829304587
99 2.699064249212249
100 2.8918037858862173
101 2.8919089470853074
102 2.9648244595748467
103 2.8427938805464823
104 3.2603558182981387
105 2.870148816965898
106 2.8549708135179
107 2.898342859202644
108 2.8678462924151464
109 2.7702053465723995
110 2.8818752391235556
111 2.7256687908079695
112 3.235438235238496
113 2.8899673978544103
114 2.8397241381096414
115 2.970641450320537
116 2.910522183760764
117 2.9918980768584134
118 2.7290628811880486
119 2.901317809943086
120 2.984532715442875
121 3.308495529178606
122 2.8916840340877985
123 2.867544638982542
124 3.433953006343309
125 2.6746465773774797
126 2.8696999982898204
127 2.8590417017201126
128 2.886599422800486
129 2.7861363367137955
130 2.685135183681151
131 2.873293290547528
132 2.856313968383766
133 2.882955615338176
134 3.378643927699929
135 2.9203808806805545
136 2.8830782236694024
137 3.1685920268901566
138 2.9183455690041997
139 3.0243051982557865
140 3.771238125388019
141 3.0240032664019383
142 2.965761708568509
143 2.6964081993391624
144 3.0825680247609584
145 3.315207746250956
146 2.8210401328055346
147 3.0018131772407743
148 2.924582594363064
149 2.8367937698759484
150 3.010858042562864
151 3.035591661530956
152 3.0825444301815077
153 2.9468307822442976
154 2.8245114918750653
155 2.670731323609071
156 2.853003826553547
157 3.2656975555636976
158 3.0063699290545345
159 3.0977233263877153
160 2.8127143692646968
161 2.66165853376267
162 2.864929089233518
163 3.02758134438812
164 2.9728276993982625
165 3.147726785116054
166 3.031589849437521
167 2.8636522383732146
168 2.7974238973569423
169 2.8380707961584766
170 2.909715310584902
171 2.833198488782187
172 2.9671034894588484
173 2.877622802303124
174 3.047699861149181
175 3.0163991100312972
176 2.9890425208950395
177 2.613241012792303
178 2.7041047430625964
179 2.8025046772212554
180 3.0886403817737933
181 3.785420404898803
182 2.9876075732779324
183 2.7220627568483264
184 2.7628847153844713
185 2.716359306717514
186 2.7405878779122386
187 2.694342391736617
188 2.9025156023588528
189 2.787205632784573
190 3.0697417871665493
191 2.9672596238231113
192 3.0788605817094514
193 2.862090976588308
194 2.9301850550193036
195 2.937006219736388
196 3.0465941785308988
197 2.7170487685907663
198 2.920071962019814
199 2.7147958130109004
200 2.9253096500437503
201 2.826347339628737
202 3.3949611235963797
203 2.7501750150089688
204 2.937619537992038
205 2.9902665517657336
206 2.9471491115278985
207 3.0737298143865632
208 2.764796020467687
209 2.8370103627384675
210 3.0679802106940124
211 3.3593291763404736
212 2.8146697433701338
213 2.694233267545759
214 2.7437597312574744
215 2.940027022796522
216 3.350114092082429
217 3.7802062367807583
218 3.1212126752025644
219 3.2513187592836106
220 2.630218200297291
221 3.161431242854367
222 2.7367733640230734
223 2.954766590905419
224 2.820060150130681
225 3.0242586250015027
226 2.729324874253323
227 3.638192006086732
228 2.6835419744053417
229 2.8072083836108663
230 2.832567464484777
231 3.0046647015572834
232 3.0242845812845323
233 2.7245329830167204
234 3.196190172997559
235 3.12744866385621
236 3.1573654681018377
237 2.853186406416611
238 2.8738570013259825
239 2.775457076491872
240 3.225859998783176
241 2.919179667972039
242 2.9699911875073246
243 2.8184208718885877
244 2.829615969481746
245 2.8182742714518954
246 2.7418727296679144
247 2.6988536307642543
248 3.250170022105361
249 2.852436328823872
250 2.871498047052678
251 2.9733369204589533
252 3.07708648472056
253 2.9917925614660112
254 2.9747394643222393
255 2.945182947491645
256 3.4068862122899803
257 3.305329538895261
258 2.877495038665468
259 2.711218932521077
260 3.0314763502886204
261 2.9618551190144053
262 3.68767408307504
263 5.348436286979227
264 4.751035135361862
265 5.561901342416178
266 5.111995719749264
267 5.683350467003046
268 5.401861830505279
269 2.8949089351726904
270 3.0447614758022565
271 2.936097330852182
272 3.2308640362984176
273 2.8592597660143766
274 2.8382917885649297
275 2.7916395359235917
276 3.052230244063476
277 3.279725313652307
278 2.9630312894999133
279 2.785078420772661
280 2.800955448950893
281 2.9173391206669366
282 2.9908524013233215
283 2.9718349636506387
284 2.8960204542949946
285 3.0815677422547285
286 3.060324677798014
287 2.812861168018027
288 3.2950259000888193
289 3.3429509395767893
290 2.774219962607325
291 3.2578922989262384
292 3.174573694952615
293 3.05477558755408
294 2.786199930190731
295 2.8500924793446094
296 2.950553782633211
297 3.0695378827698336
298 2.5543698518056486
299 2.6466078612289667
300 3.528700790923835
301 2.7069664078767812
302 2.901244943731007
303 2.855848098593914
304 3.104470957346621
305 3.1676950345061026
306 2.797453437214293
307 2.8523572653307743
308 2.9060724090898415
309 2.8019465710520834
310 2.913115857152131
311 2.6492081808979386
312 2.734375248181489
313 2.79084489449437
314 2.9849990989857953
315 2.901172945522837
316 2.984098248258502
317 3.0906156964961973
318 2.7965227226600784
319 3.192696695618734
320 2.759434511089745
321 2.9760147592492503
322 3.459661952043013
323 3.024233834196933
324 2.860395438266327
325 2.7040414314518695
326 2.8717674828568653
327 3.2558160439450385
328 3.1441557066186467
329 2.8569134941444934
330 2.8824501692584
331 2.9584798064808253
332 2.8732668325054576
333 2.9658568768415843
334 2.9562097949710258
335 3.028009851574334
336 2.987840594928993
337 2.9830651599140885
338 2.7923202968405576
339 3.174242950955894
340 2.967824009767172
341 2.95090840416343
342 2.866674855911001
343 3.132431639516137
344 3.2017530988521568
345 2.940983175107708
346 3.0132299085718723
347 2.865673357958332
348 2.790009126347935
349 2.7031677439190003
350 2.985212090244647
351 3.631692953890735
352 2.728042070285552
353 2.893922430000781
354 3.8167413600576308
355 2.9054597400594413
356 3.144598271677817
357 3.18600453181468
358 3.0441283765748923
359 2.9077772527092565
360 3.2911618482463934
361 2.8438122032015025
362 2.961585708460975
363 2.8979965483706995
364 3.183413395533061
365 2.791876170225501
366 3.5369207450150872
367 2.8449147206994314
368 2.9359463278603375
369 2.750691568500089
370 2.7879647443549906
371 3.0221415728987635
372 2.682651784123178
373 2.5996781394459565
374 3.153371070314107
375 2.7787258662034855
376 3.303839287169624
377 2.886211082704156
378 2.891878882127034
379 3.4542706834453942
380 2.8793274714584274
381 2.6908083408830614
382 2.9093618222209425
383 3.0319879837100165
384 2.862273044709458
385 2.857456300032221
386 3.452561474059467
387 2.8457394526640454
388 2.886824472921934
389 2.6703786951470336
390 3.0121913278755397
391 3.0369840098300305
392 2.9728447416008166
393 3.0847440428469866
394 2.917657266956384
395 3.1580179473432595
396 2.993339413210658
397 2.983524517735999
398 3.1871617306456272
399 2.8300383538349756
400 2.998251602984899
401 2.892119365390938
402 3.253014360164638
403 2.7287638735675466
404 2.9395910697215135
405 2.8185737379268057
406 3.1516105364945077
407 2.927586272418368
408 2.811325888018861
409 2.91708583064329
410 3.012668784032494
411 2.9687065636429
412 3.417590178245647
413 3.224537418931729
414 3.0778750817542972
415 2.976276803867343
416 2.8981985603161853
417 2.759597871276967
418 2.858104867298808
419 2.904218917591985
420 3.0252673451336145
421 3.55721213776523
422 2.9741988794852854
423 3.119626605513595
424 2.8480775696981406
425 2.95491692216869
426 2.862756084354053
427 3.3302395796865336
428 3.120484494103724
429 3.1117063216208374
430 3.0748336874140656
431 2.7580039416802253
432 2.9722509668215262
433 2.6020469760075335
434 2.95918463396283
435 3.0534212471138162
436 3.0542375331311162
437 2.8729652206881777
438 2.76814446495721
439 3.193293078496556
440 3.072469587808947
441 2.7952158499278092
442 2.950332248093677
443 2.8216930017682573
444 2.754777806780425
445 2.8640088614271924
446 3.1854468269846827
447 2.949570460571601
448 2.968181819910837
449 3.137619228783037
450 3.0344218993927257
451 2.830903310451551
452 2.9704890599172034
453 2.9485794117018633
454 3.2165102811339197
455 2.7861680603653634
456 2.7446129748801757
457 2.990907081067995
458 2.902731866899698
459 2.9217808261965605
460 3.054808646298649
461 2.9438692984727477
462 2.949516808024648
463 2.889332602179758
464 3.146835200829282
465 3.119803003193949
466 3.2206774527791215
467 2.7173405835647815
468 2.9607049212723857
469 2.759665383460968
470 2.901912309910051
471 2.901252335976372
472 2.872524405501255
473 2.915674672722709
474 2.863740035493188
475 2.7976746078130454
476 2.7644203829238605
477 2.91863563701956
478 2.8709123571966213
479 3.1081388794927203
480 2.915771101334781
481 2.901830955773069
482 3.1145868946011026
483 3.035232663626392
484 3.277033215264899
485 2.7338140309846204
486 2.8107452593204436
487 3.0486747400656258
488 2.937260905175742
489 3.0387558364816876
490 2.655246714607321
491 3.0668333165265524
492 2.890425152911742
493 3.225342535982549
494 3.1124767541929237
495 3.0636012173242153
496 2.743819798767754
497 2.834667597548123
498 2.9267280205674555
499 2.8402809369123676
500 2.800367218887916
501 2.9162213669784705
502 2.956659817761542
503 3.091215484046679
504 2.886022668459488
505 2.977709010992287
506 3.0351921260153487
507 3.0453084660190872
508 2.9435052255930785
509 3.0282904824802443
510 3.042947482500556
511 3.065039749578811
512 3.267934708327238
513 2.775231031430341
514 2.920779778443036
515 3.0773927589326466
516 2.77544541816609
517 3.0969588829031727
518 2.773061965329854
519 3.0116583252286873
520 2.9692744568907528
521 2.959001963932916
522 2.9990695054593353
523 3.0597634873484707
524 3.1259147985657387
525 3.455320809070141
526 2.9186850169101053
527 2.8661463476872973
528 3.3012185683255373
529 3.433511835848536
530 3.1927700181651173
531 2.9222487360808174
532 2.9227758993769
533 2.8800519884976126
534 2.6971327884116496
535 2.934435798658344
536 3.2226480693425725
537 2.8535915715148854
538 3.124713766577986
