0 2.544563079914622
1 2.556588339703152
2 2.6050203225971855
3 2.570465891863599
4 2.651853017414564
5 2.6521895882128286
6 2.519552279415843
7 2.5910454538671974
8 2.60029680107748
9 2.619852230245209
10 2.5778463866699206
11 2.6119973278202617
12 2.584639226280236
13 2.6553880342877227
14 2.5677261621817875
15 2.71719867533165
16 2.6551565985497434
17 2.5331786001034495
18 2.6509653907274613
19 2.6077417600200405
20 2.593900445551845
21 2.7073841000098704
22 2.5810559049143285
23 2.622426945473397
24 2.5799446212370194
25 2.669262819489231
26 2.6890925341368876
27 2.659659721509407
28 2.665826825673331
29 2.5849024414214155
30 2.748360110174764
31 2.6102752394267488
32 2.699388295464932
33 2.578577661190383
34 2.5344989958232165
35 2.565653414025977
36 2.5571255545969374
37 2.573664588491487
38 2.7657274448755915
39 2.571327725051924
40 2.541404300522917
41 2.8396797305753054
42 2.7132474821890695
43 2.7569991669820424
44 2.607954053466177
45 2.6203059748149915
46 2.591211891934783
47 2.607891770321642
48 2.575486459569433
49 2.7181470148933786
50 2.5266079027396664
51 2.6195959102162623
52 2.5521130914177603
53 2.6157864313257972
54 2.5771205858809334
55 2.585556854071041
56 2.6041118596846458
57 2.6951073128407157
58 2.5063631639998536
59 2.651792450321747
60 2.639028619096294
61 2.6260828660498396
62 2.6702029021361278
63 2.643194719245658
64 2.733889056304623
65 2.6295580304633095
66 2.589122205972302
67 2.499517686072106
68 2.7357373753006016
69 2.7062058881198383
70 2.5864769479445946
71 2.5109080497424903
72 2.7017083962697774
73 2.585080030336848
74 2.6700974943426794
75 2.66819168419379
76 2.596595243250069
77 2.6064715154886833
78 2.6120530715538233
79 2.6396688081274045
80 2.618832456535332
81 2.5383125796615156
82 2.843912912582324
83 2.6352436990901213
84 2.510902248220655
85 2.6576077326965137
86 2.5500130071212754
87 2.725818052265476
88 2.5899572728627214
89 2.652770275668467
90 2.602261179123064
91 2.597382174956732
92 2.6334352365181855
93 2.648094235993652
94 2.6295741608775
95 2.7457690746510175
96 2.5388749614505524
97 2.532591306170073
98 2.6027639755327856
99 2.5903356553959562
100 2.6176727198732976
101 2.649724788074993
102 2.728652364444822
103 2.6594935350926487
104 2.69983325085054
105 2.6129799448637705
106 2.7070935401345566
107 2.7240407685474293
108 2.6079755026339213
109 2.581561277203794
110 2.516731486355453
111 2.546730448994977
112 2.621884562552333
113 2.6002759464129532
114 2.6162069500986305
115 2.7116317347563843
116 2.657328251100059
117 2.5831166413395583
118 2.6450873966795854
119 2.626478647860379
120 2.5862648434551563
121 2.722272687723866
122 2.5571829253621567
123 2.6196581349604275
124 2.691216388349194
125 2.640992523316568
126 2.668286024110795
127 2.628159389470584
128 2.669778045851174
129 2.593491651217753
130 2.697423404976413
131 2.570605180622343
132 2.6499906163879827
133 2.691049942151197
134 2.531420103288207
135 2.614382989435242
136 2.555963801373823
137 2.7584385292256886
138 2.6005495385964332
139 2.554982904197696
140 2.5986445135924594
141 2.638788881675827
142 2.629447212248802
143 2.5545994035024386
144 2.601977557320285
145 2.8261634317527307
146 2.6019937055170734
147 2.6237078842644936
148 2.608476951090566
149 2.6749381754926405
150 2.688613223901319
151 2.6611236666655644
152 2.687826008848273
153 2.622369967208279
154 2.5536293009458597
155 2.6843360312891416
156 2.757387073848122
157 2.5796757000993233
158 2.5954535070362788
159 2.5201826608989695
160 2.654300757441976
161 2.60805468997707
162 2.674292695421856
163 2.7176478065987832
164 2.6943576245974548
165 2.6141535832651717
166 2.6413549747766716
167 2.639009698446897
168 2.654487793820187
169 2.547349180499485
170 2.6297112058287633
171 2.606626692496964
172 2.8223506499022832
173 2.4473819554942735
174 2.6478716444168793
175 2.4790377271557964
176 2.532650932373359
177 2.590992847424777
178 2.7077664013280933
179 2.611867583353537
180 2.470186971979572
181 2.636262758167968
182 2.5696951343676138
183 2.501179134427587
184 2.6568600846656762
185 2.6015872947064898
186 2.677133980787186
187 2.564800083498314
188 2.582423541356975
189 2.6234261713064213
190 2.705685483741444
191 2.598038134819766
192 2.6624620210352004
193 2.6572464553805797
194 2.642404436790198
195 2.5947541177841242
196 2.613832154477406
197 2.630710447790222
198 2.649045976390675
199 2.636759367804909
200 2.5839275687683654
201 2.6941513277329343
202 2.534079664723785
203 2.530701733123612
204 2.6668728887822617
205 2.604022804660836
206 2.5681097924500085
207 2.6682016179538697
208 2.6040895495156735
209 2.7093246052164313
210 2.5546843164277275
211 2.847653452908608
212 2.654799806153831
213 2.558122910029703
214 2.667998735958501
215 2.783883204859861
216 2.512322948410748
217 2.615228836230989
218 2.6406076772943847
219 2.5788806783600053
220 2.7659175734449146
221 2.4948507371034663
222 2.6504932589030883
223 2.5759282590720756
224 2.610035923876177
225 2.6285071217463445
226 2.5971517646993934
227 2.6764161062919842
228 2.4726283585802515
229 2.541779816994808
230 2.682153376620201
231 2.609017157588754
232 2.628548254968511
233 2.616361847164036
234 2.5515286793262657
235 2.4905436034000745
236 2.804197637028786
237 2.620424681307123
238 2.6228153321967103
239 2.6302960437575726
240 2.6542001396191233
241 2.5494839951781043
242 2.7290347149487255
243 2.5533244727265627
244 2.64663471015643
245 2.646110919084912
246 2.712970920960943
247 2.6220998527673856
248 2.5487775208935908
249 2.5841436952439745
250 2.6870746684250357
251 2.6713978207899585
252 2.7419356862553697
253 2.570707434793536
254 2.778334226031601
255 2.6135808813644243
256 2.5677085952084453
257 2.5908707915368754
258 2.6859837179892136
259 2.5901885840327705
260 2.58223646758006
261 2.614643023011295
262 2.542389205971253
263 2.6490304307390127
264 2.594164903127871
265 2.745369113901114
266 2.5056990717612666
267 2.5397004335774063
268 2.5562499818905575
269 2.6041078840410097
270 2.627501716846749
271 2.6173424085100723
272 2.5065821542311553
273 2.5644211476832734
274 2.51901819131944
275 2.770038667687587
276 2.660464127922516
277 2.712299727069407
278 2.734889510752207
279 2.5788362209699685
280 2.718468741486633
281 2.5473454736638965
282 2.6480607367690294
283 2.551831535358458
284 2.5416462467249765
285 2.6398358936404995
286 2.7860931428743
287 2.8475631683427403
288 2.6099285537932
289 2.7374102622883276
290 2.5702431830331665
291 2.666785924517406
292 2.5976991777899685
293 2.591999591593608
294 2.505742464573849
295 2.5625133782158143
296 2.660940196507825
297 2.6464123281730516
298 2.628222101441944
299 2.521450484721422
300 2.6148311425238537
301 2.6413894999039584
302 2.5335840128215272
303 2.6452466191704636
304 2.806958082106166
305 2.6152334945821587
306 2.8121406557643067
307 2.691123483065584
308 2.545485575306266
309 2.651138750037587
310 2.541677420942884
311 2.57302029097325
312 2.6462953940934786
313 2.7706913686005734
314 2.485537510340844
315 2.6120240622767383
316 2.5117681518025785
317 2.5563878449038007
318 2.696446162894985
319 2.5337831750936486
320 2.9083228364467812
321 2.5851312402843436
322 2.6083030549741753
323 2.6731540453433493
324 2.6795241668868495
325 2.6754742699392446
326 2.590522904292062
327 2.602005123373453
328 2.6315587636099984
329 2.695321807295103
330 2.503942509193864
331 2.5340851524607544
332 2.5581427047607423
333 2.6560090040270006
334 2.59275606080553
335 2.6634432492161473
336 2.6879080367260273
337 2.6464488976824243
338 2.556199028744957
339 2.70334762949872
340 2.63795376744087
341 2.660718444550423
342 2.5920815397585497
343 2.6554664962483083
344 2.6838029789483415
345 2.49658725738766
346 2.5835838509487155
347 2.602445367973353
348 2.696726283113221
349 2.770130962518946
350 2.6620205828322123
351 2.590656411224143
352 2.6582760541151838
353 2.6279340490409284
354 2.5045698402302494
355 2.570450423879825
356 2.7368727900686842
357 2.693716176890349
358 2.591313774031587
359 2.648830567375886
360 2.604831018415819
361 2.6266233280319224
362 2.6398656431354914
363 2.6235030797501553
364 2.653070068457014
365 2.528177706821126
366 2.641964102516023
367 2.639175444135617
368 2.5098152097823174
369 2.617622656873466
370 2.6021117931868205
371 2.5843918768238487
372 2.568857463323172
373 2.620604244200218
374 2.628685040632947
375 2.731308789292915
376 2.529870321667147
377 2.5523135535198977
378 2.570640982526022
379 2.553458299252502
380 2.6817132126455006
381 2.5149872049315567
382 2.6197258000629806
383 2.5249270250334255
384 2.7113870839818457
385 2.6656846246278083
386 2.522595132346077
387 2.554756454267071
388 2.6006123916844266
389 2.599390700241665
390 2.5827071438361
391 2.5459175034164865
392 2.5747307323604582
393 2.577657803669245
394 2.5812115746113844
395 2.5058997452133243
396 2.5567309151991693
397 2.649869416465907
398 2.4910745842006343
399 2.530023408739656
400 2.727011842328131
401 2.7638704535538983
402 2.544688741738749
403 2.7065731560841377
404 2.516901942677064
405 2.550053860262143
406 2.650729346261797
407 2.568892272534332
408 2.5610050877064197
409 2.5273738121402145
410 2.70212132036058
411 2.69998307939444
412 2.589119400383369
413 2.552024616594303
414 2.701959149984829
415 2.828577144568903
416 2.618044995232836
417 2.6252204090473175
418 2.6665563624417237
419 2.6381932692661003
420 2.6248911795153176
421 2.5536674775630663
422 2.5656349695754153
423 2.535287209436146
424 2.6223289642139416
425 2.5748461565359966
426 2.6871220259939035
427 2.6376321939705996
428 2.5687320973160603
429 2.639980082340292
430 2.604028031275389
431 2.644695505145512
432 2.497152076452337
433 2.6221904864241816
434 2.7869113347506196
435 2.683474773696994
436 2.582600001073213
437 2.686937272971488
438 2.623222040916683
439 2.6069707350832347
440 2.6788604478469313
441 2.7207429343910583
442 2.7298062925955002
443 2.6125258541653307
444 2.664214893586481
445 2.501961486280144
446 2.586765368250348
447 2.650420207598511
448 2.792495510120471
449 2.5457574954410336
450 2.577264222910327
451 2.5827763883452093
452 2.553077923196273
453 2.5686488755014274
454 2.6628187709313265
455 2.6754497288204107
456 2.584886922232677
457 2.5798201148298703
458 2.675811126284115
459 2.650578632355721
460 2.827086221600442
461 2.573901936527242
462 2.56038204387302
463 2.5959696911661214
464 2.6433196718867844
465 2.614789613605817
466 2.519203154836841
467 2.5758016229146943
468 2.6777158232706006
469 2.494157613187747
470 2.6597384615135438
471 2.6015707954603093
472 2.700879378748717
473 2.605390648841594
474 2.5782967545030084
475 2.690831902101359
476 2.570936044288447
477 2.7222305904778676
478 2.5298453375250625
479 2.645026168577024
480 2.807552831091003
481 2.5435599177681683
482 2.567726163652436
483 2.683738138665849
484 2.7517505177035213
485 2.6405706783411698
486 2.6372320281453367
487 2.540678114994709
488 2.714463852050598
489 2.6915117200813596
490 2.738661933739907
491 2.4793249248509364
492 2.5838757511817376
493 2.615276455659075
494 2.5960878418723303
495 2.581634742093948
496 2.6104864170709576
497 2.618072120521156
498 2.690527992745501
499 2.6570667639054917
500 2.7893954158551035
501 2.7185955375355246
502 2.65457949829584
503 2.537911739141451
504 2.645666135521871
505 2.6343271667974366
506 2.6158522233574892
507 2.613459140270977
508 2.7243474035611586
509 2.6530162796093193
510 2.4981303858462147
511 2.5899461993973714
512 2.642517240696879
513 2.5874814528201733
514 2.6073038582006465
515 2.522401706619273
516 2.581176792407048
517 2.5756644171878316
518 2.658860865330258
519 2.6969582738580953
520 2.8238675250367438
521 2.6142311232770545
522 2.604767353220882
523 2.5859072133616383
524 2.616369459104915
525 2.4724812041171402
526 2.6680006736849022
527 2.6022159829305087
528 2.5808187800059263
529 2.7217055257930354
530 2.6506278264491905
531 2.700491343287247
532 2.551375251234874
533 2.6390254390671988
534 2.700283440659473
535 2.572600106505217
536 2.719404747498194
537 2.6539980379335972
538 2.5304623287979355
