0 17.16473645027125
1 16.911322748034546
2 17.09987479288114
3 17.002866094142906
4 16.98388906709678
5 17.293650721811183
6 17.417119581015182
7 17.297237338837036
8 15.948745482064785
9 16.775031666359393
10 17.092501512147916
11 16.943291827005257
12 17.29403858615321
13 16.91568727300798
14 16.49572520508045
15 17.271530630004868
16 17.204131869563568
17 16.45288185430053
18 15.62656099103239
19 16.382083596942532
20 17.120604148053978
21 16.892955476416954
22 16.40009072930935
23 17.001597854793197
24 16.82607964357351
25 16.72450836877853
26 17.00012175640822
27 17.745943552833076
28 15.422549851974955
29 15.872814830292702
30 16.83034711717576
31 18.499370036297332
32 16.322008475547214
33 16.107917082834486
34 15.272595741562315
35 15.651227550079904
36 15.416562262122547
37 15.324759254156659
38 15.370331857498629
39 16.452613536280666
40 16.8243801382749
41 16.259112810703755
42 16.551017319739756
43 16.385260277265385
44 15.825999003648903
45 17.299791617035336
46 17.052217993511068
47 16.278210550737096
48 17.322608606598166
49 14.943591468036917
50 16.76318095298676
51 16.94295200261933
52 15.259598689596519
53 15.939836863354527
54 14.049916897340132
55 14.786915410922724
56 15.500834199660531
57 15.421391049215654
58 16.19793596349701
59 14.007922355374372
60 15.219728530954262
61 16.239254538148604
62 15.096524692456711
63 17.03376773459942
64 16.376321408244525
65 14.847443377897559
66 15.336688217891302
67 15.097319332214525
68 15.338049894754059
69 14.687903777993649
70 14.18263270772221
71 14.692029970705478
72 15.346034953090385
73 14.637214698519145
74 15.371318210925887
75 16.52480734448314
76 15.211421885188729
77 16.97444110508078
78 15.72641115862856
79 15.691978563778536
80 16.673524741000033
81 14.336239295312883
82 15.298682832761362
83 14.69494340934452
84 16.447027576026166
85 15.199943097013687
86 16.274542194124614
87 17.343741701676535
88 16.078185927149065
89 15.438060893331233
90 15.782452825529543
91 17.45787998717868
92 16.17754916546037
93 17.687249148612942
94 16.318402136696594
95 15.509402331334586
96 14.825164290416746
97 14.89854723759805
98 15.992511830150217
99 16.128291714006764
100 14.889433629087767
101 17.305760733729763
102 14.394112272101317
103 14.642497260005667
104 14.795939379342165
105 15.048331422112636
106 15.385683625813828
107 14.33470060848699
108 14.551678861529304
109 14.984301728908928
110 14.824831642333518
111 15.914287520649554
112 16.659379437180192
113 15.844657639307217
114 15.53378242333872
115 15.740565208110025
116 17.321651050222503
117 14.903236125418196
118 13.921211100253071
119 15.363356472061659
120 14.954845938363798
121 16.25148498795172
122 15.430360062428699
123 16.32134377657809
124 14.447455870762457
125 14.769510288525417
126 15.111071446731508
127 16.860134754505683
128 15.614625772122656
129 14.894942587048105
130 15.126615163764495
131 13.770864232569595
132 14.71228108361973
133 16.379819024408473
134 16.947812893748882
135 15.707631611841332
136 16.790196617262954
137 16.723314317699515
138 16.81619952037467
139 17.71483716898434
140 16.037848628700385
141 14.486297162868064
142 16.189396051709153
143 14.806894950472914
144 14.951205355239438
145 14.466789375614496
146 13.829978828690074
147 13.713966975673806
148 14.138477681814505
149 13.26114371332211
150 14.546538372496276
151 15.951230369152876
152 15.86016695851557
153 16.738026769743083
154 16.346106931951272
155 15.480936867652463
156 15.476348532788714
157 15.889821257849
158 16.13073791891141
159 15.874993515203485
160 15.43041834589741
161 17.494991505422075
162 15.80424663856573
163 14.433317410222802
164 14.614913970393093
165 14.557071003514263
166 16.434427431938516
167 15.076566161722113
168 14.614941986926311
169 15.00630461985727
170 16.602062937387704
171 16.232725298580736
172 15.42731788376989
173 15.389274950741802
174 14.56020586086112
175 14.935052034683508
176 17.238489256280733
177 15.409823673476467
178 14.481126327059915
179 14.549671617643876
180 15.822911520313957
181 17.60148118848328
182 14.41374633697834
183 15.343785975195097
184 17.17109156598957
185 16.760617884026168
186 14.671585638014156
187 15.283658485697783
188 16.111933463379895
189 16.621030161332957
190 15.6872231465619
191 15.5349816804064
192 14.889569162906696
193 15.458855188560374
194 15.37985596207442
195 15.876142893473965
196 15.712223675222681
197 14.969311073486288
198 15.692411085403549
199 15.590597493680432
200 17.315296906676576
201 15.640573525518075
202 15.500875497740545
203 15.071807053992577
204 15.378763430582422
205 16.527811681724703
206 17.096245226232845
207 16.570974148859545
208 15.828363590743391
209 16.648034865200547
210 14.973648799556074
211 15.963300612908384
212 17.483564608547535
213 17.44841422428054
214 16.818946585771968
215 17.485590180617248
216 16.875370209865302
217 16.213356057072566
218 15.081357880197105
219 15.395985721926786
220 15.877146966672766
221 15.602638764248214
222 16.409429921149886
223 16.601101929205488
224 16.13138977016152
225 16.369856895082172
226 14.838871388496159
227 16.615248419372016
228 16.504402650165584
229 14.715051818792919
230 16.126574784077565
231 14.47943036538587
232 15.20847435933776
233 16.621011185666898
234 15.31639747179708
235 15.234685909769237
236 15.161206251899507
237 17.12549647095659
238 14.964455479246213
239 16.778491502022945
240 15.954542000650934
241 16.57929582568109
242 15.093792075261073
243 14.718211831059865
244 16.608945534824045
245 15.709034334275207
246 15.651982973515224
247 15.609620022765496
248 15.51465606135033
249 15.0178736846282
250 17.931601162864162
251 15.189285697851572
252 17.01143568672737
253 16.327801788516748
254 16.546743983453705
255 14.07317359629328
256 15.851595852928222
257 16.11396454733992
258 14.784685827802312
259 13.990212285413763
260 15.662381103983554
261 15.629840856406972
262 16.815984018145134
263 15.14728209497527
264 15.550387632594441
265 16.451357547502006
266 18.76146449859187
267 15.050806631064003
268 15.69324829946821
269 17.346204866117425
270 17.053569925649175
271 16.828141239477734
272 15.7557405336236
273 16.079034479136187
274 16.496971975551997
275 16.312853629688092
276 16.930000142431993
277 14.565769576446014
278 14.706222648702422
279 16.408518182227017
280 17.10673605823357
281 14.82535503047944
282 15.019720709817308
283 16.46883203125535
284 16.019719267901227
285 16.00732015571221
286 16.359140074267238
287 14.725096658312427
288 14.922429627656555
289 16.323077658642458
290 16.241516857125617
291 15.9063012267197
292 15.828376652000406
293 14.461517954999165
294 16.802355140506876
295 14.822263275569817
296 14.258672502479909
297 15.95107423795162
298 15.59345654934992
299 14.963436648624587
300 15.666363694030464
301 15.697633575737749
302 15.510326758653022
303 16.298451877440723
304 16.149102769480802
305 17.187836987471645
306 17.658455583742985
307 16.74511169269102
308 16.86356913430471
309 15.487986189713828
310 15.07647884731694
311 15.886234627351987
312 14.952633138543048
313 16.175690460239725
314 15.263189758839989
315 15.177076945826455
316 15.409942969454903
317 15.900951894929193
318 17.316544911504927
319 16.89660796421268
320 16.52423032835407
321 16.51412919685764
322 17.4992507065015
323 16.723519647458154
324 15.422739674732233
325 14.69235997519833
326 15.20919036873666
327 14.478184072054223
328 14.003435967968542
329 14.856192866122617
330 14.960793940904829
331 15.60740733077752
332 15.456673060449601
333 14.429729000487578
334 17.1130665256893
335 14.744186019242115
336 14.874755810602538
337 15.731746290801143
338 14.567311548622733
339 14.545076904174678
340 16.276001250603585
341 16.42339202332797
342 13.398880160217399
343 16.41414683816291
344 15.375024453269274
345 15.119357838671734
346 16.29040200964271
347 16.35751748585784
348 16.769471909837502
349 15.69745385072225
350 14.851120734575522
351 16.176908659593412
352 17.721656586942764
353 15.9381086013132
354 16.92723074094571
355 15.376609974087875
356 14.611398251784765
357 15.942394704739243
358 15.904002222052958
359 15.40949610811684
360 14.080305327524206
361 17.042400798040013
362 15.805734671611095
363 17.115146156505208
364 16.43056446498446
365 16.020744265458553
366 16.063604222670754
367 16.386583721928698
368 16.786851981487022
369 15.013449527188452
370 17.043070779865673
371 17.493056744510156
372 17.1104655977455
373 16.145689906627414
374 17.226765253266027
375 17.619089076809686
376 17.388269031860027
377 17.863147606839345
378 16.4353331942749
379 14.424236182325213
380 17.35802776456636
381 15.303645881008597
382 15.026192358419067
383 14.898414957730289
384 15.65666079890801
385 14.204509747209114
386 15.23593216929762
387 15.249772462054976
388 15.310379052731117
389 15.514969354514394
390 17.200602686734435
391 15.426072517525983
392 14.22064218007514
393 16.76727378887886
394 16.564506507948863
395 16.47935076643046
396 17.005217865403
397 15.76547610016914
398 16.0116984104152
399 14.334543148388978
400 16.328803288824695
401 14.51106931404625
402 16.554518901952587
403 16.519063213459443
404 16.15455898163681
405 14.738216022072775
406 15.846986294193602
407 14.403952628320353
408 15.117498224627331
409 15.046211715668276
410 16.569292928431846
411 15.561375207829228
412 16.163213845445245
413 14.474321649371747
414 14.477717302430449
415 16.959314465151056
416 15.414818007959898
417 15.921263595002818
418 16.37477951209154
419 15.854354194499017
420 15.648428017686815
421 17.002433470791185
422 14.773467981141867
423 15.46911244923595
424 15.44248143647466
425 15.312002622676788
426 14.829726194658797
427 15.760512172132714
428 15.938357172748873
429 15.217247710064582
430 15.37149316371592
431 15.765701229516031
432 15.150407217590944
433 16.386503505868063
434 16.277993114519436
435 17.284159016103718
436 16.726697190870162
437 14.599645363830003
438 17.00938959750991
439 16.71600187302684
440 16.564276362665364
441 16.995422817051363
442 16.616215390442786
443 15.59360548581667
444 17.038765174662988
445 15.171131508065312
446 15.260892728456668
447 14.700329041087487
448 13.790692857125878
449 14.817730140713703
450 14.425103278300751
451 15.12283472100797
452 14.916025422228932
453 14.557845369894613
454 14.175720476837412
455 14.866950462634371
456 15.261151880874896
457 16.60439439133235
458 15.058423515254383
459 14.504217168916274
460 15.351974288146936
461 15.04809283808765
462 16.062785955038503
463 15.950839232149848
464 15.461157358775878
465 17.142314838205557
466 15.661753496399596
467 14.936637629522865
468 15.60250601462876
469 14.483306618479153
470 15.497585773431508
471 16.47483877293651
472 16.595322687339767
473 15.714201223318085
474 16.196336745743114
475 16.00447571157615
476 14.23608287885962
477 16.177552705615707
478 15.02635298153419
479 14.65596176503984
480 14.466965845347874
481 17.047765615330075
482 14.970717150762434
483 15.313741861267856
484 14.39616576659845
485 15.898016112962855
486 14.6357319763823
487 15.189963155453265
488 15.3617603414536
489 15.354083432681275
490 16.387980255600613
491 16.58273277905031
492 15.46084269623705
493 16.459167002239646
494 15.225688491162861
495 16.345462433307386
496 17.126557795119584
497 16.066643624242083
498 15.147627565940141
499 16.384769001895375
500 15.39998825557586
501 15.219964897407309
502 16.701872081352533
503 15.043595972255691
504 14.75424202380047
505 15.668693316096313
506 17.8316233153335
507 14.90763928514741
508 14.296754807439578
509 14.023482904759273
510 17.032823221863396
511 17.328180435785047
512 14.754531671824557
513 14.711422871243597
514 15.14729972383382
515 16.6564580772445
516 17.400576766855572
517 15.534882554919236
518 16.562746535109405
519 17.230321610893377
520 16.49209739746904
521 15.038166130047527
522 16.52696442412224
523 17.111906539861067
524 17.639170178433336
525 16.85335541975019
526 14.659276111173487
527 16.578545410710404
528 15.507983407305387
529 14.874411430915314
530 16.582309059850317
531 15.323986753808015
532 16.87892123626605
533 16.359805838761936
534 16.741342548858007
535 16.03315981447473
536 15.448232709323463
537 15.529602372759289
538 14.248875584833419
