0 2.5703774615508426
1 2.5716387478488083
2 2.5855250938698022
3 2.5089031484780633
4 2.6259203851976403
5 2.6313319830355097
6 2.7991106286115026
7 2.548357558837121
8 2.680389954417742
9 2.586492356933319
10 2.7691535849758484
11 2.5111375592678367
12 2.724496124325964
13 2.587867160655213
14 2.6409967139503974
15 2.6337706685524793
16 2.7695401218882756
17 2.5977672402780745
18 2.587109881762958
19 2.5630357752797464
20 2.640508619730174
21 2.648640603017531
22 2.5947272334258176
23 2.743134313501869
24 2.942525016448339
25 2.6630629498843144
26 2.567203621605576
27 2.5904349065712298
28 2.570053224784248
29 2.8518623056515535
30 2.5545835423318457
31 2.6842894392062546
32 2.7346990249259244
33 2.5458706966367077
34 2.691751601242738
35 2.52390458371578
36 2.519341966901046
37 2.6548508442752814
38 2.6088345161456146
39 2.505859318293851
40 2.5672898275993457
41 2.6452489343338494
42 2.6002766978648286
43 2.577321810625897
44 2.777148244310254
45 2.693325706284618
46 2.6711849081308063
47 2.662775928496584
48 2.716904875307363
49 2.692644428240757
50 2.5093718785632837
51 2.5183563236351145
52 2.5547082973943946
53 2.669825154073606
54 2.67132934522348
55 2.5192567729973065
56 2.529159981085558
57 2.5604476948375323
58 2.6383508486434057
59 2.4896398090149443
60 2.6954715963793086
61 2.5849604135148914
62 2.570164466454109
63 2.57473379561482
64 2.5955818561845563
65 2.7657253159497337
66 2.579951689472712
67 2.5859113024244857
68 2.7286796220624243
69 2.51494997298786
70 2.571382363707198
71 2.6136755984522546
72 2.7327252646282334
73 2.6077802973709563
74 2.6615116662468723
75 2.624712018015741
76 2.5490810106394197
77 2.7948377980569528
78 2.696957456502637
79 2.617090895863542
80 2.7757611433784333
81 2.585003701090783
82 2.6263959409350743
83 2.5834525777514443
84 2.811583736768948
85 2.500323741757454
86 2.593257630689239
87 2.5075965964304596
88 2.641939654599092
89 2.579839091904759
90 2.7550975464104828
91 2.5031557004632257
92 2.6489027100263707
93 2.5745740471544103
94 2.640891815053783
95 2.4885999692127463
96 2.6126921643520733
97 2.6411887478540774
98 2.6964139685966297
99 2.665769906659845
100 2.4901832278634632
101 2.589819452241932
102 2.609982694057771
103 2.6512808224784603
104 2.535128678291352
105 2.586833190089379
106 2.7060659367132813
107 2.689841163332915
108 2.4781425976383793
109 2.6180926111462988
110 2.5263296967736215
111 2.616299484525683
112 2.552469578389428
113 2.7219403635367607
114 2.5675071317037177
115 2.6840998875391344
116 2.7158724565427366
117 2.731053947906265
118 2.583275477561759
119 2.532601023455154
120 2.6351433377920124
121 2.6865165276185965
122 2.5823430492950576
123 2.6112251570745273
124 2.6334911613604857
125 2.588882651301068
126 2.505343242149467
127 2.5713945580160398
128 2.519645945231829
129 2.5900153321600836
130 2.5841611171855554
131 2.5330397983624633
132 2.640400465753399
133 2.586300391997283
134 2.686394542305488
135 2.595202438962049
136 2.6848085539280717
137 2.5448212971104303
138 2.5533027998916826
139 2.668566734436407
140 2.575943021373145
141 2.599289788191702
142 2.469393183467748
143 2.5480181332272736
144 2.7747285495651797
145 2.640780036704782
146 2.7449948304150125
147 2.758716682984384
148 2.6342073685399323
149 2.5662375908023867
150 2.4821074874113136
151 2.5718288316529843
152 2.59595783036843
153 2.598712638575195
154 2.632886405121995
155 2.743884095881882
156 2.5605715664959403
157 2.5039454130082874
158 2.701503761957639
159 2.6238295116149164
160 2.577521644913974
161 2.6469061973637684
162 2.7369251665512353
163 2.5141213337662056
164 2.667906541643548
165 2.5667534917373955
166 2.695601336133086
167 2.6328119464820494
168 2.6088949448919716
169 2.6611570405957665
170 2.6268387912339746
171 2.6098429659035145
172 2.652924314111176
173 2.589576073654673
174 2.6261646152597367
175 2.599708986948453
176 2.5819744867255237
177 2.616096233712284
178 2.5377835197227845
179 2.60969226446795
180 2.630918555328328
181 2.556938244145919
182 2.570242173716932
183 2.6529952810343347
184 2.5709772452651394
185 2.614773146608546
186 2.5854491391427614
187 2.5904835288414687
188 2.581879183642919
189 2.579897639687015
190 2.6611306325391983
191 2.572222942352205
192 2.5223473664789755
193 2.5666520549231486
194 2.5683834806003354
195 2.5515075984763107
196 2.6299686004894385
197 2.5334533944363224
198 2.5963188056884046
199 2.5940978246443125
200 2.6458587805630382
201 2.628655131924344
202 2.633898289208821
203 2.56744747721186
204 2.5798083613548886
205 2.5231744954811712
206 2.6057873546606896
207 2.5475786254638613
208 2.5912843702144133
209 2.695723967021173
210 2.6690117648009486
211 2.681749414172203
212 2.7428236572633047
213 2.683928428580567
214 2.5865897593502916
215 2.5962798200784007
216 2.610911111656446
217 2.5803155382692515
218 2.605617048012058
219 2.727324807081178
220 2.873215932566092
221 2.5154817033656536
222 2.678307252652897
223 2.568628563177876
224 2.5378148939939322
225 2.6118199047418433
226 2.575611512660854
227 2.644153185111637
228 2.5232163517381743
229 2.538656944762516
230 2.6383977157177982
231 2.580574323823944
232 2.605194153924175
233 2.6368952067542204
234 2.636894883591717
235 2.6939749494876954
236 2.623050742950393
237 2.5747726425044553
238 2.6210994160488625
239 2.699927663321321
240 2.571144591140265
241 2.597463082289863
242 2.559098447676698
243 2.725214793020847
244 2.5640923850992228
245 2.5527148767349135
246 2.555849316565479
247 2.4812780398235352
248 2.6103012329700643
249 2.6360146708410324
250 2.6126896437706493
251 2.6506973728980663
252 2.6558947730475304
253 2.6389059375688473
254 2.559074460539805
255 2.457575347175833
256 2.817077613507096
257 2.6765220714926565
258 2.5237332123754705
259 2.729626893997932
260 2.61676138484203
261 2.64366359970489
262 2.5423093006792414
263 2.493275064733779
264 2.6697868808513863
265 2.5898530349085904
266 2.9096470559091094
267 2.587989164155008
268 2.738152603495106
269 2.65041954861099
270 2.845946717888711
271 2.652392256339231
272 2.543686248396233
273 2.5883444998529277
274 2.623110967797714
275 2.7475106456167215
276 2.6747314570183383
277 2.6150921834046033
278 2.5376901128187113
279 2.76585555663312
280 2.5065807920755243
281 2.5876372743197846
282 2.6377664378811736
283 2.7144200739960254
284 2.5784619568751026
285 2.611338074378824
286 2.637549170863106
287 2.5653969118916256
288 2.794373547067537
289 2.7139588811820543
290 2.569055339229021
291 2.5785117652535248
292 2.5848329777915096
293 2.529300482641188
294 2.660115682787939
295 2.6858972955498426
296 2.6834553286559704
297 2.550950721526908
298 2.6824366005063482
299 2.5641638492218704
300 2.5281313924051876
301 2.643148241621502
302 2.6239489737188557
303 2.6531383668815214
304 2.6498487586792385
305 2.582726074038399
306 2.6658733658909552
307 2.554161170119068
308 2.5229888547660786
309 2.513729412715063
310 2.8260160683370037
311 2.769309341211996
312 2.6885173559244153
313 2.7382056442906024
314 2.8020244190081436
315 2.5790943718756805
316 2.896975632970159
317 2.638718701693805
318 2.5931187901433597
319 2.6082359568870634
320 2.5940837138951194
321 2.5871710360745777
322 2.6481030908668384
323 2.525687257816327
324 2.6189604008528375
325 2.5240068740065977
326 2.6563423617551902
327 2.802312261179137
328 2.62445494607301
329 2.6053378527205
330 2.6996820792925447
331 2.838380256077665
332 2.747266733501697
333 2.723128825787608
334 2.548492072458181
335 2.666886376102052
336 2.779846117623335
337 2.7151041695132805
338 2.720995962649299
339 2.632767233966508
340 2.638411196622507
341 2.528601927067863
342 2.608616542314055
343 2.764193456618947
344 2.6343408543331726
345 2.6578364106827075
346 2.6420614404205853
347 2.587603360330723
348 2.5753606341725845
349 2.60380076736543
350 2.624792764004146
351 2.533304018635462
352 2.6687810869623276
353 2.7046632632846497
354 2.6203261624731042
355 2.513950286369
356 2.5542339431562104
357 2.763334191924712
358 2.5437827779546214
359 2.614600871641946
360 2.7478462818759963
361 2.7208955408217785
362 2.6435549788806108
363 2.7386749979171268
364 2.54353078530809
365 2.5124362194660286
366 2.6794315057554234
367 2.59224274148243
368 2.76832451049877
369 2.710162979592247
370 2.5671345475223752
371 2.646148830341867
372 2.6717376802257586
373 2.6556059212412566
374 2.5427556344391853
375 2.6928945052194075
376 2.488567503173026
377 2.7005416586259803
378 2.5538759334116645
379 2.6580782611472085
380 2.6369391444961185
381 2.814047007734442
382 2.48071199142258
383 2.586704706428169
384 2.495873287945549
385 2.7037801614783534
386 2.5288570231450374
387 2.681184756891964
388 2.5750266181393577
389 2.5888308357447123
390 2.7284076494688603
391 2.6068862797644656
392 2.6158153863356084
393 2.68938618301399
394 2.7469799123792153
395 2.611030767616147
396 2.655998138496916
397 2.766188835470945
398 2.6152117208558425
399 2.6899165174629354
400 2.628045483902578
401 2.5778497150268382
402 2.644426658156661
403 2.567122526247435
404 2.5913363626500465
405 2.665181003431076
406 2.5991650530439077
407 2.628850122253659
408 2.622434771766331
409 2.5179449589008858
410 2.542363511508216
411 2.8283804308855958
412 2.549332485138023
413 2.66426072239121
414 2.718524489933238
415 2.505488415178806
416 2.686973398499123
417 2.5966315800452575
418 2.677025975608612
419 2.6325697783948
420 2.544610546198711
421 2.6786364794967703
422 2.837061561216273
423 2.5461071096115635
424 2.584287884674563
425 2.6257321564257983
426 2.598396441874584
427 2.6183646506825577
428 2.5073027148029494
429 2.6897640303735737
430 2.605256346630923
431 2.602769773477881
432 2.6538189678276702
433 2.6136392849364354
434 2.6396405966963474
435 2.6129159149937506
436 2.593826799636443
437 2.591133790256524
438 2.5952008605327546
439 2.437251636624368
440 2.6297247223473836
441 2.6488443378621587
442 2.549749442395862
443 2.65652413359743
444 2.616896235387322
445 2.517117907984546
446 2.637403476477909
447 2.6316199789575134
448 2.5262100412047026
449 2.643869064925776
450 2.5353444428669403
451 2.651873279067834
452 2.5365309051245326
453 2.6328688925124255
454 2.6677785399226392
455 2.6427825295195424
456 2.482820969577933
457 2.5797298912379465
458 2.7105816672031326
459 2.58255574198987
460 2.4907311610892977
461 2.6462403766419733
462 2.5506223583307848
463 2.7378145014604756
464 2.5921479774731586
465 2.8788750758665445
466 2.518424948998984
467 2.611683245633322
468 2.543448398812307
469 2.698802456208859
470 2.5566519306848225
471 2.6500918584079245
472 2.6245709269148225
473 2.616984403998056
474 2.6214451603504956
475 2.557590464625545
476 2.5838999583755626
477 2.604675082317651
478 2.5959225900159963
479 2.6149717081901303
480 2.606748688218856
481 2.714163415949226
482 2.5974387376389454
483 2.6700672822467113
484 2.545117601216053
485 2.4518951003352663
486 2.605882005403414
487 2.610892092721363
488 2.6083049633158937
489 2.5293229943865705
490 2.6114089361634547
491 2.5858573195851515
492 2.6671948102049634
493 2.5428244364065415
494 2.651957597128223
495 2.5364309972550645
496 2.7473485446093706
497 2.610474469735196
498 2.660673564831861
499 2.8087237213066416
500 2.572451877997805
501 2.6326235755296503
502 2.583366555547616
503 2.6001980966226093
504 2.64886502831381
505 2.629669046274421
506 2.5668252379977767
507 2.6710912673712786
508 2.6627061235828364
509 2.6190274271051313
510 2.6920241481797365
511 2.5825271699660055
512 2.59771842462568
513 2.755058238653259
514 2.7046341644158174
515 2.7140819131794656
516 2.597757135807311
517 2.500941007765373
518 2.640124153453717
519 2.668350711432882
520 2.589040933102653
521 2.5991246079541774
522 2.581594386649943
523 2.6104760977255705
524 2.609360554685405
525 2.738272466274842
526 2.5895540439521008
527 2.668250031622581
528 2.6520303850828286
529 2.482487624732922
530 2.5975646066692524
531 2.643009702336049
532 2.4866157615490265
533 2.560872644153117
534 2.6494386018898366
535 2.450185045629095
536 2.6078572258571513
537 2.5425729453839234
538 2.700025554160042
