0 10.068020711632286
1 10.018741832359392
2 9.870619660030018
3 10.024008836101599
4 9.909133106295457
5 9.480536635610967
6 9.854615574964571
7 9.412905433014513
8 9.682751065903153
9 10.346484528775685
10 8.91393369001767
11 9.87947231764253
12 9.859288593358754
13 10.226037047981139
14 10.127208828444047
15 10.28167022291114
16 10.331298781003603
17 9.885003732990969
18 10.802024553107541
19 10.256455011279549
20 9.160679107598996
21 7.960433479885409
22 7.475245998506721
23 9.871685622392599
24 7.904374324000747
25 7.722184906398468
26 12.062711277997426
27 9.504562682285405
28 7.292944271319799
29 12.271895482411052
30 9.401997522661365
31 12.048826979073112
32 11.985442975232308
33 12.674520721755762
34 11.206705142937825
35 11.997029195671379
36 12.782889566610265
37 13.09690271082246
38 12.738752072578164
39 8.573116669232597
40 13.334260691203664
41 13.38442986800427
42 12.929909108991163
43 11.363833736165995
44 11.88199985798183
45 11.799047430742082
46 10.463500224445454
47 9.62503590971312
48 11.749435887955915
49 9.694486017211185
50 11.533018744981728
51 10.673048625985118
52 11.149759008173502
53 11.629515208060742
54 8.619039275800706
55 10.871452629915758
56 11.164636235622687
57 11.162157189701421
58 13.091361199306318
59 11.984143344668572
60 11.322725197850048
61 11.353412967937736
62 9.72803626832251
63 9.656097760334244
64 9.832559545333618
65 9.623478784092576
66 9.610435347599127
67 11.722184276907408
68 11.016080649226145
69 10.66004427076881
70 8.926651331470733
71 9.691022949310542
72 8.205340031706847
73 11.706193795025667
74 11.754388622148722
75 10.401920453500747
76 11.05562863344004
77 9.918163632335304
78 8.10609371687593
79 10.511138852952548
80 9.143339590209429
81 8.880447797071069
82 8.83662990930844
83 8.593836484035828
84 10.496306983955398
85 10.607176036054057
86 12.520220685878325
87 9.424574437285594
88 10.051672288604625
89 11.810559684465389
90 10.799610004979328
91 8.695982839800491
92 9.499588032015781
93 7.419032560495587
94 8.934479432929889
95 9.935070227756178
96 7.498840835191601
97 8.730681049363147
98 9.181735356939484
99 8.179702608347611
100 10.788591777271705
101 12.278333867543965
102 9.294499513098557
103 10.491657358246075
104 10.562680968589374
105 9.464254066475661
106 8.86587784589139
107 9.120135115128608
108 10.259778543426338
109 11.997687866293644
110 10.081441362830565
111 10.03873888362028
112 11.990361479469072
113 12.313910354947742
114 10.238340012062052
115 9.493539806646549
116 13.097390837388936
117 9.049187181214618
118 9.928066028565686
119 12.263640007763536
120 11.206757476551596
121 8.702051734557744
122 9.863246700647865
123 9.063613210221506
124 10.024622213213272
125 10.825487064265191
126 10.8487622430558
127 8.380267084534927
128 12.957955776933225
129 11.17479479602074
130 9.639964333120941
131 11.326106299287574
132 11.030053506261982
133 10.069204396278032
134 8.663591304783719
135 10.623061985742074
136 9.062582949771535
137 8.54082453022079
138 13.025613221035595
139 11.097683757000706
140 10.6155804327549
141 10.442432270838813
142 10.400319199516938
143 10.971238043390928
144 10.047244343248105
145 11.039072496157658
146 9.79959705419386
147 11.824630029215932
148 9.250089018200123
149 8.525135469167909
150 8.811741453135026
151 8.686475101899378
152 9.937760209084887
153 9.06177957440975
154 9.718409150038037
155 9.767172118473045
156 12.409287672276562
157 12.076748722917236
158 10.778464727422925
159 11.345702945074859
160 12.672518594506673
161 11.765885559647682
162 9.040095154960063
163 11.543203313722833
164 12.9127914982086
165 12.355508702580627
166 11.943506059366987
167 9.715387044753937
168 7.754580962843089
169 7.571915449583164
170 7.3606149810634856
171 10.490048767394072
172 9.519815052640556
173 10.48134003502102
174 9.97835264894231
175 11.323628138607607
176 10.363923239963256
177 9.333465189605764
178 11.698994016552536
179 7.288622525517331
180 10.132075829268455
181 8.66295635106201
182 7.49882833597574
183 8.460387854534309
184 8.115206769168736
185 7.6531708766540945
186 7.529871124390482
187 9.508535988019775
188 9.930586174251593
189 9.678442834617409
190 11.201962815662922
191 12.175789385848436
192 12.246225022243184
193 10.502765393591805
194 12.286930810506819
195 10.047736467470935
196 9.653137765752655
197 8.012694992456694
198 10.341573512359128
199 8.351315172115028
200 6.300076820107774
201 7.396558200204647
202 7.335699429624608
203 8.453643223529209
204 8.323314077492045
205 7.762117269459366
206 11.568950415676678
207 7.172453111940811
208 7.597805880328476
209 7.371923392129192
210 11.507952147027597
211 9.734066399652816
212 9.16548948717873
213 10.852022606276352
214 7.654637090232488
215 8.833547873197128
216 8.776263957108398
217 11.637760896814749
218 8.327266908534172
219 8.534858392302844
220 8.84900099647448
221 12.879964027857566
222 7.321781048910123
223 8.080903451702232
224 7.733751793148837
225 8.371467890119327
226 7.158814920673791
227 9.49214336149396
228 9.710685130554499
229 8.730875907693429
230 6.9794999816817604
231 8.80058663847227
232 7.472872938663427
233 6.951733964952169
234 7.430077338317435
235 9.238390939175662
236 8.499994186220691
237 8.623772372146568
238 8.450575607406133
239 9.396172369266658
240 7.732741286589958
241 8.501203331469743
242 7.655058019592274
243 7.62336924826809
244 7.679854122204284
245 7.121018787571467
246 7.061027970629692
247 8.455919496838368
248 7.281876887086502
249 7.715767543967928
250 6.661143874725609
251 7.510620299513657
252 7.610475270214871
253 9.11005330173466
254 8.215964754635806
255 10.263134967756578
256 8.223995854611214
257 11.12070571885698
258 10.66644154073569
259 9.117129666240281
260 10.416425337858614
261 9.74993233868635
262 8.542528318992712
263 6.8892278833127305
264 6.888666409399143
265 5.213068845977095
266 7.4003714895728185
267 7.161244761429926
268 6.629926213050059
269 8.099214022454882
270 9.362253408668472
271 8.617626179487491
272 10.25406123698009
273 8.357775808710798
274 7.3775126420253185
275 10.32440705028435
276 12.109499047379076
277 5.6282835398571125
278 7.3319330752273615
279 8.230103036387
280 9.359581393556402
281 8.943726367526729
282 9.557026187311244
283 11.15119183887209
284 8.761347752904468
285 8.953998949315283
286 10.978328644968524
287 10.185874087710175
288 6.815109166114972
289 11.834650224708813
290 11.265956804442666
291 10.781409442513196
292 10.71169804896088
293 8.865205236932333
294 8.879428310606343
295 11.37845714333417
296 9.4966731166922
297 8.80153864156961
298 8.319771423342917
299 8.774370830392535
300 8.928127603963759
301 8.433092266612823
302 7.092743015232116
303 9.022047240780402
304 10.94128624039233
305 12.579969157058366
306 13.2418345797593
307 9.011154923430638
308 11.875834234253945
309 11.034031394053109
310 8.16927872314774
311 7.6246845048705865
312 7.779434304676311
313 10.622654068620411
314 8.2984154175589
315 7.662329030691231
316 8.647996386938825
317 8.424216759275254
318 9.53645088726413
319 11.108757656682027
320 9.097281391354194
321 11.681123697331552
322 8.305050555571173
323 10.542619517399457
324 10.888592159523938
325 12.366437583810047
326 12.743274803529248
327 12.243969507205863
328 12.181700122579553
329 9.84812792024708
330 11.158640346802766
331 9.190312620376641
332 10.47334446179161
333 7.974509264473219
334 9.24815285825263
335 10.593550150690383
336 11.071623738811324
337 10.011863202064696
338 11.522535767137828
339 13.190257004420921
340 10.937580437852048
341 13.45160434696271
342 11.422389599575034
343 11.571948181016404
344 11.318085160421404
345 8.769732648828583
346 11.347977719049402
347 8.827086978204257
348 7.7471319811271515
349 10.908216185931337
350 10.970331964016808
351 10.240102854024169
352 9.410142644188683
353 10.063756178679668
354 8.17442577166577
355 9.971720275787378
356 11.447672771396446
357 10.734726890022985
358 10.922076804778838
359 10.584262437011123
360 8.197859657375503
361 10.562837198983102
362 10.161913719187112
363 8.246490760734032
364 9.483775272565378
365 10.36073589901579
366 10.539162786324775
367 10.538567107153233
368 12.661562727738728
369 10.451174199830861
370 8.021840524395557
371 5.121351066042234
372 7.517916163969165
373 9.961491745166533
374 10.543117075066547
375 10.187513335145876
376 9.49346602234607
377 10.173710673625006
378 9.42794187505663
379 8.704658756818121
380 10.055983822121437
381 8.316856481875892
382 9.628492762194574
383 8.35140554876706
384 7.779976602159404
385 8.851089208838598
386 8.97799891176954
387 7.219674498209597
388 8.33033746158046
389 8.392812558524572
390 9.587312961548276
391 11.06149472545359
392 7.966838450486164
393 11.966509827221946
394 12.308582453573399
395 10.736246486014709
396 8.705421208105241
397 10.47231456539955
398 11.809891063262109
399 11.432477423857517
400 10.19098204721217
401 10.184942849767634
402 11.600413949541588
403 8.940537692635242
404 10.163181323249761
405 9.33694881891771
406 10.312433798549131
407 11.014393098901161
408 9.05748344179494
409 9.864674031880291
410 10.845117169862947
411 11.306116283720657
412 9.523066193825212
413 9.168873450914033
414 8.843043808335908
415 8.344931673804957
416 9.938353505892742
417 8.070190839410932
418 10.56344709916532
419 10.855392859775632
420 8.59454057601438
421 9.903049752813109
422 9.825768066873223
423 9.286677617144038
424 9.820877544606015
425 12.139273354401439
426 12.143520104261261
427 9.957444070429384
428 11.323719567552294
429 11.08464690937375
430 11.332313569043537
431 10.306433842135245
432 11.580724028008804
433 11.111858383113882
434 11.539394906755518
435 10.62081893953163
436 10.831406858142746
437 11.17413106629185
438 9.283591891826463
439 10.392630960638392
440 9.324322634568452
441 10.230445858104797
442 8.291625839478616
443 10.123082758960871
444 11.656540358926987
445 9.384197143605688
446 11.098652894278539
447 9.084469464425718
448 9.528009227433962
449 9.271194251471007
450 9.597741136328962
451 10.039453148749244
452 10.851065524957443
453 11.39499017030516
454 9.288470024331962
455 9.921100663013107
456 10.824377701886824
457 9.871025787679592
458 7.5861197703287
459 10.6869769245555
460 10.425034799091579
461 8.681345986641592
462 10.154254249666426
463 11.013505319370719
464 10.721539585095872
465 11.234875659145558
466 9.8963816577364
467 10.907901022556903
468 11.333851183339485
469 11.40872886250339
470 11.707505694584896
471 8.124454521606989
472 11.570262945712766
473 9.339903518548601
474 12.536359609037468
475 8.613219848401455
476 11.359845677004525
477 10.90291398288021
478 11.761755624867751
479 10.813186758659052
480 9.974583819309364
481 11.741751060402608
482 11.589431184510193
483 13.050340698043765
484 13.354375987127758
485 12.328487908309206
486 11.79834284624356
487 11.046970350277117
488 12.528891590304688
489 12.05767353419267
490 11.590219449781411
491 11.359475166414859
492 11.754965565334897
493 12.600840175984588
494 11.189171374507652
495 10.508907090759326
496 11.668050705022631
497 13.514263399773426
498 11.516927968367778
499 10.482854593720957
500 11.826240078747343
501 11.955327555550737
502 12.501360593919188
503 11.231621402943757
504 12.136763778650296
505 12.09053388741345
506 10.932208277830325
507 11.252359889374208
508 10.939213542322227
509 11.862955014680153
510 10.447112305658305
511 9.38940442776085
512 10.806418832224601
513 12.232203156887843
514 12.192364870727289
515 11.498217721152708
516 10.529897075820173
517 10.199211880445826
518 10.275988102738742
519 10.523231587507922
520 10.127462795110802
521 10.585428464534978
522 10.598049064196026
523 10.664940663259136
524 10.434322856095594
525 10.79015243734063
526 10.570821003753215
527 11.507565974844253
528 10.530020525177104
529 10.808568185255172
530 11.856064252419499
531 10.401661918509392
532 11.940354724476661
533 11.796478376685616
534 9.822832029101487
535 10.278640014052502
536 11.416214801972345
537 10.680799841633105
538 10.707550520633452
