0 14.131524795608353
1 13.824805350566232
2 14.166054620524532
3 13.611847522230807
4 13.832257852407714
5 13.75877444208358
6 14.604379689633943
7 14.675669690818545
8 12.459266132764192
9 14.028920421975242
10 14.416590597121123
11 14.755657430735015
12 13.85371472525338
13 14.346969664660712
14 14.385364997532582
15 14.06909060412733
16 14.186100358331156
17 13.412536480080007
18 12.530940347536017
19 13.276732765229722
20 13.929275802354109
21 14.064543562621774
22 12.84243728394221
23 13.932688344172625
24 13.796957549458835
25 12.598909789421388
26 13.845634378377865
27 14.629958165177925
28 12.138189122004952
29 12.65867002515323
30 12.944036893568422
31 14.91154770844066
32 12.683251148572351
33 12.756738391447051
34 12.030795633430136
35 11.395356147266542
36 13.11532405340624
37 13.014477849718475
38 11.303631422161482
39 13.976627249677229
40 14.02104106663571
41 14.234170326862506
42 12.984106541381756
43 13.826247543557287
44 12.111066144005271
45 14.096873743164863
46 13.53137562446048
47 13.454300210499262
48 13.612937079714335
49 12.48268956337694
50 14.246624109815452
51 14.067804867254207
52 11.962853977080066
53 12.817855607683331
54 11.664055269074082
55 12.187132855748457
56 12.159808145097657
57 13.216393558134435
58 13.538757336482739
59 12.412723526602162
60 12.351926731545738
61 14.180986713272633
62 13.482681528254043
63 14.619663786450456
64 14.446645890679681
65 13.040688470457917
66 12.502825432164721
67 13.002451425945267
68 13.151622591353966
69 12.217981573185654
70 12.796385157727787
71 12.135510899657229
72 12.696188331167406
73 12.015891542880333
74 12.96574549581416
75 14.75058454222326
76 13.180476476997987
77 14.20958509282955
78 12.752735322365815
79 14.114164070972961
80 14.771687546793261
81 12.711890962281696
82 12.30820619959514
83 12.070938126838584
84 13.79988230316282
85 13.31096409117356
86 14.186199066461215
87 14.124073860493038
88 13.56582245629731
89 12.791952402076031
90 12.835000134362618
91 14.291721518643437
92 14.43034578583792
93 14.858134995157894
94 12.177747983573603
95 12.998422139260406
96 12.69302810253051
97 13.408320895526778
98 13.416239967959573
99 12.878243635264882
100 13.20419815622473
101 15.48807501636354
102 10.962884041267358
103 13.059969739538342
104 13.121486078147385
105 12.952025638444395
106 13.804015963466483
107 11.748366636226645
108 12.55345497611463
109 12.456162749524553
110 12.636448882278268
111 13.816768683826158
112 13.68941632978218
113 12.838222290732812
114 12.661347931619535
115 13.3066929304315
116 14.029942876739648
117 12.037233530429331
118 11.16584067458523
119 12.680416193838116
120 12.45597859390337
121 13.579664144835453
122 12.936353565238914
123 14.130171641797796
124 13.002329905110209
125 13.201361582392977
126 13.38465588690984
127 13.830534469725126
128 12.509970603613345
129 11.262987647794596
130 12.565137185790284
131 12.176487638834082
132 12.42532596799154
133 12.761049991805418
134 14.037489740341949
135 13.753506214106453
136 14.699010249467774
137 14.293068042426361
138 14.506327060715613
139 15.196429592742188
140 13.486168185654472
141 12.831823668111168
142 13.51703060844435
143 12.919245019185857
144 12.417097710440316
145 11.453273770494878
146 11.915609299280767
147 11.776948119234154
148 11.550329845220581
149 11.958434439938708
150 12.009907919615813
151 13.013602330936244
152 11.390742967605117
153 13.463839821800931
154 14.106905116640302
155 13.609889198691144
156 13.142431093855917
157 11.764083574581855
158 12.946428317252451
159 13.199142591030954
160 12.873146153635316
161 14.635400635482481
162 12.48333987496716
163 12.516421606593195
164 12.587183178574294
165 11.791007642983091
166 12.58990772602197
167 12.550160696079143
168 12.28154105628393
169 12.790370991378982
170 14.13539138486105
171 13.62299747006698
172 12.394874423067577
173 12.566323205223116
174 12.67371831360135
175 13.112995596355754
176 14.93495731652104
177 13.308963181826648
178 12.88773916274866
179 12.041901985495546
180 13.905401377933991
181 14.792216738877185
182 11.934873998930172
183 12.845474476666983
184 14.232463833759148
185 13.928424133646242
186 11.831337009986058
187 13.297614173172054
188 13.143287702844184
189 13.98595892509003
190 12.891233322353695
191 12.391138009746072
192 12.573367443062647
193 12.883847068489956
194 13.211749608860945
195 13.25305536087903
196 14.032259193298703
197 12.430696568822631
198 12.915943470111184
199 12.96352952216024
200 14.43944376358482
201 12.626283087300404
202 13.456875943563766
203 12.621410913974042
204 12.519245398224987
205 14.849469194947261
206 13.796217290491674
207 14.590306111842201
208 11.998584990776735
209 14.06617340951291
210 12.201696506484806
211 14.292265233357647
212 14.706632881450282
213 14.300435308630163
214 13.364087008632026
215 14.722477534096557
216 13.456730074024374
217 14.216324326160043
218 12.824569024576032
219 12.254657351537857
220 13.427427164618232
221 12.848166962866966
222 13.87190391759851
223 14.982427178019034
224 14.132005660128627
225 13.888323112508434
226 13.607909934139874
227 14.54309583759519
228 13.289261977487131
229 12.684923932243004
230 12.584245851554321
231 12.337773252461005
232 11.779828597915799
233 13.751229837218162
234 12.985626142110359
235 13.208653819642329
236 12.745669898578772
237 14.54723244485723
238 13.722482940354006
239 14.520332198974963
240 13.962706713271777
241 14.39386877011241
242 12.800800464475481
243 11.354677202062133
244 14.809298423659541
245 12.625809859402052
246 12.586074336766403
247 13.032993431912974
248 13.10924483163118
249 13.38306150122295
250 14.895373770583003
251 12.865634053763879
252 15.050905681553294
253 13.424038052716963
254 15.330169405195585
255 12.780414370310302
256 14.397877090513562
257 12.721747600313138
258 12.548324276855901
259 11.988991707609772
260 13.135390933645112
261 12.680486770758584
262 14.792903727774691
263 13.135348595518124
264 13.15755015717003
265 15.582642000924336
266 17.795454694232333
267 13.207116083965868
268 14.710922466030485
269 15.438784990056558
270 14.257340874830621
271 15.04574951511378
272 12.382002688151303
273 12.769905092326951
274 12.679724083679732
275 12.729953623293897
276 15.19929262129657
277 12.53167825690078
278 13.038252011060196
279 14.92154797371466
280 14.11055375065937
281 13.842913308699623
282 12.862193155160297
283 13.890509438495402
284 13.994273423056375
285 13.565865539331941
286 12.841521409348015
287 12.828979762113535
288 12.505797823132202
289 14.156517022342943
290 14.885592420049152
291 13.896302211811179
292 13.659665760144852
293 12.004986640750742
294 13.568543014997282
295 12.017235162135881
296 12.20196743599763
297 12.371939134031054
298 13.211521659265108
299 12.601225274555066
300 12.744048714403528
301 13.436965942024889
302 12.454547329709715
303 12.980076975554056
304 14.28911510024757
305 15.19835345754481
306 13.922232459051664
307 14.440796385274005
308 14.419289971918749
309 12.381508160810569
310 12.294796743868417
311 13.514982727253694
312 13.128027064626622
313 14.037795896758789
314 13.191790789458796
315 13.053925769046804
316 13.026371609184555
317 13.157246852091466
318 14.523876429239786
319 14.471855527311005
320 14.679487089041583
321 14.84159951615906
322 16.078475120727457
323 15.311919610725814
324 13.266391313192438
325 12.853812444404719
326 13.610189582503793
327 12.85484234788679
328 13.18325303964361
329 12.529299941979879
330 13.305392610075993
331 13.721322641323626
332 13.652342013893632
333 11.36014018086337
334 15.170217275719596
335 12.922963456900172
336 12.596869903133744
337 13.92129640452601
338 12.388846534146133
339 12.420468019763428
340 13.00877336942679
341 13.185656201037911
342 11.2140572136907
343 14.50087173669851
344 13.213851878521051
345 12.536389536372356
346 14.303332193294393
347 13.633538650178997
348 14.061054500080497
349 12.629660734324707
350 12.702726916218854
351 13.935180170208637
352 14.683201893594873
353 12.826494592356026
354 15.10700555209035
355 13.931620519567769
356 12.756270380479803
357 13.961763969818119
358 14.425931734224244
359 13.237555683010555
360 12.900083935933882
361 15.67550991800947
362 13.991966787613705
363 13.916449805200896
364 14.202691661772185
365 13.254333687355144
366 14.841135257413056
367 14.477903973846319
368 14.836102800693169
369 12.176699561987538
370 14.853391277093717
371 14.072118666917474
372 14.217125376831959
373 13.036887675862886
374 13.979206866031767
375 14.906103115062637
376 14.84220665285691
377 14.563163825655181
378 12.250641137848913
379 13.460244482996584
380 15.02296110682905
381 13.297320774633237
382 12.14215146369586
383 13.365589010924658
384 13.528006074789333
385 12.377120084917541
386 13.043671100330355
387 11.94174439948916
388 12.856207835392187
389 13.061243367424048
390 14.614967922835971
391 13.022650214684043
392 11.269598176855995
393 14.34752621159583
394 14.369388042441038
395 13.833132980566862
396 14.867435809806693
397 13.52373515875469
398 14.802465873412363
399 12.477516589618366
400 14.125345965509366
401 12.79352740292807
402 14.32348763643211
403 14.490875823075033
404 13.528050361203
405 11.892200551455067
406 14.239080805616936
407 12.257491404429194
408 12.159434952836635
409 12.579837370722927
410 13.632582826142416
411 13.086451727146194
412 14.154793569286126
413 12.757436795216758
414 12.571629325762359
415 14.279782514394379
416 12.540306844975524
417 12.57943999631147
418 13.675784884810803
419 12.665202662235561
420 12.292694994300987
421 14.331933923511427
422 12.173089976621243
423 12.60277427552184
424 12.666711554463136
425 12.320732665068302
426 13.106156168288628
427 12.67940519798173
428 13.079935343319075
429 12.766796310806727
430 12.635480362300417
431 13.644055444464339
432 12.441506565069641
433 14.129816743346163
434 15.505665415580058
435 14.017293337618275
436 13.71628798573148
437 12.333895520353696
438 14.178073619081186
439 14.938288712029998
440 14.005481052652602
441 14.128372209589243
442 15.201604809351538
443 13.535745045787063
444 14.928490165947151
445 13.17968550667764
446 12.901591619611247
447 12.676842169745324
448 11.92515740035292
449 12.481785416223845
450 12.227722167569034
451 12.915048736508249
452 12.351030068885235
453 11.679914416618724
454 12.45532339691055
455 12.171796056385165
456 12.254686730241122
457 14.592452621658303
458 12.664696664033764
459 12.222287578551114
460 12.424747069779265
461 11.81813675232541
462 13.292774639868115
463 13.474127385924493
464 12.821826890144056
465 14.436270604291932
466 12.544435197098254
467 11.957584703171815
468 12.641176384712011
469 11.561608850432783
470 12.806958299091063
471 13.834898740539204
472 14.452589194888947
473 12.316493850597118
474 13.553569716636193
475 14.175247336590065
476 12.65104344410788
477 14.169597049020911
478 12.535514590527555
479 12.279282754621233
480 11.363266984939058
481 14.24787795883099
482 12.41504668205415
483 12.377202983602231
484 12.505528408435982
485 13.18576978361227
486 12.168376579195494
487 12.11733820466646
488 12.724403866729668
489 13.215321038316258
490 13.758121851000435
491 14.353412145874781
492 13.24867682373533
493 13.182147992830366
494 12.624640173357326
495 11.819624527653543
496 14.671349297356832
497 14.90684442064604
498 13.323459826069724
499 13.095949308481265
500 13.02736815310704
501 12.772244548453143
502 12.64721199514342
503 12.61915058704507
504 11.870400827834168
505 12.979991659669702
506 15.345449610211654
507 12.679418560084265
508 13.25326544380262
509 11.868915339505834
510 14.535831604426038
511 14.970556996660738
512 12.156548143817346
513 12.492184188814216
514 13.334835821449223
515 14.566665602498743
516 14.660477684972399
517 12.450079099142823
518 13.888500326512107
519 14.868938881201519
520 14.676724744797525
521 12.678776765524438
522 14.092281305074284
523 14.621596912276884
524 15.693725723206288
525 15.972043015729891
526 13.835961850146171
527 15.319123339933396
528 13.255084143614363
529 13.08186569240553
530 14.984339173374709
531 13.150354119000696
532 15.482000614869385
533 12.402507939661314
534 14.750055816610672
535 15.195422995806714
536 12.970841759998569
537 13.306860917943037
538 12.515845788675517
