0 16.42831726866622
1 16.07679702646273
2 16.398904384077344
3 16.117788225692426
4 16.02073162694192
5 15.946087215526813
6 16.62945052778569
7 16.79802459617581
8 14.851728019599653
9 15.730170696442109
10 15.984865742976648
11 16.395204720630193
12 16.002495213176502
13 15.978766727620325
14 16.15271643808549
15 15.970353658383393
16 16.20787876144095
17 14.907168283576272
18 14.895805811545136
19 15.377261532636776
20 16.09071178990505
21 16.61096015903661
22 15.693858770314764
23 16.067263921303052
24 16.296131872250996
25 15.631156210240816
26 16.457357673846662
27 16.34152463420033
28 14.056814739888893
29 14.896497897290162
30 15.71556537112094
31 17.52747454205914
32 14.895753918088657
33 15.148416426411139
34 14.547636730704909
35 14.477713869514929
36 14.591021193622854
37 14.248230689696292
38 13.872439994793053
39 15.957985321440189
40 15.397690863633226
41 15.440907448335771
42 15.374494425159513
43 15.393901729319149
44 14.084075974773189
45 16.013889570280497
46 16.41714005917161
47 15.048748005066058
48 15.772995395006786
49 13.917161764100822
50 15.777885498637955
51 16.46127664367657
52 14.05462271931627
53 14.925379980674306
54 13.221438769701354
55 13.222481686162402
56 13.979348889319672
57 15.100703014445749
58 14.933303995836392
59 14.144376377130257
60 14.014564063131898
61 15.809804650795893
62 14.32335880788812
63 16.95124647859048
64 15.860363952698327
65 14.062843508612897
66 14.327910612924715
67 14.952648061185505
68 14.655875141800347
69 13.741943418454541
70 14.520188438954023
71 13.670984096564347
72 14.244956562872352
73 14.004479243964377
74 14.908074333849637
75 16.547038115064836
76 14.866187171013816
77 16.244472625231765
78 15.28946047573365
79 15.283292333703699
80 16.626069606778064
81 13.969416638840332
82 14.258824599441953
83 13.793936747549493
84 15.8338321418348
85 14.591057955575002
86 16.867114035598316
87 16.525951139002352
88 14.72062531003722
89 14.698496916878163
90 14.998314002843083
91 16.155499744579487
92 15.865489202696144
93 16.877782072145592
94 15.234565944127528
95 14.728236388976784
96 14.393076609934043
97 15.00890806023742
98 14.912520699121298
99 14.690182648228042
100 14.94178228133454
101 16.90267995333186
102 13.180576383795923
103 14.219271747780914
104 14.511351702236368
105 14.620119522639506
106 15.742272660258099
107 13.147470219800077
108 14.361284275776416
109 14.476882176520652
110 14.35045655984361
111 15.505409438481765
112 16.115400174406666
113 15.012925763617064
114 15.185905866609883
115 14.969495045950199
116 16.785751691991198
117 13.507569072791203
118 12.621684594538433
119 14.541465827000975
120 14.192372786193935
121 14.82465082347115
122 14.11649021107226
123 15.51196638454774
124 14.0069699536131
125 14.501097144371279
126 14.593553314445712
127 16.04746015702026
128 14.686823640183496
129 13.650457053001412
130 14.721597879526357
131 13.544183049797825
132 14.189845028768344
133 14.6330518964726
134 16.06999788198472
135 15.200078020616935
136 16.326920975797844
137 16.154455327155553
138 16.40168851967581
139 17.304300331719574
140 15.170365118697656
141 13.428750928832788
142 15.154993945551443
143 14.153071649528556
144 13.874649250760209
145 13.116892899954284
146 13.146850513965227
147 12.798564719063258
148 12.617802841314342
149 12.577370038954127
150 13.87246496719872
151 14.705653627030376
152 14.793587940001233
153 15.797485129568813
154 15.855884594194446
155 14.504877035110363
156 14.955078174466797
157 15.166620670290392
158 15.3436145627241
159 15.011782320139012
160 14.838630763860023
161 16.43933915659006
162 14.732851219531293
163 14.363083793677223
164 14.385734533560196
165 13.808684989551272
166 15.773283781543483
167 13.982398384444057
168 14.092320715268407
169 14.28840212123946
170 15.945918722144045
171 14.694163300634965
172 14.7955653399878
173 14.250304510323256
174 14.187849547701997
175 14.928843071628654
176 16.898869380039883
177 14.534338418152199
178 14.741270042107011
179 13.825083615542734
180 15.767525709044728
181 18.00169347166365
182 13.276756748265834
183 14.81491078552458
184 16.50865891133062
185 15.711439221478765
186 13.928877366526446
187 15.16476806316452
188 14.92552204910027
189 16.609628322039747
190 15.172065294107488
191 14.862137338648104
192 14.300643901269023
193 14.329095705530014
194 15.381300726312997
195 14.774939940097747
196 15.052285053780832
197 14.161958292568706
198 15.131733169150236
199 14.126639290466063
200 17.078799609879248
201 14.54341987693989
202 15.32671086833916
203 14.255982711303794
204 14.574713883326917
205 16.00676343501975
206 15.901320093677638
207 16.34144395043784
208 14.39667490137424
209 15.474860916013615
210 13.71485584499553
211 15.385923858379211
212 16.41550828368934
213 16.130874375124524
214 15.607389707567625
215 16.324717862482796
216 16.835372357118928
217 16.767903329965137
218 15.077886434348743
219 14.287063922887521
220 15.308864301981412
221 15.008999823080968
222 15.861958289031575
223 16.92198230766222
224 15.858542772549937
225 15.843768496151773
226 14.855920251482534
227 16.63930898927685
228 15.614060861205905
229 14.590109867883044
230 15.778539911360436
231 13.831645365495532
232 14.09766962124979
233 16.076238619074214
234 14.843179138218238
235 15.633780932324447
236 14.961249421151726
237 15.835912210054508
238 14.79541933198349
239 16.622472860660846
240 15.808212007808896
241 16.166902478466348
242 14.76609858257204
243 13.324410870565938
244 15.948204866411055
245 14.990836805647447
246 15.016010520596259
247 14.232382461304063
248 15.170016681208088
249 15.066332407632084
250 18.01798603182198
251 14.44761317029594
252 17.137367935412648
253 15.199989752775446
254 16.269204420783552
255 14.301534914390311
256 16.1829745731467
257 16.026915306218076
258 14.110940022124762
259 12.9976540914034
260 14.086025515132805
261 15.193413731139932
262 17.116471083940116
263 16.159103823546662
264 15.720816372272141
265 18.736492414690897
266 20.364537845374013
267 15.791694648723535
268 16.23621766588433
269 18.172917289183186
270 15.845696694277617
271 16.978214639220923
272 15.41448647271179
273 15.292105022546444
274 15.46500653490624
275 15.05446865609695
276 17.082876017280906
277 14.515834558823425
278 14.097843431468206
279 16.403705659812516
280 16.595933737175457
281 15.189195959419619
282 14.55235924262945
283 15.700640040994585
284 15.69419473159297
285 15.369389750777838
286 15.541532776105758
287 14.26720655312355
288 14.424995596123575
289 16.081473726746122
290 16.30672019485266
291 15.91308343849414
292 15.469899713422887
293 13.976963419469438
294 17.150286928308855
295 14.187979052983051
296 13.607007667593408
297 15.00479885871286
298 14.891928207330986
299 14.39635343975345
300 15.834185125675376
301 14.847483019995073
302 14.380143279644962
303 15.361825879481184
304 15.84308283606895
305 17.458371881560197
306 16.612935850392244
307 16.47741889270756
308 16.25306736682916
309 14.936151720607816
310 14.517535849034672
311 15.491062404906858
312 14.35499856318888
313 15.660989816855766
314 14.72029698410407
315 14.9480968912213
316 15.357814069971575
317 14.806879060414627
318 16.431606001192687
319 16.302509608800495
320 16.21607732048762
321 16.273976644746025
322 17.21935719689511
323 16.559244642961406
324 14.719422849347453
325 13.823585034821814
326 15.369489633288032
327 14.306606814231529
328 13.799952730245366
329 13.80999031512872
330 14.006207110520759
331 15.502637300744029
332 15.372428983119844
333 13.246668709194893
334 17.114000750617368
335 14.532038288662523
336 14.215165853673655
337 15.30458404840105
338 14.172058522776599
339 14.510113942490582
340 15.132041141170852
341 14.974151003319143
342 12.653196649285398
343 15.931927196910086
344 15.333726512504816
345 14.400783169906576
346 15.924627950267656
347 15.672090247005743
348 16.235962729062194
349 14.999836558902121
350 14.598545058300306
351 16.22161204120265
352 16.544752417737456
353 15.0101187706788
354 17.071590437653892
355 15.115889590867615
356 14.255273231585774
357 15.197911545254293
358 15.405799636221472
359 14.784476590508012
360 13.691666807183074
361 17.227930338777718
362 15.873334729080469
363 16.4798993015313
364 15.769065060650295
365 15.245992270381851
366 15.840233752680925
367 15.669838462045297
368 16.76385559814935
369 14.301736203920639
370 16.863037301221272
371 16.612769360910907
372 16.150863367559253
373 14.903824267552789
374 16.477845969445237
375 16.919833906446968
376 16.556143901120944
377 16.45468164338311
378 15.292577550721974
379 13.7898479777646
380 17.151751877598315
381 14.699189102623082
382 14.4430611558116
383 14.510398594941124
384 14.712731174048992
385 13.756687614417645
386 14.700250177783934
387 14.213727073304813
388 14.90907519435251
389 14.913536924907815
390 16.73387663227406
391 14.254332384224865
392 13.034778685254535
393 15.503048197416774
394 15.95814101751085
395 15.441748132901104
396 16.895279028132318
397 15.04733946911513
398 16.3924018224999
399 13.609875182985693
400 15.82518629603985
401 14.050607341951759
402 16.08387016794959
403 15.635683121903059
404 15.363400697475019
405 14.507261401720651
406 16.112202518451856
407 13.759004106139967
408 13.894729819828166
409 14.857472696961072
410 16.264388348716167
411 15.259732559354836
412 16.405253686367065
413 14.335369105556323
414 13.576626120620203
415 15.956395193791076
416 14.443176069465888
417 14.965228303669706
418 15.644380336597214
419 14.800321288878
420 14.731988824121707
421 16.707878422977668
422 14.269966273086556
423 14.478073988073637
424 14.667337180492733
425 14.7541969318557
426 14.819306207730438
427 14.922219598901307
428 14.993227957422043
429 14.410895717280352
430 14.570942637083322
431 15.568524737497535
432 13.943628187994246
433 16.219270462011533
434 17.149848733764244
435 16.153068634092822
436 16.037224642894394
437 13.843718493282555
438 16.546715091770942
439 16.676114127747777
440 15.891144734578473
441 15.836073122522558
442 16.991527413678416
443 15.13981011094812
444 16.355196148126126
445 14.76575555053083
446 15.004064647569027
447 14.405031577423001
448 13.795427281875131
449 13.980718615082042
450 14.092726313497442
451 14.508213421018008
452 14.429235481013889
453 13.792630087013295
454 14.099363320191303
455 13.754260379593214
456 14.842711287096302
457 16.12647202368751
458 14.902914767065699
459 14.145944426050136
460 14.504680009179758
461 13.484364081595446
462 15.451543776612793
463 15.354052644819713
464 14.814701321520092
465 16.448499133365306
466 14.986027831461668
467 14.056224486249816
468 14.730406651881042
469 13.30272312880888
470 14.892100265812653
471 15.669760238572335
472 15.926031007777684
473 15.400977564136955
474 15.67102422667212
475 15.755578647787944
476 13.835634926312423
477 15.85260318758145
478 14.528947149213279
479 14.291066586878
480 13.609632102752588
481 16.97961120271402
482 14.516959921240273
483 14.60094936691093
484 14.22198600851496
485 15.179602143300377
486 13.980645087189504
487 14.705312971917182
488 14.77982193978057
489 15.04523708548164
490 16.486490408196932
491 16.945667725877883
492 14.651037532424834
493 15.41319234671083
494 14.348055678376207
495 15.54915662745284
496 16.65824102679354
497 16.197532380781414
498 15.028566358316297
499 15.842959595980792
500 14.946487448705
501 14.327057960854088
502 15.268662412064499
503 14.787213851316022
504 14.03347608536624
505 14.8670788997331
506 16.98743925075841
507 14.801383054908476
508 14.156218096817351
509 14.004176501368281
510 16.866027268495348
511 16.588018134853606
512 13.811058900660358
513 13.953747144840504
514 13.778114480714223
515 16.547716827394055
516 16.95730628640195
517 14.479380329365707
518 16.085584982644036
519 17.028903247567197
520 16.199234610295896
521 14.269527547838553
522 16.471273836121956
523 16.61520681881161
524 17.456756686769722
525 17.321539427802193
526 14.593077645782133
527 16.50851649341582
528 14.802529149169947
529 14.324749732640269
530 16.827690230824704
531 14.60197167267238
532 16.446740990602223
533 15.74464164173068
534 16.046934526336173
535 16.476024298324116
536 14.655573251553195
537 15.285831533375513
538 13.470736966781427
