0 14.825358874269284
1 14.855715132833435
2 14.6665006429886
3 14.428942027184494
4 14.886989047636364
5 13.786271362371096
6 14.179916764544869
7 15.065330703324264
8 14.845953947601059
9 15.42046779438064
10 13.924407194961168
11 15.057232963892465
12 15.0779712108673
13 15.432477807846189
14 15.426470275138449
15 15.806388197528774
16 16.428592228187313
17 15.093547801681908
18 16.281882442021555
19 15.287858408117756
20 14.524599541584536
21 15.260108313553939
22 13.07956506798645
23 16.43472592498498
24 13.739378699990331
25 13.995568076561822
26 17.252700907358964
27 14.968239717171636
28 13.62160424861444
29 18.60872445074187
30 14.414103114785103
31 18.06471442274574
32 16.71246884456325
33 18.79576436113359
34 17.245417493491598
35 17.5769795713573
36 18.274679707143235
37 19.044158230129575
38 18.2206392848339
39 15.079427668829618
40 19.48925652106798
41 18.636660322849295
42 18.408553633622937
43 16.36401692064095
44 17.505270827308056
45 17.503855898083177
46 17.63717581830156
47 17.052360356798737
48 16.76922442165496
49 16.419569730255898
50 17.60455707544745
51 16.64575794135556
52 16.276237885756498
53 17.62997607322101
54 14.629648615055936
55 16.74119231619226
56 16.27588875836613
57 17.854704194347732
58 17.73115321670606
59 18.28729496236647
60 17.170202728086192
61 17.436793728072033
62 15.484850334321635
63 15.387113511907085
64 16.72426327342464
65 15.55917077094202
66 15.910039460316076
67 17.071221572751295
68 16.704593071169437
69 16.49935660105157
70 15.104948800416706
71 15.541618617958962
72 13.936992020846565
73 17.71665123884182
74 17.8095888372342
75 16.686547686510355
76 16.369829589817726
77 16.25636857474898
78 14.338481111478389
79 16.737081043491724
80 16.032132601928932
81 14.715175708005443
82 14.446431310049865
83 14.350115079236069
84 16.800816552614304
85 16.90397595337974
86 18.71583090368762
87 15.687425942743824
88 16.094804991245223
89 17.78562021652698
90 16.67774341291752
91 14.963190148129105
92 15.841778967393225
93 13.501336260364214
94 15.356306017155244
95 15.992402908075562
96 12.636219840625786
97 15.543437559129849
98 16.087321972001362
99 14.266207479191408
100 16.72883047602682
101 17.975577972800483
102 15.30141436770274
103 16.615713315277663
104 17.029246398267073
105 15.984341951327234
106 14.962662272394834
107 14.923558263077437
108 16.364776538575807
109 17.949280310461152
110 15.940664739655597
111 16.10436582657511
112 17.76765773554275
113 18.024571888040004
114 16.62027119862951
115 16.295979190058517
116 19.17702835559618
117 14.894485800339721
118 15.813443278691551
119 17.62963171654167
120 17.105968681424127
121 15.341733050054737
122 15.621516081026964
123 15.733610328042438
124 15.90979969313653
125 16.42504116392382
126 15.87465754807351
127 14.52079218475
128 18.482342414388697
129 16.59152608266852
130 14.708134683721285
131 16.71275131803353
132 17.012067623395833
133 15.761754929277691
134 14.498933286917808
135 17.159877739119032
136 15.794141878904501
137 15.097448751569045
138 18.435594626950266
139 16.932465605830757
140 17.046552280492925
141 16.494119582091262
142 15.78897992832074
143 16.79354660912097
144 16.389756839938578
145 16.611095086343255
146 15.875103535080026
147 18.308358553814568
148 14.550260996043157
149 13.93724869714897
150 14.891702329903959
151 14.454763240720787
152 15.724719033120387
153 15.298903809223978
154 16.332620830218218
155 16.364243299365057
156 18.05924599538521
157 18.311632040958887
158 17.0685196803452
159 17.063288036069338
160 18.543262778418995
161 18.131199449209593
162 15.237972577410691
163 17.51160561774407
164 19.153969740315183
165 18.454011948919643
166 17.773368345734987
167 15.44068484360286
168 14.0158879687223
169 14.141496207237319
170 13.48385423494908
171 16.676734387421966
172 16.528613581005757
173 16.845173411523437
174 16.440486175254673
175 16.710209260414633
176 16.530054526670867
177 16.36076414749603
178 17.752404414079614
179 14.051796678963036
180 16.77999858364124
181 16.01403499632426
182 14.492788292354431
183 15.133074646201093
184 15.126238545938223
185 14.181441003104425
186 14.591721791714994
187 15.639256813798895
188 15.461868057078895
189 14.778444465101714
190 17.08230134197867
191 18.09225053694222
192 18.074131787044
193 16.322518430956624
194 17.936780449636796
195 16.321549131171327
196 14.929328435426495
197 14.729278001667275
198 17.62510043424095
199 14.704780720023292
200 13.415052468384745
201 13.646091183710434
202 13.899370106423154
203 15.443540356467368
204 15.372501596536164
205 14.027420838374557
206 18.113637152385824
207 13.507807166086176
208 14.104940483117678
209 13.264861601356627
210 17.006679900445807
211 16.222488863333943
212 15.554465244388377
213 16.42992723596033
214 14.224645568220415
215 15.96938667058484
216 16.291864206451923
217 18.159065356112666
218 15.8447741146346
219 15.772472477131318
220 15.557491908574908
221 19.151720773735356
222 13.72518493349858
223 14.53365938402983
224 13.719472942286892
225 15.052544075318318
226 13.91579663545754
227 17.086000675114185
228 16.1000746050212
229 15.828714951922425
230 14.361748924768266
231 14.288038980619598
232 13.494114473950752
233 13.766552016391826
234 13.66953213431284
235 15.889449584192072
236 14.650959011449265
237 14.29891188234901
238 14.003308110492656
239 15.074853420365857
240 14.09581125967225
241 15.136905559636816
242 14.265404910257967
243 14.683217502787135
244 14.241712305033078
245 13.565983314891112
246 13.467347426535648
247 14.027805493309343
248 13.954015022882368
249 13.935803619882703
250 13.070611074788467
251 13.439283462325683
252 14.195079071647694
253 14.784196585708822
254 14.640970574384966
255 16.92494629161198
256 15.05963685847591
257 17.500634527564007
258 16.527509542461793
259 15.275707555662319
260 16.40842302064748
261 15.26398987606924
262 14.729551931553184
263 16.409817975322355
264 14.116162500799808
265 14.395601415963549
266 14.651312530132467
267 15.467978476237231
268 14.930411957539812
269 13.704696000034248
270 14.665696219028888
271 14.949020775742031
272 16.200046516367003
273 13.955649025107219
274 13.830665429046258
275 16.270124670876815
276 17.534907125734218
277 12.154689756905242
278 13.371911231041205
279 14.709388776839278
280 15.52534999246133
281 15.050903382964282
282 15.56195387478141
283 17.254295137648377
284 14.782143496248544
285 15.524359014177953
286 16.28169973094638
287 16.567646232706966
288 13.55126717634605
289 18.652107853362835
290 17.016783447116346
291 17.21455310511348
292 16.48914721847222
293 15.194770218155638
294 14.607834909252544
295 17.17266451310621
296 15.782577824565594
297 14.94301454755837
298 15.09321318945229
299 14.629486632361793
300 15.778371288585483
301 14.741002344440995
302 13.247010070583618
303 14.822908567232576
304 17.239819086403283
305 18.727896585820158
306 18.85325804652377
307 16.10177554224774
308 18.3156525753119
309 16.628513659159445
310 14.986444146138837
311 14.379920044312017
312 13.773626087008907
313 16.683887800820667
314 14.340185319856916
315 14.60792618349825
316 14.737976524159548
317 13.545460389444113
318 15.749230457233686
319 16.81419941486867
320 15.546641628443437
321 17.951375520103593
322 14.404970870927617
323 15.791306408547893
324 18.00280501673569
325 18.100771558206983
326 19.48056322457646
327 17.965310570101504
328 18.363555677823495
329 15.700909580663943
330 17.537276126731516
331 15.08828433280483
332 16.301350853036592
333 13.52821557011425
334 15.178490998339939
335 16.221192486043876
336 16.517103141473257
337 15.292386106011799
338 17.188619410450663
339 19.013772188242413
340 16.318377993421354
341 18.522283058080244
342 16.42490611209024
343 16.83021452856675
344 17.44631060415846
345 14.513077387098427
346 16.971963380154765
347 14.607405681546382
348 13.443678951843077
349 17.06127855157981
350 16.932284957661107
351 16.574003181034687
352 15.639822012717875
353 16.196322377101545
354 14.329055472642397
355 15.51745420452546
356 16.888936449098296
357 17.182411384793806
358 16.859911814168616
359 15.962168371584385
360 14.122408056493528
361 16.000424892066395
362 16.080724612509254
363 14.516934977240654
364 14.454281680914969
365 16.4724758036193
366 16.874745080398924
367 15.63705784551252
368 18.031944665337132
369 17.372885173659775
370 14.379456501068342
371 12.205168131878123
372 13.97777131210734
373 16.497322569741407
374 16.1026351573199
375 17.12791559292144
376 15.226299008451527
377 16.14133551199868
378 14.778982379294238
379 14.851816383877578
380 15.835227927179806
381 14.728904520004685
382 15.495811304551795
383 14.458763170344017
384 13.462932499057102
385 14.53311865549181
386 15.15361588288579
387 13.91545693521413
388 14.463314884078407
389 15.048635053937131
390 15.161434583307978
391 16.23036383654004
392 14.436008845171896
393 17.588932283198808
394 17.75139454447211
395 16.72230138381677
396 14.620054821269619
397 15.785551340634582
398 17.71515057242692
399 16.412368538468108
400 16.18778500502211
401 16.35228528286789
402 16.89555699219852
403 14.43144769251394
404 15.757209076410579
405 14.991819997910158
406 16.106934411207096
407 16.755726515160877
408 14.876259766256736
409 16.237994642268976
410 17.427857924481653
411 17.73597271771114
412 15.703175039775289
413 15.303587917874378
414 15.263904986374653
415 14.487815475513607
416 15.96135950374243
417 13.925357066414861
418 15.788865119831726
419 16.466648615205077
420 14.233139138019597
421 15.969836972081753
422 15.98879851113138
423 15.465131909373511
424 15.67580603814896
425 17.145015045338713
426 18.112844797485877
427 15.628331911974836
428 16.961505980703674
429 17.176185375747938
430 17.34602061625762
431 16.836536444432305
432 17.1788721705854
433 16.813540035682575
434 18.02478799722724
435 15.816368068432503
436 17.214013401513764
437 16.619123900798794
438 15.536686499566956
439 16.200200317710365
440 15.352461685447
441 16.342886685274788
442 14.883829154896215
443 16.476072140652047
444 17.6626984281145
445 15.462318587915725
446 17.130331948836897
447 14.518509600794152
448 15.16804466673266
449 15.388299634543875
450 15.528249405112078
451 16.220402097078097
452 16.644312447872483
453 16.6720449071931
454 15.457163102586636
455 15.48348388706108
456 16.17650797178223
457 15.92046323024605
458 13.684732891680673
459 17.1469797981425
460 16.48076308885061
461 15.215659996063481
462 16.208370054777458
463 16.07766482682175
464 16.68635427070961
465 16.68620468206085
466 15.505691696961586
467 16.36480101458377
468 17.002198328947088
469 17.044529943123692
470 16.777189118082855
471 14.108644828089316
472 17.328529821054815
473 14.991321906607498
474 18.03537689737591
475 14.676422498632173
476 16.933424977894678
477 16.732979313313244
478 17.304468044399673
479 16.960950433340326
480 16.074578808469983
481 17.40491554814915
482 17.342855647222486
483 18.346205619093066
484 19.610437253540997
485 18.108079868647373
486 17.400044317031437
487 17.15383668999388
488 18.23896245883822
489 17.335682537403173
490 17.42625502574925
491 17.10217296534168
492 17.617438716095485
493 18.516672579248993
494 17.45176591324892
495 16.313539522581276
496 17.211889818322224
497 19.613572151199193
498 18.531605211730437
499 16.527978910768887
500 17.697924407659954
501 18.1941452123425
502 17.351747927051907
503 16.97582655864563
504 17.725577980559724
505 17.562908865286634
506 16.82631064287368
507 16.94588026330055
508 17.159620368103333
509 17.6848749697887
510 17.28539929090097
511 15.776325697884985
512 17.38369129168382
513 17.500464640712284
514 16.896824601171943
515 17.45220094093415
516 15.86331653221958
517 16.514500961582442
518 16.291980361285574
519 17.082682417449
520 15.869211324516316
521 16.133255597930525
522 16.718528164736004
523 16.386492278098746
524 16.000215071098594
525 17.21986101220963
526 16.511208619772603
527 17.061703506685653
528 16.18890462360765
529 17.614817867907753
530 17.790681854727
531 16.38871120596332
532 17.926682588626473
533 17.307119927238137
534 15.50884826171576
535 16.481273727463293
536 17.10070305667516
537 16.8874458038631
538 16.87468738686024
