0 2.8981478275209094
1 2.809721939282153
2 3.0671639443134384
3 3.0261476910886436
4 2.8035912418659583
5 2.9562016068277366
6 3.0281425703921108
7 2.896375996651818
8 2.8624435033464573
9 2.6769935994306286
10 3.9125989711986855
11 2.9364342621314856
12 3.0148565285651587
13 2.8706682485445585
14 2.6557954643233184
15 2.8380778350093636
16 2.9707951818918934
17 3.08443292710942
18 2.758811467496969
19 2.791800330706722
20 2.699914753925105
21 4.787765004344106
22 3.9066472259869016
23 4.764700455085327
24 5.213416636202871
25 4.495186270852215
26 3.981038856483589
27 3.0439694311983114
28 5.535820278319401
29 4.874170709450693
30 3.1383535979521904
31 5.110907274443903
32 5.0085153163492935
33 5.071209483997605
34 5.252551373857918
35 2.736176304929495
36 5.4414715402401415
37 5.307334937581187
38 4.420006923055177
39 4.557080396880113
40 7.405127256567844
41 5.05471623918419
42 4.921266690688991
43 2.782744960753638
44 2.734028013724996
45 3.166941781106766
46 2.8838640385622427
47 5.363755482159432
48 4.203098801686228
49 5.565268033538203
50 2.7936976169352805
51 2.7820390648293642
52 2.8857369293418733
53 3.062709514102706
54 4.801720862307614
55 2.9735234677390827
56 2.6219453960953865
57 5.220609562689182
58 4.771490730719187
59 4.8898462289121705
60 4.248833546176203
61 4.817452298519886
62 5.355236664049963
63 4.156797721275638
64 6.9004335118321185
65 4.232326118539647
66 5.2392230803389666
67 5.286184368554389
68 2.9657597955959774
69 2.744181916180868
70 4.70038042468615
71 3.960732840572228
72 5.032500614818739
73 4.894841113418575
74 5.783933595252462
75 5.291702363211367
76 5.201795182865614
77 5.419142912780982
78 6.632373035002878
79 5.0809626384096065
80 6.642587338361436
81 5.397959250249908
82 5.28578457065309
83 4.658041311997677
84 5.155181864077864
85 5.321408084738137
86 4.990949897796867
87 5.426327507563218
88 5.4783291421983025
89 5.496673163356881
90 2.8056972088586236
91 5.075214972725644
92 4.606290884544094
93 4.787575849504041
94 5.020101751605605
95 5.377614512638852
96 4.723912107406536
97 5.0275535134558735
98 5.075292983868051
99 5.887915930108241
100 4.314426735376939
101 2.7400892250610145
102 4.66624300874837
103 5.764523950943416
104 2.9833059452002924
105 5.222551850488153
106 4.490496987532424
107 5.718499973049486
108 5.6306186676389185
109 4.271999481102056
110 4.5344791269734985
111 4.9972903728374485
112 4.807364002832936
113 5.2278375367884635
114 5.372968732023743
115 6.991828457162621
116 5.977928383968363
117 7.399009259516539
118 6.591989752287759
119 6.002799616272901
120 4.336221273942225
121 4.704105241660841
122 4.277986758097335
123 5.144973419055694
124 2.8477780726883917
125 2.714365909597655
126 2.842907047068292
127 5.362232668733567
128 5.519109418603753
129 5.055744695462646
130 4.209123901029634
131 4.164560383873411
132 5.829737625042571
133 4.112532492876606
134 5.034376818798388
135 5.680183648961911
136 5.752845695993495
137 7.167601736113014
138 4.681709512285134
139 5.178244290336692
140 5.465394676674965
141 4.298730970569127
142 3.9672333315124795
143 4.705432418827081
144 4.620787794658868
145 2.798049615668213
146 4.470378936044916
147 5.266864879645027
148 4.459196988672396
149 4.5243441130332505
150 4.7509036334646995
151 4.204817074985642
152 6.546585178820753
153 7.420041447491666
154 4.524854182498924
155 5.323689758991063
156 5.364787100080816
157 5.558195714792183
158 5.120410846948686
159 2.720696562839907
160 4.891854382362111
161 5.458622896855121
162 4.402360289283666
163 4.787274281784964
164 5.105324923524308
165 4.6512940869485915
166 5.1132229088338885
167 5.827660979265995
168 4.911384911011949
169 5.765631226314669
170 5.721515946643461
171 4.540735387948759
172 4.664910710967351
173 4.378876221520398
174 4.543509791273319
175 2.815446884894796
176 5.221262375826515
177 5.53694870064363
178 4.608752493693673
179 4.490952018489397
180 5.2675008289138505
181 3.5313515510350784
182 5.412710331672146
183 4.690337180523836
184 5.599186415303861
185 5.489009257620783
186 4.8544319029002025
187 4.89458732925047
188 4.9854765383797375
189 4.578441958678185
190 5.049383890277929
191 5.426365765474983
192 5.4005016749479475
193 3.825155054489169
194 2.8530638290557957
195 4.249373355814527
196 3.4722437405835525
197 4.89774634265179
198 4.849415950129403
199 4.588320392236327
200 6.66834504541585
201 4.392758644368368
202 5.031401145947812
203 4.961509764607028
204 5.950048185415971
205 6.385344524291692
206 5.148527934278127
207 7.306432758498274
208 9.806162774573611
209 5.075726132758062
210 4.8444974091101525
211 4.983736067204249
212 3.267521921244493
213 6.102406188752908
214 6.27415442962234
215 5.655296220829414
216 4.726413118769287
217 2.8534969624100444
218 7.824558192202019
219 4.572560635066786
220 4.569705967064752
221 5.118576041311695
222 5.12008407650012
223 5.382688250287391
224 4.613615809040805
225 5.486503166131294
226 4.6814802859510305
227 5.197383184883006
228 5.273631472333246
229 6.286400045067007
230 6.756390273665447
231 3.779453184529272
232 5.866802144477549
233 5.29907324300824
234 6.121952787621749
235 4.782466081401614
236 4.193380114574164
237 4.936827086264693
238 4.297628168244464
239 5.734214007071756
240 4.724411028018003
241 5.260098370593263
242 5.195073445720965
243 4.461535409387447
244 5.049260544285336
245 5.495318382874519
246 4.9398201537820325
247 4.284631383292134
248 5.3555094103770955
249 4.891275319594689
250 4.817768754761365
251 4.644965491161084
252 5.388923351072881
253 5.114941482133929
254 5.8709787866218575
255 4.830963000981339
256 4.031521791099352
257 4.7453667637702575
258 4.303562697384745
259 5.295223475294189
260 5.126268075627166
261 5.223632947617858
262 4.851125862472985
263 4.804093472636965
264 5.004413349779356
265 5.760063682278689
266 2.7746117557682854
267 4.794904757661127
268 5.1776826922963295
269 5.359065907202129
270 5.071628695673325
271 4.714494401896432
272 2.8726420053728345
273 4.58317262723523
274 6.762251971857183
275 4.953928010811256
276 5.0558791340354885
277 5.21756999319423
278 4.890064067858562
279 4.367957621863759
280 4.220745764068645
281 5.908847338307157
282 6.637685861944239
283 4.569359442889168
284 5.223840692342392
285 4.762245354094059
286 2.6043613028217902
287 5.2476814162062615
288 6.8182322529916295
289 5.272336053286121
290 2.933108712699618
291 3.0736794775458636
292 3.025616365404069
293 5.0131106408092
294 5.624109967498648
295 2.8622503726696342
296 6.009526421272661
297 4.991340478735067
298 4.791679571056993
299 4.3488878890051055
300 5.150328953281955
301 5.484521687075045
302 5.47321351867593
303 4.837255579820456
304 2.9522077751914124
305 5.385323372956723
306 5.1996019393428705
307 5.489067738985506
308 4.576881617579351
309 4.778295779420131
310 4.794599230870263
311 5.508904988849883
312 5.227993204239378
313 2.8371370628095014
314 5.514271911599819
315 4.246999756519635
316 4.7677097095687175
317 4.7237253018659375
318 4.890415386321521
319 5.21535930155266
320 5.336134542026466
321 6.455577762690134
322 5.287327687082391
323 5.292551613383047
324 4.980784306196327
325 4.731828743186966
326 4.907294398417258
327 5.357236860505296
328 5.319863533441703
329 4.947730363406339
330 7.126427079871443
331 4.6126140025298765
332 2.8393005993229643
333 4.9556612062004
334 2.694995000220557
335 2.698856380711088
336 2.8003859935692526
337 2.9588762535044206
338 2.682999147818307
339 4.625552886840282
340 2.9428783515442096
341 5.367141680085655
342 2.6711580099911245
343 2.779872769470755
344 4.589622237181632
345 5.584282676863119
346 2.7334967757553703
347 4.6515340889128804
348 5.878720063858975
349 2.759369344141299
350 4.225034381473363
351 4.399725160253708
352 2.923302894694919
353 4.496429771964662
354 4.201574123649257
355 4.625132369271589
356 2.654881200953131
357 4.712303212417119
358 3.0347650902054726
359 2.651139199307334
360 6.174820986842599
361 3.0076540701203514
362 5.421253183203413
363 3.827650609756819
364 3.145588466962305
365 5.173240649408184
366 3.0739793307340593
367 2.7422441731737304
368 5.354625732840488
369 5.126346658046512
370 2.6705117351367758
371 5.7049985143002635
372 6.451243604586656
373 5.192001561051054
374 2.7555292264567557
375 2.749830979625879
376 2.9347635594727217
377 2.8718726213438006
378 2.7422672583163017
379 5.238968863145534
380 2.8632756286641956
381 5.513873410578242
382 2.765055261625427
383 6.52368266025985
384 4.387484457420601
385 3.2931290962681596
386 2.9955588062060703
387 4.627339565555937
388 3.8692934869171274
389 6.4755013062790026
390 4.783692356691828
391 2.7950279329761494
392 5.783420425727317
393 2.7425182768703174
394 3.3371316794154353
395 2.912452499717385
396 5.566136067860729
397 3.0013629674320623
398 4.47249630729524
399 5.141824874406619
400 2.709561277030668
401 2.9590818863585424
402 2.812199426350894
403 5.113301581279309
404 2.9026490351507954
405 2.758776541458364
406 2.7069630385941283
407 2.830351649709508
408 2.760675097448371
409 2.712786367234245
410 2.8161214300304986
411 2.894498714071794
412 4.006158384582265
413 5.162225494218292
414 5.719949048316383
415 5.505487810990288
416 4.776894375999038
417 4.899448288391883
418 2.832424831020265
419 2.6740644842505668
420 5.24025314852587
421 2.6873712692751104
422 5.6303966366963065
423 5.2455911201452405
424 4.599448983686706
425 4.207367664953073
426 2.924536271948608
427 2.783922785623551
428 2.9010749890746728
429 2.8115645514699295
430 2.683604104490157
431 5.27617073933072
432 4.409041600810385
433 2.7079967309517925
434 2.6304368908064517
435 2.6570680992239346
436 5.35522662211356
437 2.962058663383863
438 2.718532271467257
439 2.723034217202852
440 5.179761725440854
441 3.3108831157214995
442 6.15765775621401
443 2.7999539621010427
444 5.004247978244325
445 4.5952980773742516
446 2.9536877019098418
447 2.7353587612389734
448 2.7564990922909347
449 5.3196243270437655
450 2.922978487180505
451 2.8979168253049647
452 2.7834164981350122
453 2.658655147870646
454 3.224865028062333
455 2.7283275144279253
456 2.9035846713154716
457 3.026024643029878
458 6.317076009520492
459 4.773427828598905
460 2.854510605663893
461 4.9339537267270215
462 2.8913920342204347
463 2.8395423902293904
464 2.937889168680716
465 2.955379611116521
466 5.83852718327618
467 2.7259995399334063
468 2.84692834042011
469 3.395526600380188
470 4.468276432411459
471 6.132386213589127
472 4.4004143045627035
473 2.972166622511821
474 4.947175497995919
475 5.990118562975157
476 4.671665581588742
477 2.7477172349680017
478 2.765851713104387
479 2.7792711441681046
480 2.6957279404157064
481 2.8609713419660983
482 2.788775875881289
483 2.8053393453595517
484 2.868052569725715
485 2.667464352361063
486 2.7493390849354795
487 2.822338847379163
488 2.844704735515986
489 2.7723657062452602
490 2.8173411221840583
491 2.7294255860624417
492 2.750167596888973
493 3.013557556355655
494 2.9423633835665064
495 2.8768925376627705
496 2.667143384235273
497 2.878653999775975
498 2.8270640521415626
499 2.745340566120953
500 2.8454547707030953
501 2.7901408100497176
502 2.8193057380008715
503 2.8323490509437623
504 2.7195837554352926
505 2.8775163114858664
506 2.8092652808341514
507 2.5757493443285084
508 2.5895797622313865
509 2.92882787317593
510 2.885745957680617
511 3.021341621558131
512 2.8142436415134484
513 2.830437507463952
514 2.746595371534026
515 2.7967266922816463
516 2.6729347245668107
517 2.706404382738261
518 2.76390481952993
519 2.7117802094815473
520 2.925180398448361
521 2.850631998971096
522 2.814526361584516
523 2.8904288902505675
524 2.6344199053438633
525 2.635051014033897
526 2.6625306414310317
527 2.9209784250811226
528 2.699960389443009
529 2.8988459304627674
530 2.8866927841506365
531 2.8999361868460785
532 2.6484062135779594
533 2.73966879635068
534 2.8122219845241703
535 2.763268948797403
536 2.777990124890375
537 2.550562646631166
538 2.654801301067261
