1 0.198152557015419 0.056135814636945724 0.056135810911655426
2 0.5822464227676392 0.12249526381492615 0.12249525636434555
3 0.6319214105606079 0.15694497525691986 0.15694497525691986
4 0.6698663830757141 0.19226354360580444 0.19226349890232086
5 0.7501680850982666 0.26323622465133667 0.26323625445365906
6 0.780382513999939 0.2844286859035492 0.2844286859035492
7 0.7686050534248352 0.2705184519290924 0.2705184519290924
8 0.7789714336395264 0.2649548351764679 0.2649548053741455
9 0.7684308290481567 0.26213526725769043 0.2621352970600128
10 0.8519870638847351 0.33378416299819946 0.33378416299819946
11 0.8442177772521973 0.32558688521385193 0.32558688521385193
12 0.8915097117424011 0.34273281693458557 0.34273281693458557
13 0.9035617113113403 0.320955365896225 0.3209554851055145
14 0.8810088038444519 0.33193066716194153 0.33193060755729675
15 1.1285808086395264 0.5243871808052063 0.5243874192237854
16 1.1877095699310303 0.5516624450683594 0.5516624450683594
17 1.1910299062728882 0.5188162326812744 0.5188162326812744
18 1.1914188861846924 0.510968804359436 0.510968804359436
19 1.1906789541244507 0.5480523109436035 0.5480523109436035
20 1.5413764715194702 1.0081465244293213 1.0081467628479004
21 1.6702990531921387 0.9948007464408875 0.9948007464408875
22 1.8161625862121582 1.171554684638977 1.171554684638977
23 1.8681097030639648 1.234896183013916 1.2348963022232056
24 1.7934112548828125 1.0786757469177246 1.078675627708435
25 1.9183582067489624 1.231799840927124 1.231799840927124
26 2.1052794456481934 1.4622890949249268 1.4622889757156372
27 1.9260826110839844 1.1755969524383545 1.1755969524383545
28 1.8973947763442993 1.1851078271865845 1.1851078271865845
29 1.9123088121414185 1.1870105266571045 1.1870105266571045
30 1.9545835256576538 1.218554973602295 1.218554973602295
31 1.902141809463501 1.1271543502807617 1.1271543502807617
32 2.012129545211792 1.3509265184402466 1.3509265184402466
33 2.006099224090576 1.2593121528625488 1.2593121528625488
34 2.0477025508880615 1.2832939624786377 1.2832939624786377
35 2.1622116565704346 1.4932422637939453 1.4932425022125244
36 2.0352423191070557 1.3049627542495728 1.3049627542495728
37 2.114802360534668 1.4434211254119873 1.4434211254119873
38 1.886681079864502 1.1449685096740723 1.1449685096740723
39 2.062417507171631 1.3375263214111328 1.3375263214111328
40 2.024146795272827 1.3166991472244263 1.3166992664337158
41 1.9608253240585327 1.1562484502792358 1.1562484502792358
42 2.09809947013855 1.3342983722686768 1.3342983722686768
43 2.028742790222168 1.2533631324768066 1.2533633708953857
44 2.1043591499328613 1.3275233507156372 1.3275233507156372
45 2.1101200580596924 1.2817130088806152 1.2817130088806152
46 2.11820125579834 1.2695976495742798 1.2695976495742798
47 2.005859375 1.180230975151062 1.180230975151062
48 2.134014844894409 1.2693763971328735 1.2693763971328735
49 2.2512941360473633 1.481067419052124 1.4810676574707031
50 2.0367543697357178 1.2489748001098633 1.2489748001098633
51 2.0267038345336914 1.1834415197372437 1.1834415197372437
52 2.025423288345337 1.224419355392456 1.224419355392456
53 2.0182414054870605 1.2136684656143188 1.2136685848236084
54 2.0748212337493896 1.2991970777511597 1.2991969585418701
55 2.013305425643921 1.2342671155929565 1.2342671155929565
56 2.081777811050415 1.241393804550171 1.241393804550171
57 2.171949863433838 1.3571597337722778 1.3571597337722778
58 2.40872859954834 1.6738241910934448 1.6738240718841553
59 2.16615629196167 1.353798747062683 1.353798747062683
60 2.2083582878112793 1.4168767929077148 1.4168767929077148
61 2.169935941696167 1.4125248193740845 1.4125248193740845
62 2.227565050125122 1.4833920001983643 1.4833920001983643
63 2.1774675846099854 1.405611515045166 1.405611515045166
64 2.216554641723633 1.4963070154190063 1.4963070154190063
65 2.055990219116211 1.3340846300125122 1.3340848684310913
66 2.199453115463257 1.4921880960464478 1.4921883344650269
67 2.3161308765411377 1.4947746992111206 1.4947748184204102
68 2.2753758430480957 1.5249807834625244 1.5249807834625244
69 2.207151412963867 1.4097977876663208 1.4097977876663208
70 2.265903949737549 1.4348509311676025 1.4348509311676025
71 2.395570993423462 1.5283530950546265 1.5283530950546265
72 2.5421125888824463 1.677871584892273 1.6778714656829834
73 2.36689829826355 1.5201616287231445 1.5201616287231445
74 2.6504287719726563 1.8486334085464478 1.8486335277557373
75 2.35880708694458 1.4967765808105469 1.4967765808105469
76 2.49729061126709 1.602347731590271 1.602347731590271
77 2.4017679691314697 1.560221791267395 1.560221791267395
78 2.378873586654663 1.552228569984436 1.5522284507751465
79 2.4576704502105713 1.7141579389572144 1.7141575813293457
80 2.4532394409179688 1.6016885042190552 1.6016885042190552
81 2.6412158012390137 1.7730807065963745 1.773080587387085
82 2.4703681468963623 1.6134839057922363 1.6134839057922363
83 2.552971124649048 1.6845102310180664 1.6845099925994873
84 2.410860061645508 1.578383445739746 1.578383445739746
85 2.491772413253784 1.6464101076126099 1.6464097499847412
86 2.552332878112793 1.681552529335022 1.6815524101257324
87 2.4590675830841064 1.629836916923523 1.629836916923523
88 2.527287244796753 1.562158226966858 1.5621581077575684
89 2.2853078842163086 1.3567668199539185 1.3567668199539185
90 2.323025703430176 1.5101783275604248 1.5101783275604248
91 2.331484079360962 1.3951725959777832 1.3951725959777832
92 2.3550336360931396 1.451145887374878 1.451145887374878
93 2.31455397605896 1.4455642700195313 1.4455643892288208
94 2.3672661781311035 1.4470492601394653 1.4470492601394653
95 2.3143184185028076 1.4379663467407227 1.4379663467407227
96 2.2926032543182373 1.4686686992645264 1.4686686992645264
97 2.4279377460479736 1.557750940322876 1.557750940322876
98 2.51790714263916 1.7106772661209106 1.7106776237487793
99 2.3769400119781494 1.5256208181381226 1.525620698928833
100 2.4314661026000977 1.5897862911224365 1.5897862911224365
101 2.3371059894561768 1.5005772113800049 1.5005773305892944
102 2.3060312271118164 1.4436312913894653 1.4436312913894653
103 2.479862928390503 1.686048150062561 1.686048150062561
104 2.365560531616211 1.4892117977142334 1.4892116785049438
105 2.2760677337646484 1.4055123329162598 1.4055124521255493
106 2.337790012359619 1.452817678451538 1.452817678451538
107 2.386861801147461 1.5890897512435913 1.5890897512435913
108 2.393117904663086 1.5985335111618042 1.5985336303710938
109 2.365528106689453 1.4903881549835205 1.4903881549835205
110 2.442225217819214 1.5734120607376099 1.5734120607376099
111 2.3448729515075684 1.4275898933410645 1.427589774131775
112 2.5485031604766846 1.706354022026062 1.706354022026062
113 2.4512691497802734 1.5942113399505615 1.5942116975784302
114 2.541121482849121 1.7633851766586304 1.7633851766586304
115 2.629206657409668 1.7281358242034912 1.7281358242034912
116 2.4875214099884033 1.6129693984985352 1.6129695177078247
117 2.641782283782959 1.8615410327911377 1.8615410327911377
118 2.5575530529022217 1.7548729181289673 1.7548729181289673
119 2.476637363433838 1.706856608390808 1.706856608390808
120 2.494668483734131 1.7006111145019531 1.7006111145019531
121 2.5827839374542236 1.8040701150894165 1.804069995880127
122 2.5327658653259277 1.6862499713897705 1.6862503290176392
123 2.4759223461151123 1.623104214668274 1.6231045722961426
124 2.5286636352539063 1.6630220413208008 1.6630219221115112
125 2.4460856914520264 1.6258598566055298 1.6258598566055298
126 2.4762372970581055 1.6392630338668823 1.6392631530761719
127 2.517839193344116 1.7455238103866577 1.7455238103866577
128 2.6540536880493164 1.874070167541504 1.8740699291229248
129 2.5360188484191895 1.7108792066574097 1.7108794450759888
130 2.497192859649658 1.7196823358535767 1.7196824550628662
131 2.46474027633667 1.7015421390533447 1.7015420198440552
132 2.4439640045166016 1.6428192853927612 1.6428195238113403
133 2.5372066497802734 1.7901564836502075 1.7901564836502075
134 2.4678285121917725 1.7341227531433105 1.7341227531433105
135 2.586529493331909 1.7562384605407715 1.756238579750061
136 2.6124823093414307 1.7754672765731812 1.7754672765731812
137 2.5731875896453857 1.7514771223068237 1.7514768838882446
138 2.5772619247436523 1.7487534284591675 1.7487534284591675
139 2.6068572998046875 1.8226679563522339 1.8226679563522339
140 2.5979485511779785 1.7742563486099243 1.7742563486099243
141 2.4956600666046143 1.6835399866104126 1.683539867401123
142 2.4662201404571533 1.600178837776184 1.600178599357605
143 2.4914538860321045 1.7244387865066528 1.7244387865066528
144 2.543384313583374 1.7127586603164673 1.7127586603164673
145 2.5578677654266357 1.7061030864715576 1.7061030864715576
146 2.4464526176452637 1.6327006816864014 1.6327005624771118
147 2.3818445205688477 1.5470341444015503 1.5470341444015503
148 2.4264283180236816 1.5325449705123901 1.5325449705123901
149 2.393085479736328 1.5189952850341797 1.5189952850341797
150 2.4011409282684326 1.5379713773727417 1.5379713773727417
151 2.3973991870880127 1.4981714487075806 1.4981714487075806
152 2.367642879486084 1.4672595262527466 1.4672592878341675
153 2.429344654083252 1.5739388465881348 1.5739388465881348
154 2.419569730758667 1.5800312757492065 1.5800312757492065
155 2.411618709564209 1.5560859441757202 1.5560859441757202
156 2.540411949157715 1.704072117805481 1.70407235622406
157 2.5164380073547363 1.7130013704299927 1.7130013704299927
158 2.475743055343628 1.669708251953125 1.6697083711624146
159 2.4732699394226074 1.663641095161438 1.6636409759521484
160 2.7398858070373535 1.8608695268630981 1.8608696460723877
161 2.5411972999572754 1.7195844650268555 1.7195850610733032
162 2.618628740310669 1.8375667333602905 1.837566614151001
163 2.635681629180908 1.7637743949890137 1.7637743949890137
164 2.647505760192871 1.7314443588256836 1.7314443588256836
165 2.554548978805542 1.584642767906189 1.584642767906189
166 2.577094316482544 1.6706278324127197 1.6706277132034302
167 2.4654173851013184 1.570250391960144 1.570250391960144
168 2.474637985229492 1.6264106035232544 1.6264106035232544
169 2.5353763103485107 1.7448893785476685 1.744889497756958
170 2.6350064277648926 1.826235294342041 1.826235294342041
171 2.5691072940826416 1.6719565391540527 1.6719565391540527
172 2.4970526695251465 1.5049978494644165 1.5049978494644165
173 2.4196975231170654 1.552248477935791 1.5522487163543701
174 2.5009474754333496 1.7133153676986694 1.7133153676986694
175 2.6034903526306152 1.7533894777297974 1.7533900737762451
176 2.769293785095215 1.8139026165008545 1.8139026165008545
177 2.7387654781341553 1.8446980714797974 1.8446983098983765
178 2.6334803104400635 1.746978521347046 1.746978521347046
179 2.692394971847534 1.7781490087509155 1.7781490087509155
180 2.7018496990203857 1.8172492980957031 1.8172492980957031
181 2.674360752105713 1.7616347074508667 1.7616347074508667
182 2.674558401107788 1.7302595376968384 1.7302595376968384
183 2.654073476791382 1.7506790161132813 1.7506791353225708
184 2.604501485824585 1.68764328956604 1.68764328956604
185 2.5678586959838867 1.6727955341339111 1.6727955341339111
186 2.627293109893799 1.7186576128005981 1.7186576128005981
187 2.5758533477783203 1.6067616939544678 1.6067620515823364
188 2.5042402744293213 1.5722270011901855 1.5722270011901855
189 2.4986400604248047 1.6719132661819458 1.6719132661819458
190 2.4627976417541504 1.5877925157546997 1.5877926349639893
191 2.553952217102051 1.622784972190857 1.622784972190857
192 2.5355796813964844 1.6511552333831787 1.6511552333831787
193 2.5437681674957275 1.6185057163238525 1.618505597114563
194 2.516587495803833 1.597389817237854 1.597389817237854
195 2.585387706756592 1.6702461242675781 1.6702464818954468
196 2.4234206676483154 1.568376898765564 1.568376898765564
197 2.481487512588501 1.6758593320846558 1.6758593320846558
198 2.4196503162384033 1.5606452226638794 1.5606452226638794
199 2.3500349521636963 1.537630558013916 1.537630558013916
200 2.514103889465332 1.7391753196716309 1.7391753196716309
201 2.547960042953491 1.758064866065979 1.758064866065979
202 2.555793523788452 1.6974623203277588 1.6974623203277588
203 2.511916160583496 1.6736302375793457 1.6736303567886353
204 2.5447142124176025 1.6896318197250366 1.6896315813064575
205 2.642545461654663 1.6883498430252075 1.6883498430252075
206 2.643569231033325 1.7224546670913696 1.7224550247192383
207 2.4163355827331543 1.5726218223571777 1.5726218223571777
208 2.549441337585449 1.708772897720337 1.7087724208831787
209 2.3756766319274902 1.51716947555542 1.51716947555542
210 2.4145278930664063 1.659323811531067 1.6593239307403564
211 2.293999195098877 1.512506365776062 1.512506365776062
212 2.377271890640259 1.5572407245635986 1.5572407245635986
213 2.4790189266204834 1.7039998769760132 1.7039997577667236
214 2.4652934074401855 1.6094549894332886 1.6094549894332886
215 2.4311866760253906 1.4916828870773315 1.4916828870773315
216 2.6245856285095215 1.816329836845398 1.816329836845398
217 2.5568795204162598 1.7099136114120483 1.7099136114120483
218 2.487855911254883 1.6013253927230835 1.6013253927230835
219 2.5620644092559814 1.64023756980896 1.64023756980896
220 2.5313174724578857 1.6698822975158691 1.6698822975158691
221 2.4517600536346436 1.5643316507339478 1.5643316507339478
222 2.5243160724639893 1.6927181482315063 1.6927181482315063
223 2.4759693145751953 1.5804466009140015 1.5804468393325806
224 2.5315935611724854 1.6605397462844849 1.6605397462844849
225 2.5387015342712402 1.6695259809494019 1.6695259809494019
226 2.525437355041504 1.650571346282959 1.6505714654922485
227 2.5744199752807617 1.755784511566162 1.755784511566162
228 2.591057777404785 1.7469217777252197 1.7469217777252197
229 2.6140434741973877 1.6934198141098022 1.6934195756912231
230 2.5217576026916504 1.6262811422348022 1.6262811422348022
231 2.5121383666992188 1.555723786354065 1.5557235479354858
232 2.452894926071167 1.4969278573989868 1.4969278573989868
233 2.4582443237304688 1.5197091102600098 1.5197091102600098
234 2.5085222721099854 1.6666574478149414 1.6666574478149414
235 2.519359588623047 1.6648005247116089 1.6648005247116089
236 2.475752592086792 1.6185961961746216 1.618596076965332
237 2.525675058364868 1.6369242668151855 1.6369242668151855
238 2.525561571121216 1.7337665557861328 1.7337666749954224
239 2.4585177898406982 1.599001169204712 1.5990012884140015
240 2.5541164875030518 1.643707036972046 1.643707036972046
241 2.5655367374420166 1.7051562070846558 1.7051562070846558
242 2.5401711463928223 1.665435791015625 1.665435791015625
243 2.506352186203003 1.6591392755508423 1.6591392755508423
244 2.488926887512207 1.5566548109054565 1.5566548109054565
245 2.4347972869873047 1.6206659078598022 1.6206656694412231
246 2.517430543899536 1.629029631614685 1.629029631614685
247 2.588798761367798 1.6726884841918945 1.6726884841918945
248 2.469374179840088 1.5462003946304321 1.5462003946304321
249 2.5380430221557617 1.6384021043777466 1.6384021043777466
250 2.5508828163146973 1.6361298561096191 1.6361299753189087
251 2.649308681488037 1.7440255880355835 1.7440255880355835
252 2.5410449504852295 1.6878658533096313 1.6878658533096313
253 2.52441668510437 1.5946202278137207 1.5946201086044312
254 2.6700856685638428 1.7942715883255005 1.7942715883255005
255 2.682567834854126 1.6884163618087769 1.6884163618087769
256 2.721857786178589 1.8322564363479614 1.8322564363479614
257 2.5391452312469482 1.5750278234481812 1.5750277042388916
258 2.4726662635803223 1.5632414817810059 1.5632416009902954
259 2.551422357559204 1.7174959182739258 1.7174959182739258
260 2.5049805641174316 1.6532105207443237 1.6532104015350342
261 2.578913927078247 1.7156038284301758 1.7156035900115967
262 2.5838935375213623 1.7244040966033936 1.7244040966033936
263 2.62213397026062 1.7884137630462646 1.7884137630462646
264 2.5529723167419434 1.7262842655181885 1.726284384727478
265 2.5538744926452637 1.680477261543274 1.680477261543274
266 2.437586545944214 1.5741487741470337 1.5741487741470337
267 2.5413291454315186 1.665352463722229 1.665352463722229
268 2.500596046447754 1.610059380531311 1.610059380531311
269 2.644676446914673 1.7235475778579712 1.7235475778579712
270 2.6398208141326904 1.6918376684188843 1.6918373107910156
271 2.534442186355591 1.6428989171981812 1.6428987979888916
272 2.610349655151367 1.71222722530365 1.7122275829315186
273 2.462294816970825 1.648102045059204 1.648102045059204
274 2.514369010925293 1.7022838592529297 1.7022836208343506
275 2.5523600578308105 1.779010534286499 1.779010534286499
276 2.59086012840271 1.7112295627593994 1.7112295627593994
277 2.49643874168396 1.7107385396957397 1.7107385396957397
278 2.6212732791900635 1.8366597890853882 1.8366597890853882
279 2.7135579586029053 1.863468050956726 1.863468050956726
280 2.7486603260040283 1.8929362297058105 1.8929362297058105
281 2.8006577491760254 1.9586862325668335 1.9586862325668335
282 2.833810806274414 2.025026321411133 2.025026321411133
283 2.618159532546997 1.8339788913726807 1.8339788913726807
284 2.726630926132202 1.9356814622879028 1.9356814622879028
285 2.510751485824585 1.7279939651489258 1.7279938459396362
286 2.5342769622802734 1.6327325105667114 1.632732629776001
287 2.5790562629699707 1.7334414720535278 1.7334414720535278
288 2.7222073078155518 1.9231332540512085 1.923133134841919
289 2.6259288787841797 1.7814050912857056 1.7814050912857056
290 2.6474382877349854 1.7246184349060059 1.7246184349060059
291 2.579617500305176 1.65675950050354 1.65675950050354
292 2.5005455017089844 1.6711679697036743 1.6711679697036743
293 2.613002061843872 1.6875792741775513 1.6875792741775513
294 2.6524317264556885 1.835525393486023 1.835525393486023
295 2.678002119064331 1.74680757522583 1.746807336807251
296 2.5778841972351074 1.779482126235962 1.779482126235962
297 2.487946033477783 1.6587538719177246 1.6587538719177246
298 2.566561460494995 1.7628413438796997 1.7628414630889893
299 2.4552979469299316 1.59786856174469 1.59786856174469
300 2.5694732666015625 1.7373722791671753 1.7373723983764648
301 2.66313099861145 1.8094490766525269 1.8094490766525269
302 2.6780953407287598 1.82506263256073 1.82506263256073
303 2.641258716583252 1.8545762300491333 1.8545762300491333
304 2.705697536468506 1.8801913261413574 1.880191445350647
305 2.590243101119995 1.7089619636535645 1.7089622020721436
306 2.6059911251068115 1.7623845338821411 1.7623845338821411
307 2.6738343238830566 1.8155635595321655 1.815563678741455
308 2.599506378173828 1.7430182695388794 1.7430182695388794
309 2.5872344970703125 1.757223129272461 1.757223129272461
310 2.6613664627075195 1.7766419649124146 1.7766419649124146
311 2.6273043155670166 1.7614941596984863 1.7614941596984863
312 2.598248243331909 1.7676326036453247 1.7676323652267456
313 2.7310538291931152 1.8993209600448608 1.8993208408355713
314 2.620319366455078 1.7840992212295532 1.7840992212295532
315 2.7063498497009277 1.904863953590393 1.904863953590393
316 2.7365121841430664 1.8537077903747559 1.8537077903747559
317 2.784702777862549 1.871183156967163 1.8711833953857422
318 2.515568494796753 1.6786943674087524 1.6786943674087524
319 2.5800507068634033 1.7423584461212158 1.7423584461212158
320 2.687466859817505 1.9020893573760986 1.9020894765853882
321 2.573072910308838 1.6978330612182617 1.6978329420089722
322 2.617316246032715 1.7842859029769897 1.7842859029769897
323 2.6144049167633057 1.8092331886291504 1.8092331886291504
324 2.6188104152679443 1.8369946479797363 1.8369948863983154
325 2.549030303955078 1.7333942651748657 1.7333942651748657
326 2.6041202545166016 1.7745617628097534 1.774561882019043
327 2.6531803607940674 1.763984203338623 1.763984203338623
328 2.5701122283935547 1.7426105737686157 1.7426106929779053
329 2.6779136657714844 1.8384181261062622 1.8384184837341309
330 2.634774684906006 1.814231276512146 1.8142313957214355
331 2.6021664142608643 1.7524354457855225 1.7524354457855225
332 2.7131354808807373 1.8756340742111206 1.8756335973739624
333 2.61498761177063 1.7267110347747803 1.7267110347747803
334 2.679758071899414 1.8553504943847656 1.8553504943847656
335 2.5715644359588623 1.7629671096801758 1.7629671096801758
336 2.5729641914367676 1.6759203672409058 1.675920009613037
337 2.635894775390625 1.7418127059936523 1.7418127059936523
338 2.60370135307312 1.7433524131774902 1.7433524131774902
339 2.660808563232422 1.8259156942367554 1.8259156942367554
340 2.6555466651916504 1.810884952545166 1.8108848333358765
341 2.5384180545806885 1.6108900308609009 1.6108899116516113
342 2.6639297008514404 1.7308655977249146 1.7308655977249146
343 2.5852320194244385 1.6999455690383911 1.6999455690383911
344 2.546231508255005 1.7121484279632568 1.7121484279632568
345 2.5910699367523193 1.7626442909240723 1.7626439332962036
346 2.492316246032715 1.6524850130081177 1.6524850130081177
347 2.5066564083099365 1.6922615766525269 1.6922615766525269
348 2.484011173248291 1.6316018104553223 1.6316016912460327
349 2.7050037384033203 1.9503427743911743 1.9503428936004639
350 2.5980377197265625 1.7660737037658691 1.7660738229751587
351 2.7199156284332275 1.8782768249511719 1.8782768249511719
352 2.5639891624450684 1.7219291925430298 1.7219293117523193
353 2.501382350921631 1.623905062675476 1.6239051818847656
354 2.6341819763183594 1.8721399307250977 1.872139811515808
355 2.5548317432403564 1.7663516998291016 1.7663516998291016
356 2.6053082942962646 1.7990952730178833 1.7990953922271729
357 2.746652364730835 1.9308067560195923 1.9308067560195923
358 2.6719682216644287 1.8407632112503052 1.8407632112503052
359 2.59824800491333 1.7831991910934448 1.783199429512024
360 2.6941490173339844 1.8610550165176392 1.861054539680481
361 2.6483640670776367 1.761495590209961 1.7614953517913818
362 2.5570859909057617 1.6579152345657349 1.6579152345657349
363 2.5811121463775635 1.648128628730774 1.648128628730774
364 2.587364912033081 1.7066453695297241 1.7066453695297241
365 2.579425811767578 1.6990675926208496 1.6990678310394287
366 2.6265017986297607 1.8428324460983276 1.8428326845169067
367 2.5235166549682617 1.6114037036895752 1.6114037036895752
368 2.7335004806518555 1.8392846584320068 1.8392846584320068
369 2.6354665756225586 1.6885526180267334 1.6885526180267334
370 2.6288702487945557 1.7202883958816528 1.7202883958816528
371 2.617600679397583 1.734593152999878 1.734593152999878
372 2.716428518295288 1.887094259262085 1.887094259262085
373 2.565011501312256 1.6354527473449707 1.6354527473449707
374 2.5593783855438232 1.666214942932129 1.666214942932129
375 2.52901554107666 1.7022043466567993 1.7022044658660889
376 2.6151227951049805 1.6621419191360474 1.6621419191360474
377 2.6770334243774414 1.7481026649475098 1.7481026649475098
378 2.5986132621765137 1.6819566488265991 1.6819566488265991
379 2.5913217067718506 1.659029483795166 1.659029483795166
380 2.567112684249878 1.6101858615875244 1.6101858615875244
381 2.6355512142181396 1.7114166021347046 1.7114166021347046
382 2.6980156898498535 1.7722846269607544 1.7722843885421753
383 2.712514638900757 1.8136804103851318 1.8136804103851318
384 2.5270798206329346 1.5860661268234253 1.5860657691955566
385 2.6727969646453857 1.8358973264694214 1.8358973264694214
386 2.771538257598877 1.9139004945755005 1.9139001369476318
387 2.698773145675659 1.8335578441619873 1.8335578441619873
388 2.7215397357940674 1.8015027046203613 1.8015029430389404
389 2.602745532989502 1.6952319145202637 1.6952319145202637
390 2.7864086627960205 1.8849626779556274 1.8849626779556274
391 2.631399393081665 1.7060472965240479 1.7060472965240479
392 2.6926839351654053 1.8495603799819946 1.8495603799819946
393 2.87764048576355 1.950632095336914 1.950632095336914
394 2.7469799518585205 1.7600878477096558 1.7600877285003662
395 2.6659059524536133 1.727866768836975 1.727866768836975
396 2.5383198261260986 1.6040829420089722 1.6040831804275513
397 2.6706526279449463 1.7488514184951782 1.7488514184951782
398 2.62815260887146 1.71070396900177 1.71070396900177
399 2.7161526679992676 1.820642352104187 1.820642352104187
400 2.6174838542938232 1.661074161529541 1.661074161529541
401 2.5198404788970947 1.6649168729782104 1.6649168729782104
402 2.5037150382995605 1.5900317430496216 1.5900317430496216
403 2.5491902828216553 1.6247388124465942 1.6247389316558838
404 2.5541064739227295 1.652055025100708 1.652055025100708
405 2.5335545539855957 1.7233885526657104 1.7233885526657104
406 2.546126365661621 1.6469690799713135 1.6469694375991821
407 2.589547634124756 1.774696946144104 1.7746973037719727
408 2.592700719833374 1.6420818567276 1.6420818567276
409 2.6152565479278564 1.6935874223709106 1.693587303161621
410 2.5718796253204346 1.6746808290481567 1.6746809482574463
411 2.6852126121520996 1.8236889839172363 1.8236889839172363
412 2.6202070713043213 1.675066351890564 1.675066351890564
413 2.5878028869628906 1.7458434104919434 1.7458431720733643
414 2.6723272800445557 1.8286690711975098 1.8286690711975098
415 2.592134714126587 1.6979349851608276 1.6979349851608276
416 2.600440740585327 1.7359005212783813 1.7359005212783813
417 2.689220666885376 1.8449056148529053 1.8449056148529053
418 2.7018513679504395 1.8498361110687256 1.8498361110687256
419 2.675968885421753 1.777145504951477 1.777145504951477
420 2.5759968757629395 1.7157572507858276 1.7157573699951172
421 2.6328797340393066 1.7879737615585327 1.7879737615585327
422 2.5918819904327393 1.6381142139434814 1.6381142139434814
423 2.5323503017425537 1.6946232318878174 1.694623589515686
424 2.726898670196533 1.8798613548278809 1.87986159324646
425 2.6019287109375 1.6968554258346558 1.6968554258346558
426 2.734004497528076 1.7910925149917603 1.7910925149917603
427 2.665452718734741 1.738221287727356 1.738221287727356
428 2.5864081382751465 1.710819959640503 1.710819959640503
429 2.7505624294281006 1.9232579469680786 1.92325758934021
430 2.611478090286255 1.7111154794692993 1.7111154794692993
431 2.6761536598205566 1.749512791633606 1.749512791633606
432 2.7431275844573975 1.8650692701339722 1.8650692701339722
433 2.67602801322937 1.7020865678787231 1.7020868062973022
434 2.691547155380249 1.792030930519104 1.7920308113098145
435 2.6714601516723633 1.7900859117507935 1.7900859117507935
436 2.6498427391052246 1.724863886833191 1.724863886833191
437 2.6718688011169434 1.7556018829345703 1.7556020021438599
438 2.607164144515991 1.6880756616592407 1.6880754232406616
439 2.7536942958831787 1.8421112298965454 1.8421112298965454
440 2.66372013092041 1.7194831371307373 1.7194832563400269
441 2.6833410263061523 1.7868529558181763 1.7868529558181763
442 2.588496208190918 1.6210250854492188 1.6210249662399292
443 2.643768310546875 1.7369259595870972 1.7369259595870972
444 2.6455562114715576 1.7367017269134521 1.7367019653320313
445 2.69854998588562 1.8363471031188965 1.8363471031188965
446 2.7124202251434326 1.8081462383270264 1.8081459999084473
447 2.593794345855713 1.7659971714019775 1.765997052192688
448 2.5880844593048096 1.7293648719787598 1.7293648719787598
449 2.6667392253875732 1.7577799558639526 1.7577803134918213
450 2.6896777153015137 1.7725744247436523 1.7725744247436523
451 2.5722856521606445 1.6773751974105835 1.6773751974105835
452 2.5796289443969727 1.6802691221237183 1.6802692413330078
453 2.705364227294922 1.8154507875442505 1.8154507875442505
454 2.616048574447632 1.6712596416473389 1.6712596416473389
455 2.6892383098602295 1.709320306777954 1.709320306777954
456 2.6732614040374756 1.763278841972351 1.763278841972351
457 2.7226691246032715 1.7445300817489624 1.7445299625396729
458 2.6763663291931152 1.7228784561157227 1.722878336906433
459 2.5804994106292725 1.688773274421692 1.6887731552124023
460 2.669252872467041 1.779905080795288 1.779905080795288
461 2.709470510482788 1.7728233337402344 1.7728233337402344
462 2.558769702911377 1.582916259765625 1.582916259765625
463 2.5675735473632813 1.6366450786590576 1.6366450786590576
464 2.5609493255615234 1.6075611114501953 1.6075611114501953
465 2.536309242248535 1.644203543663025 1.644203543663025
466 2.5654678344726563 1.6232861280441284 1.6232861280441284
467 2.670761823654175 1.6694351434707642 1.6694351434707642
468 2.6673834323883057 1.8018959760665894 1.8018959760665894
469 2.561005115509033 1.6684898138046265 1.6684898138046265
470 2.5352206230163574 1.632896900177002 1.632896900177002
471 2.508289337158203 1.6087985038757324 1.6087985038757324
472 2.7181949615478516 1.8327151536941528 1.8327151536941528
473 2.839313268661499 1.8923207521438599 1.8923208713531494
474 2.646043539047241 1.757812261581421 1.757812261581421
475 2.6051740646362305 1.7178733348846436 1.717873454093933
476 2.5528111457824707 1.7280347347259521 1.7280346155166626
477 2.504377841949463 1.6543000936508179 1.6542998552322388
478 2.705152750015259 1.7698010206222534 1.7698012590408325
479 2.677628517150879 1.749551773071289 1.7495520114898682
480 2.6529970169067383 1.8510044813156128 1.8510044813156128
481 2.5631003379821777 1.7438850402832031 1.7438850402832031
482 2.6705477237701416 1.8119779825210571 1.8119779825210571
483 2.6128835678100586 1.760704755783081 1.760704755783081
484 2.563410997390747 1.7474809885025024 1.7474809885025024
485 2.5362281799316406 1.732265830039978 1.732265830039978
486 2.5434911251068115 1.7121716737747192 1.7121719121932983
487 2.494709014892578 1.6312059164047241 1.6312059164047241
488 2.5568175315856934 1.6729565858840942 1.6729565858840942
489 2.6029796600341797 1.747770071029663 1.747770071029663
490 2.507004737854004 1.6555991172790527 1.6555991172790527
491 2.4456491470336914 1.597179651260376 1.597179651260376
492 2.546759605407715 1.6903622150421143 1.6903624534606934
493 2.5439984798431396 1.6799190044403076 1.6799190044403076
494 2.59798526763916 1.7218098640441895 1.7218098640441895
495 2.5031909942626953 1.6747875213623047 1.6747872829437256
496 2.5380969047546387 1.6641168594360352 1.6641168594360352
497 2.4145827293395996 1.5333442687988281 1.5333442687988281
498 2.485320806503296 1.65569269657135 1.65569269657135
499 2.440739870071411 1.6006779670715332 1.6006779670715332
500 2.5875720977783203 1.784257173538208 1.784257173538208
501 2.5059573650360107 1.6605087518692017 1.6605087518692017
