5 	 1.6314327716827393
6 	 1.0929268598556519
7 	 0.8845028877258301
8 	 1.2026119232177734
9 	 1.218980312347412
10 	 1.2213389873504639
11 	 0.7737858891487122
12 	 0.6366896629333496
13 	 0.5206289291381836
14 	 0.5031042695045471
15 	 0.42183390259742737
16 	 0.4423043429851532
17 	 0.4912896752357483
18 	 0.4997805058956146
19 	 0.6917636394500732
20 	 0.6629616618156433
21 	 0.6872678399085999
22 	 0.5716816782951355
23 	 0.6462951898574829
24 	 0.6969171166419983
25 	 0.7131339907646179
26 	 0.6037784218788147
27 	 0.5950667858123779
28 	 0.6123486757278442
29 	 0.5586243867874146
30 	 0.4807972311973572
31 	 0.6272410750389099
32 	 0.7459797263145447
33 	 0.7546221017837524
34 	 0.5863766074180603
35 	 0.6457853317260742
36 	 0.7766739130020142
37 	 0.6853007674217224
38 	 0.6058833003044128
39 	 0.7628587484359741
40 	 0.8491348624229431
41 	 0.7824306488037109
42 	 0.8910512328147888
43 	 0.6696428656578064
44 	 0.661084771156311
45 	 0.6505243182182312
46 	 0.5984121561050415
47 	 0.5753018856048584
48 	 0.6552346348762512
49 	 0.7254810929298401
50 	 0.959758996963501
51 	 1.1375752687454224
52 	 1.0409880876541138
53 	 0.9290401339530945
54 	 1.0235424041748047
55 	 1.0393149852752686
56 	 1.0500130653381348
57 	 0.9198808073997498
58 	 0.7972342371940613
59 	 0.7629924416542053
60 	 0.629290759563446
61 	 0.766831636428833
62 	 0.9770833253860474
63 	 1.1108524799346924
64 	 0.9369214773178101
65 	 0.9044073224067688
66 	 1.024025797843933
67 	 0.9290350079536438
68 	 0.6805583834648132
69 	 0.637333869934082
70 	 0.525818943977356
71 	 0.470889687538147
72 	 0.42191973328590393
73 	 0.3993149995803833
74 	 0.4495878219604492
75 	 0.40976062417030334
76 	 0.4354352653026581
77 	 0.39688193798065186
78 	 0.3882109522819519
79 	 0.3614778518676758
80 	 0.4386356770992279
81 	 0.40143460035324097
82 	 0.4236011803150177
83 	 0.41715916991233826
84 	 0.41740524768829346
85 	 0.43050089478492737
86 	 0.49907201528549194
87 	 0.49767759442329407
88 	 0.5759993195533752
89 	 0.7114865779876709
90 	 0.7141292095184326
91 	 0.9476762413978577
92 	 0.8555743098258972
93 	 0.7023239135742188
94 	 0.8072158098220825
95 	 0.8608896136283875
96 	 0.6889766454696655
97 	 0.6665063500404358
98 	 0.7138826251029968
99 	 0.5657195448875427
100 	 0.5463998317718506
101 	 0.49066847562789917
102 	 0.45200100541114807
103 	 0.4778237044811249
104 	 0.4098622798919678
105 	 0.43765729665756226
106 	 0.47955557703971863
107 	 0.47855502367019653
108 	 0.4767839014530182
109 	 0.49360784888267517
110 	 0.4170065224170685
111 	 0.3942057192325592
112 	 0.4076690673828125
113 	 0.44188177585601807
114 	 0.48237335681915283
115 	 0.5147275328636169
116 	 0.5852058529853821
117 	 0.6124213933944702
118 	 0.7026170492172241
119 	 0.7913866639137268
120 	 0.8726384043693542
121 	 0.9804990291595459
122 	 0.9324465990066528
123 	 1.0514494180679321
124 	 0.9229181408882141
125 	 0.8576838970184326
126 	 1.1576014757156372
127 	 0.9171229004859924
128 	 0.8929381370544434
129 	 0.7389310598373413
130 	 0.5507917404174805
131 	 0.5021057724952698
132 	 0.5541818141937256
133 	 0.5474911332130432
134 	 0.4820535182952881
135 	 0.4822433590888977
136 	 0.5550547242164612
137 	 0.5796701312065125
138 	 0.5632342100143433
139 	 0.5859166383743286
140 	 0.6854062676429749
141 	 0.7103070020675659
142 	 0.8799898028373718
143 	 0.6794779300689697
144 	 0.6520764231681824
145 	 0.6770596504211426
146 	 0.6223205924034119
147 	 0.5670157074928284
148 	 0.4461084008216858
149 	 0.43522781133651733
150 	 0.4573039710521698
151 	 0.4354039430618286
152 	 0.5014273524284363
153 	 0.517943799495697
154 	 0.6680026650428772
155 	 1.3122740983963013
156 	 2.3236372470855713
157 	 1.384151577949524
158 	 0.6673404574394226
159 	 0.5084460973739624
160 	 0.4016052782535553
161 	 0.3816685676574707
162 	 0.43069523572921753
163 	 0.3702336549758911
164 	 0.37376484274864197
165 	 0.3710517883300781
166 	 0.3881286382675171
167 	 0.3484046757221222
168 	 0.40008461475372314
169 	 0.39329996705055237
170 	 0.44540202617645264
171 	 0.4685206115245819
172 	 0.45397716760635376
173 	 0.40624067187309265
174 	 0.41095036268234253
175 	 0.5551900267601013
176 	 0.6280175447463989
177 	 0.5606266260147095
178 	 0.6178922057151794
179 	 0.77057945728302
180 	 0.6650851368904114
181 	 0.6772701740264893
182 	 1.304624080657959
183 	 1.4237968921661377
184 	 1.3595550060272217
185 	 1.3254927396774292
186 	 0.8277922868728638
187 	 0.6620633602142334
188 	 0.7512909770011902
189 	 0.710530161857605
190 	 0.6617945432662964
191 	 0.6082924008369446
192 	 0.5728631019592285
193 	 0.6793151497840881
194 	 0.7020633816719055
195 	 0.646602988243103
196 	 0.7255785465240479
197 	 0.9700609445571899
198 	 1.3384678363800049
199 	 0.8298987746238708
200 	 0.85832679271698
201 	 0.6114608645439148
202 	 0.46528252959251404
203 	 0.5059535503387451
204 	 0.4936893582344055
205 	 0.463776171207428
206 	 0.4123438596725464
207 	 0.4278540313243866
208 	 0.4376555383205414
209 	 0.527327299118042
210 	 0.6987248659133911
211 	 0.9082968235015869
212 	 1.4004862308502197
213 	 2.0935351848602295
214 	 1.8915570974349976
215 	 2.6694700717926025
216 	 2.158224105834961
217 	 2.1604440212249756
218 	 2.0236470699310303
219 	 2.3265862464904785
220 	 2.297900915145874
221 	 1.7722487449645996
222 	 2.641035795211792
223 	 2.4163689613342285
224 	 3.132174491882324
225 	 3.0350265502929688
226 	 2.104832410812378
227 	 1.5569849014282227
228 	 1.178964614868164
229 	 1.190685749053955
230 	 1.228522777557373
231 	 1.1374880075454712
232 	 1.447835922241211
233 	 1.5297342538833618
234 	 1.0483436584472656
235 	 0.9716517329216003
236 	 1.0795578956604004
237 	 0.9777415990829468
238 	 1.1061172485351563
239 	 0.9958978295326233
240 	 0.956071674823761
241 	 0.8477293848991394
242 	 1.1360151767730713
243 	 1.502036213874817
244 	 0.9519732594490051
245 	 0.6183527112007141
246 	 0.6230155229568481
247 	 0.5972744822502136
248 	 0.5751893520355225
249 	 0.7361904978752136
250 	 0.7010753750801086
251 	 0.59602290391922
252 	 0.5378603935241699
253 	 0.44937756657600403
254 	 0.39090803265571594
255 	 0.3710479438304901
256 	 0.3555026054382324
257 	 0.38349419832229614
258 	 0.43201953172683716
259 	 0.4310215711593628
260 	 0.46956977248191833
261 	 0.5252407193183899
262 	 0.6012642979621887
263 	 0.5223044753074646
264 	 0.5402061343193054
265 	 0.5566946864128113
266 	 0.5507031083106995
267 	 0.8063080310821533
268 	 0.6064066886901855
269 	 0.7867934703826904
270 	 1.0449012517929077
271 	 1.2300699949264526
272 	 1.580990195274353
273 	 2.0156006813049316
274 	 2.4662818908691406
275 	 2.8027467727661133
276 	 2.4766931533813477
277 	 2.0477325916290283
278 	 1.9794871807098389
279 	 1.5661735534667969
280 	 1.0095367431640625
281 	 0.6206570267677307
282 	 0.47773781418800354
283 	 0.4129841923713684
284 	 0.42716851830482483
285 	 0.4394058287143707
286 	 0.4490451514720917
287 	 0.5706283450126648
288 	 0.600471556186676
289 	 0.8334200978279114
290 	 0.6634007692337036
291 	 0.7111911177635193
292 	 0.7019904255867004
293 	 0.8532314300537109
294 	 0.7831376194953918
295 	 0.7229404449462891
296 	 0.7850849628448486
297 	 0.76236891746521
298 	 0.6897982954978943
299 	 0.7241919040679932
300 	 0.8277645707130432
301 	 0.7873011827468872
302 	 0.7903568744659424
303 	 0.957940936088562
304 	 1.199725866317749
305 	 1.251243233680725
306 	 1.0942898988723755
307 	 1.0930050611495972
308 	 1.3111779689788818
309 	 1.316774845123291
310 	 1.3515673875808716
311 	 1.3285179138183594
312 	 0.9609044790267944
313 	 0.9647936224937439
314 	 0.6537156105041504
315 	 0.5320758819580078
316 	 0.5194664001464844
317 	 0.5125237107276917
318 	 0.5328234434127808
319 	 0.5487431287765503
320 	 0.4906949996948242
321 	 0.5420623421669006
322 	 0.4585248827934265
323 	 0.405851811170578
324 	 0.37341782450675964
325 	 0.37003353238105774
326 	 0.4113963544368744
327 	 0.46318840980529785
328 	 0.5855752229690552
329 	 1.019254446029663
330 	 1.0402799844741821
331 	 0.7127658128738403
332 	 0.6063280701637268
333 	 0.5013279318809509
334 	 0.4285261631011963
335 	 0.3862956464290619
336 	 0.3617400825023651
337 	 0.352699875831604
338 	 0.37627118825912476
339 	 0.3746119737625122
340 	 0.4708094000816345
341 	 0.5320069193840027
342 	 0.5437024831771851
343 	 0.5414011478424072
344 	 0.5481757521629333
345 	 0.48534727096557617
346 	 0.4221480190753937
347 	 0.4103648066520691
348 	 0.4935471713542938
349 	 0.47688212990760803
350 	 0.5136173963546753
351 	 0.581934928894043
352 	 0.7860324382781982
353 	 0.8722798228263855
354 	 0.7728447318077087
355 	 0.7470551133155823
356 	 0.6192520260810852
357 	 0.5330220460891724
358 	 0.7154343724250793
359 	 1.1272300481796265
360 	 2.1091678142547607
