0 2.5407635395301114
1 2.5688575027187985
2 2.6059277833389385
3 2.639496825044744
4 2.6612894670975002
5 2.556370317939356
6 2.5074960639500015
7 2.684092435278626
8 2.6887348590190316
9 2.751664621275577
10 2.5637871571352053
11 2.8307497317337647
12 2.736644924365695
13 2.6947368743356046
14 2.5854374959531774
15 2.726254402340571
16 2.6150246231138294
17 2.565035352457654
18 2.7046086854018525
19 2.6259493387563166
20 2.8795939482981847
21 2.690024540673052
22 2.551529570982519
23 2.669380285124425
24 2.8822822673973514
25 2.6258634857187193
26 2.7311697600365776
27 2.809721570775375
28 2.635424840827057
29 2.6797140336947614
30 2.6098678692871884
31 2.6199624637231556
32 2.723015112625888
33 2.6842371621972356
34 2.6207421096425834
35 2.5526914170334982
36 2.679570667294421
37 2.8210200635124836
38 2.7192682599060585
39 2.584397643048842
40 2.4638264467572486
41 2.694321575502881
42 2.812879530531642
43 2.6139689237801966
44 2.663724766906041
45 2.6157415619256312
46 2.7078547438367955
47 2.607613527630078
48 2.5903762287359666
49 2.6566142577434393
50 2.6606985212403362
51 2.749234135619749
52 2.657856958578216
53 2.7771720650103986
54 2.641313831342947
55 2.6778913846756733
56 2.6713091546048133
57 2.626268654359376
58 2.8415402132207075
59 2.624950830711515
60 2.570265790149137
61 2.5550026828151307
62 2.6340729146564055
63 2.680384875838459
64 2.668116219257336
65 2.689167840923369
66 2.6553796237445306
67 2.7722096642522875
68 2.618362151736603
69 2.6993043182417513
70 2.658542227629463
71 2.6240039667337416
72 2.5928521442817765
73 2.688268586938736
74 2.9011821738871335
75 2.625372735467984
76 2.729590166111715
77 2.6127713791500606
78 2.6950804698126585
79 2.715987836384661
80 2.7521037501091907
81 2.7659542660938206
82 2.7336335718914904
83 2.744468851611985
84 2.676339653566236
85 2.581218026531636
86 2.792651105257467
87 2.7246410932081178
88 2.632973395235593
89 2.646058303417247
90 2.7635135875785846
91 2.640975033584014
92 2.5498050823650464
93 2.5433370158514985
94 2.577183976067749
95 2.578544619361521
96 2.7132532241998653
97 2.6055303723294436
98 2.758265535666364
99 2.626396810097254
100 2.554057859904535
101 2.792445504126419
102 2.7018995423813017
103 2.560813265936121
104 2.5503259168233465
105 2.688546723381965
106 2.692600518947499
107 2.6931670623661086
108 2.635244147314579
109 2.721278841258234
110 2.5559589038828756
111 2.6984884639810764
112 2.751084485592397
113 2.7174726026821157
114 2.787234129714314
115 2.661928733615617
116 2.6126607838191025
117 2.6980917236005144
118 2.584031365438762
119 2.6124420489089237
120 2.625835834409911
121 2.6685448050596263
122 2.6048912836464813
123 2.638773320806769
124 2.7007093957417054
125 2.51541959782924
126 2.6204749589537495
127 2.5344995092249634
128 2.610886874953383
129 2.6740769215170253
130 2.678215062799019
131 2.595217746882876
132 2.7275054551560567
133 2.679592623907333
134 2.989015132601651
135 2.6839805430903616
136 2.6504485274312084
137 2.7454757929434614
138 2.662527818204986
139 2.5988777673709693
140 2.5873710901381024
141 2.6655286021908444
142 2.7035610581642318
143 2.6101720020654406
144 2.5995787407119995
145 2.666318536367292
146 2.5628822612398974
147 2.6638137194034175
148 2.6918220335677567
149 2.5251931883322105
150 2.5468700086074807
151 2.6259602336609276
152 2.64173417750959
153 2.6167159958611905
154 2.6137412841912426
155 2.8642720912328556
156 2.783342447556462
157 2.585068500514355
158 2.6451031252872226
159 2.536566919229822
160 2.5919729703575176
161 2.589927924282397
162 2.7105203795607373
163 2.661201170678662
164 2.6427761770100813
165 2.7218771582643897
166 2.4929462366433657
167 2.64803982055224
168 2.549086741572474
169 2.566168078177668
170 2.6501826489350204
171 2.5939418155055933
172 2.6623898170379543
173 2.5484782020788237
174 2.6316630137394377
175 2.567341272732796
176 2.607701059840423
177 2.7573788654941125
178 2.655607474532777
179 2.6711180282204117
180 2.6386595148521534
181 2.7281592150071363
182 2.7149951093063978
183 2.5448632754260347
184 2.664260412676593
185 2.6285800415851712
186 2.598127410735335
187 2.7234468652777086
188 2.5969537021785283
189 2.5352443293026212
190 2.5974526594088703
191 2.6321332773382227
192 2.6769261787932823
193 2.5639283117445357
194 2.6836183318290443
195 2.5633465262594486
196 2.480814217913082
197 2.728657615291796
198 2.541380814482342
199 2.702278859863083
200 2.688579044399229
201 2.5164495320902716
202 2.678339607416352
203 2.5853859192529836
204 2.6424286206167515
205 2.6350031988678153
206 2.6088157828234455
207 2.5766243568157354
208 2.541201922153387
209 2.7136102875202783
210 2.631633126897197
211 2.650339860153826
212 2.595259084009334
213 2.662198497653914
214 2.581663055682588
215 2.5891346693154818
216 2.6570558364414967
217 2.594005133924786
218 2.7043120647073517
219 2.7778010771584953
220 2.6299859373269996
221 2.520765822534212
222 2.706972663446364
223 2.651376482096038
224 2.6955532589628586
225 2.5262901458401696
226 2.615039806598766
227 2.475690148171319
228 2.5882322115007423
229 2.7358185836171716
230 2.612349460837277
231 2.6287580572789557
232 2.6796673815356282
233 2.6959765745436326
234 2.616097349461769
235 2.563704748529529
236 2.6516222385246495
237 2.653021595910891
238 2.7256877873570953
239 2.5372154363699138
240 2.640951342830165
241 2.674207907699505
242 2.6951156962573566
243 2.552450316790932
244 2.6349708747714438
245 2.5206642117142657
246 2.746590231439482
247 2.6515350851683426
248 2.6427299696955147
249 2.723104749386557
250 2.6596974715048765
251 2.656418441011619
252 2.570086508415666
253 2.6731274597279353
254 2.8039370815016875
255 2.7664708561685067
256 2.601063229902424
257 2.6609008211849816
258 2.7364914692908644
259 2.6008074258008915
260 2.657469978265889
261 2.5788992615966353
262 2.66367165848324
263 2.6452330094183676
264 2.497303567058072
265 2.5583482426470696
266 2.605908177372089
267 2.557690091206427
268 2.5078962481562352
269 2.6793598714640834
270 2.489556279795855
271 2.72709830963093
272 2.6906855484198053
273 2.590811644335262
274 2.6378691545752413
275 2.563328270113769
276 2.5323631368020707
277 2.611109586030149
278 2.6936813638953656
279 2.5760818777747647
280 2.580797069334371
281 2.4934794652243304
282 2.6742265277479405
283 2.643599655641003
284 2.67412956204403
285 2.5574283258458936
286 2.5103408608673776
287 2.5763667376985087
288 2.591225719703141
289 2.5859063815245444
290 2.666990704667674
291 2.7430520441710713
292 2.538323479297637
293 2.6038951000218815
294 2.6454208826893426
295 2.7045226468378685
296 2.66318358353073
297 2.5546295428142525
298 2.6685770712181904
299 2.607845643163826
300 2.7444343309790846
301 2.6293159779820727
302 2.7078125285437804
303 2.7530453013847724
304 2.580583488515297
305 2.7724948665291618
306 2.6205404661066884
307 2.5618390832240516
308 2.7046440703996555
309 2.5798864862647166
310 2.707319252634519
311 2.7265477692310442
312 2.753530107242621
313 2.6946313732891856
314 2.831996698530519
315 2.707224062525652
316 2.822862095381785
317 2.691458997451674
318 2.6889947198047577
319 2.5165683438577724
320 2.51292887280271
321 2.6425481733345006
322 2.6023547586402875
323 2.5468208080113333
324 2.522972999728972
325 2.685163816442784
326 2.6485932085086135
327 2.6255908049364036
328 2.7103029601080793
329 2.6049037327608717
330 2.688953211809955
331 2.724668538636388
332 2.614367652485207
333 2.627788140767412
334 2.809177253547234
335 2.5500491952741777
336 2.8691761844766894
337 2.6667382116211904
338 2.5957961628334383
339 2.6437937924937023
340 2.620742887545354
341 2.697635359152563
342 2.5606458479439063
343 2.6626695507621934
344 2.5766287039968065
345 2.665762657841311
346 2.6513261462594375
347 2.8631828510838617
348 2.795584483638243
349 2.6524088178462395
350 2.6033306854339315
351 2.508618411576557
352 2.5862092741181217
353 2.6651735515231
354 2.63241140120592
355 2.529681607656402
356 2.812539480641971
357 2.5964288000101385
358 2.697671428733
359 2.6905549931628965
360 2.5782195615542114
361 2.548734716561971
362 2.5872385272202707
363 2.674729274859052
364 2.735364684316163
365 2.5368094889300656
366 2.5767087811752627
367 2.60801996451285
368 2.569953024821611
369 2.537165811786336
370 2.565192899100694
371 2.641558344091741
372 2.6660199588165283
373 2.565004142608765
374 2.5504274069834647
375 2.527154196315343
376 2.598473765333768
377 2.5850715703012517
378 2.482231554933906
379 2.6194583207043958
380 2.5819832664265707
381 2.613281261402785
382 2.609802588923937
383 2.6366145331298783
384 2.5434080665556493
385 2.662454797937826
386 2.6692038082905056
387 2.55245115080993
388 2.5640760993055864
389 2.6590903810675686
390 2.6655247534723028
391 2.727394534229743
392 2.682858543551095
393 2.6546177390486503
394 2.659490625609066
395 2.6378195248220035
396 2.749736318534277
397 2.5662480315825493
398 2.6096651856349466
399 2.657986074625329
400 2.6777945305715325
401 2.6473140122094785
402 2.6829489383653358
403 2.8052597805543122
404 2.6191275182659863
405 2.663210485399696
406 2.6050247368398987
407 2.6230695091649654
408 2.461795597407281
409 2.5402574086946568
410 2.619941602673655
411 2.5616048884318428
412 2.5815572915476226
413 2.5453868208376007
414 2.7287567907299337
415 2.6493899793753966
416 2.658370205611632
417 2.546512571310448
418 2.634197919647998
419 2.6421584073138544
420 2.6639383651537933
421 2.6262381942859823
422 2.5151970893351288
423 2.4903487212363955
424 2.6129864434606636
425 2.5218435029995145
426 2.644167124149017
427 2.6531240525859507
428 2.5278485207551373
429 2.619290089142763
430 2.754539052398631
431 2.5322925603231354
432 2.621684251783708
433 2.7279546116295585
434 2.567697781095738
435 2.6745826566207622
436 2.669639902556508
437 2.72610945138514
438 2.697775305500887
439 2.6641888337146264
440 2.6399409577682325
441 2.7093333633336463
442 2.755436756352597
443 2.7539311383434635
444 2.6471959529325693
445 2.741183978480696
446 2.508580403140826
447 2.668752386144489
448 2.5998218922176686
449 2.7517150406412902
450 2.7614687916352807
451 2.69769089281326
452 2.608477252051577
453 2.7734598358829845
454 2.788972917479247
455 2.625792848238508
456 2.6253447975822253
457 2.601837925878565
458 2.6845414827402845
459 2.7540089546542763
460 2.634038741100206
461 2.6136421441312185
462 2.6504285328361967
463 2.7891184442129417
464 2.5943515775705275
465 2.5760380640852336
466 2.6037351633325576
467 2.686743357042178
468 2.6354821090584686
469 2.580894737905641
470 2.6773122249336017
471 2.5464572677220128
472 2.6428630043907266
473 2.690436574526633
474 2.6199800782791414
475 2.673507455249856
476 2.5440965242290052
477 2.6664948737414025
478 2.6143791044655327
479 2.7190174595029486
480 2.582443953111317
481 2.5361662369916855
482 2.6438388485681266
483 2.6475695161023025
484 2.638963097156164
485 2.672704094565973
486 2.5820620295741255
487 2.662026075131702
488 2.6313122542850444
489 2.5996885098436304
490 2.5043054991950093
491 2.652039840224889
492 2.6932092937872483
493 2.5962750103314853
494 2.610307006591365
495 2.6214959474881288
496 2.61753289025447
497 2.6083273316709876
498 2.586147606911325
499 2.686856728167706
500 2.6491489421166774
501 2.614992479885539
