0 11.6436869780009
1 11.690497977552576
2 12.047174359002964
3 11.531223789832504
4 11.28769600088612
5 11.403975986859331
6 11.925185371284982
7 12.410942906284435
8 11.329288836089951
9 11.842185085431355
10 12.43665921611927
11 12.197701171480428
12 13.459715063870227
13 11.497662927664614
14 12.125544396461825
15 12.625288868451893
16 12.236634688132979
17 11.612633589944926
18 12.784560011146628
19 12.144628511097071
20 12.651293461279987
21 11.877208592994924
22 11.97655727852552
23 11.869853016694979
24 14.461698912686995
25 12.180703329034866
26 13.818382716695726
27 15.318485713953438
28 13.728646197678854
29 11.10812528450151
30 13.854501248155513
31 14.519020983945877
32 14.129824635092607
33 12.29438062891182
34 12.802927342855918
35 12.368889145795242
36 12.558272280802358
37 11.882544569755913
38 13.97165070835261
39 13.090592808383107
40 13.013666568013566
41 12.877177267234984
42 11.975055316510161
43 13.487853583473067
44 14.041342761130888
45 13.104009519600673
46 13.570741030126227
47 12.621152808782266
48 13.644354867387815
49 13.97940921948035
50 13.06937935334837
51 12.479931959856424
52 13.389534257428618
53 13.11312551398456
54 13.433039999997929
55 12.444079068548659
56 12.350496530302008
57 13.103238059006042
58 14.564886174257001
59 13.971335374288836
60 12.69384575705285
61 13.310430347340413
62 12.648040472944706
63 11.406683841890352
64 12.332696390192638
65 12.728687736716426
66 12.641712599371903
67 13.048569016297204
68 12.446584072505374
69 12.42362476955799
70 11.814655064347422
71 12.111813410232552
72 11.902029018821285
73 12.014105945575032
74 13.284953091548909
75 12.383983363555036
76 11.68922073882237
77 10.990007670219812
78 12.646304268648903
79 13.380054972831728
80 12.758133678363105
81 12.376070566589295
82 14.103026282712817
83 13.658866016629945
84 12.168668926318947
85 13.81623839778237
86 13.199691356561479
87 10.193560464271226
88 15.444381458257908
89 14.603550573978529
90 14.052380175336317
91 13.324509712824847
92 12.698304738992002
93 12.924700597093363
94 11.425833489451472
95 12.60342783374468
96 12.093930665326784
97 11.93309330719332
98 13.288990723249105
99 12.640033886553585
100 12.982822079391457
101 11.857070709937839
102 13.086798471237804
103 13.851121633155191
104 14.381961939471555
105 14.134203269985049
106 13.500211093865197
107 12.491589784468582
108 12.984261895459962
109 12.020876836849945
110 13.740514766115853
111 12.653559212248792
112 13.187399979417924
113 13.618110501526003
114 12.942412928717193
115 12.316173717231615
116 13.806045717136778
117 12.996411480448568
118 14.090343655421778
119 12.686621324044062
120 13.068666093979093
121 13.26623587459178
122 11.273569913968329
123 14.084841599341996
124 12.718132317886893
125 13.227872499367574
126 13.028938776055528
127 13.964758830982642
128 13.611620816476698
129 14.039847117949037
130 12.693106680055632
131 12.883593861841907
132 14.00405107823623
133 13.884147096466448
134 13.12869929138756
135 12.63543330512409
136 12.424165913421907
137 12.61204199582736
138 13.603468689708066
139 12.893949115335756
140 13.204511754511909
141 12.870300380279476
142 12.890292840990439
143 13.948625273158068
144 12.769910574139681
145 13.244525051266944
146 14.839190114739056
147 14.120098656495397
148 13.534505286402892
149 13.70685450188646
150 12.514528044355202
151 13.33401125589803
152 13.729691160509638
153 12.26773869912383
154 12.032584556560964
155 13.18548126052522
156 13.049496949235671
157 12.669123376750807
158 13.448018017142763
159 11.245731380365749
160 12.364272858728572
161 12.16401609574974
162 11.464552578915479
163 12.552532361465225
164 12.753077881920987
165 11.269163410270247
166 12.880489148716011
167 11.976337753764936
168 13.33208216514598
169 13.929449863841732
170 13.20482155133114
171 12.146527239582133
172 12.425801240605194
173 12.48902726163839
174 12.673529596633175
175 11.873849431438725
176 11.997259947966274
177 10.832438487011897
178 11.020080605601718
179 12.499758166421115
180 11.534168338754565
181 10.961760515878673
182 12.348547675760871
183 10.995490539133993
184 12.18132068772989
185 11.954968186943258
186 12.435831443457925
187 11.830179899081097
188 12.296279303718803
189 10.839373924300695
190 11.035070964570833
191 12.147406176435796
192 12.9563248236361
193 11.14412377674333
194 11.079804657623121
195 12.450118194942394
196 12.65338976979194
197 11.065967765638325
198 11.443266135946327
199 11.973210039929238
200 11.48135808523824
201 12.405022056111855
202 13.44265039077122
203 11.710218704767176
204 10.784590563542015
205 12.386100590417781
206 12.449362257455642
207 13.118792521650075
208 12.797107576221647
209 13.048308614477756
210 12.497892312047995
211 12.885535083565491
212 13.298514148398837
213 12.685999606960456
214 13.201034545047163
215 13.250433841434665
216 14.59878536252334
217 13.456756786714232
218 12.819574506514412
219 14.294501250815808
220 13.547648038664779
221 12.677936534726609
222 13.668147035093735
223 13.00722954572739
224 13.34852799527403
225 13.184466195423385
226 13.651548211671434
227 12.741443915844822
228 13.097378943353396
229 13.318166635128234
230 12.816415189955013
231 14.090841685880317
232 13.138890461930472
233 12.98535887190637
234 13.06040575354438
235 14.543436320205739
236 13.296489922446616
237 12.816042445224188
238 13.425692019342558
239 12.61924661728086
240 12.735239311808877
241 13.176730531294073
242 13.25834537889126
243 12.300879733339332
244 12.51842741262879
245 13.47072545684497
246 12.25927754811141
247 13.527786944434412
248 12.419737937352759
249 12.865668769860347
250 12.764760456954905
251 13.809856951081898
252 13.333879305668802
253 12.64925601698449
254 13.890265283072813
255 14.547191808469922
256 13.914679049161245
257 14.523006686608465
258 14.10436416805111
259 13.377398731285997
260 14.127662917591742
261 14.171994824358363
262 14.608425427429681
263 14.534609824167967
264 13.409816339751467
265 14.213877941970107
266 13.910737785240835
267 14.568537663428636
268 14.65179638186416
269 13.817118488770461
270 13.563392339234476
271 14.161998670736656
272 14.14848555463824
273 14.17026376772951
274 14.52775565552504
275 12.950950125029763
276 13.71235773528447
277 13.802472037764613
278 14.028650830694904
279 13.240338793126355
280 13.998751199904357
281 13.306353071387115
282 14.131660997890615
283 12.87683116787446
284 13.68703863300781
285 13.966375574265198
286 14.594675331533537
287 14.728298160632312
288 13.926337530939614
289 13.333477499717546
290 15.135229888960499
291 14.261671005263725
292 13.639801754154803
293 13.572983255000484
294 14.92307707686349
295 14.077180313180023
296 15.026404470528629
297 13.673764521409238
298 14.066510638237704
299 14.734473249872366
300 14.808384653409579
301 14.300890383831245
302 13.57634207840868
303 13.916388509329634
304 14.274934725372507
305 14.778486524813632
306 14.54341488721868
307 15.149810281883008
308 14.446852554991894
309 14.945512064031414
310 13.464288320646435
311 13.994531398646366
312 14.218508209116038
313 14.31832712569178
314 14.528781210493149
315 13.940062800131848
316 13.789370510860552
317 13.900224357012966
318 13.691026688055759
319 15.05450435892709
320 14.427933632674991
321 14.536404395856513
322 14.47582253371762
323 13.914096110687304
324 14.591263124226153
325 13.779984130774722
326 15.42381834145396
327 14.202750859750637
328 12.947471704250752
329 13.034922335439452
330 12.336050230154461
331 13.577805101436821
332 13.450385668124472
333 13.447662614203178
334 14.473026848024423
335 13.855434159436603
336 14.685048935222898
337 14.871337082442167
338 13.738767367673063
339 13.656171554948555
340 13.384682327495984
341 14.200518007088787
342 13.914519907257793
343 14.380801919250024
344 14.755417518350438
345 14.627115416419514
346 14.013940196573989
347 13.097352509547138
348 15.187487311757147
349 13.910520493586562
350 13.601218427744644
351 12.690080357382264
352 15.06576402503309
353 13.763972331507514
354 14.477155041461344
355 14.753636666105718
356 14.230981381007947
357 14.162881428398927
358 13.88876014473894
359 14.900488304088697
360 14.434032047804928
361 13.435695102963022
362 15.352525948216172
363 12.477225556341665
364 13.323623103802506
365 12.49389376517907
366 14.828080153887552
367 12.558661038615739
368 12.813569363024317
369 14.949129039079127
370 12.497451520970497
371 13.592045739498104
372 14.892477548400818
373 13.040042671294618
374 13.591881213168344
375 15.298308066300887
376 12.885886596213224
377 13.677354309904043
378 13.995003283020413
379 14.435652399243747
380 14.253056980958178
381 12.999111015328737
382 15.329065323616076
383 15.335868055716402
384 14.392009586431174
385 14.123599983979096
386 13.256352848343006
387 13.827656037727245
388 14.28562850132653
389 16.01061533147165
390 14.967801390290886
391 13.137432284960695
392 14.047912748218051
393 14.321995685810066
394 15.36631991008385
395 14.381713160618093
396 12.453645335743204
397 14.405370760990811
398 14.684632191845813
399 14.655199403742005
400 13.464338270225948
401 14.393496311403378
402 12.640551404665482
403 13.902775460111917
404 13.770923103022989
405 12.706283393877523
406 13.377153872629872
407 12.736048907328627
408 13.038768988156312
409 13.203186328055567
410 13.25638006177069
411 14.799027258322193
412 14.595002383604157
413 15.086466631719407
414 13.756125106524147
415 13.948292283271705
416 15.93085515544978
417 13.202098211977583
418 14.86505332952993
419 14.377075122856699
420 14.234480001325933
421 15.241199390997163
422 13.867898141837202
423 14.052569112305486
424 16.30611404691803
425 12.906701413306733
426 14.965093362503895
427 13.44553106773211
428 14.37798057042384
429 14.014298209276436
430 13.707914001582754
431 14.420480517970459
432 14.629554247531676
433 14.287360272028035
434 14.413699051646715
435 14.584861072302218
436 14.258067772469866
437 14.31821964621761
438 13.883174348527834
439 13.31588578650769
440 13.52600224814931
441 14.82617513524752
442 13.46911444498185
443 13.579017897027923
444 13.79257163461171
445 14.821902231634608
446 15.033504098183863
447 13.963014146324834
448 13.870722174409776
449 13.985379447938284
450 14.645626288798965
451 15.266141162695503
452 13.568650741446586
453 12.889186160789631
454 14.26824026107573
455 13.857936440498897
456 13.620930207146625
457 14.37021770928592
458 13.426452371275586
459 15.036710017888016
460 14.665576190724384
461 13.277451465916112
462 13.807839270883466
463 14.687842154558986
464 13.576561995986468
465 11.844396913924236
466 13.46837244472931
467 13.568560325135358
468 13.436409091158614
469 12.794927784965697
470 14.070325774392725
471 13.409810953665644
472 14.278861523049462
473 12.954462715526226
474 13.691977110962718
475 15.076851890397874
476 13.663380641326338
477 13.673782172732645
478 13.638236347149286
479 14.851655519509814
480 13.923830393146785
481 13.447086868402216
482 13.09863792489613
483 14.10239221492876
484 14.00008340903461
485 14.377482829183146
486 13.278791515536838
487 13.168531331425413
488 13.843282681079687
489 13.339481627871805
490 13.734172553473938
491 12.747004693975896
492 14.631938319231306
493 14.005292591174845
494 14.703177352043419
495 13.758357190938371
496 14.654948387318008
497 14.99089617619646
498 15.45250057760976
499 14.275345900180533
500 14.627201441275613
501 14.558825388520933
