0 3.1414125706652136
1 2.8559994465294136
2 2.823526549427919
3 3.0079185805428788
4 2.6158676845403055
5 2.727441494878675
6 2.506286125756829
7 2.655393638267379
8 2.5996809683792845
9 2.748318518941465
10 2.6153657719171863
11 2.65499016573552
12 2.651871146764675
13 2.597548579588906
14 2.707103816098942
15 2.600572549936274
16 2.642474750229505
17 2.5608183833033364
18 2.491605280805167
19 2.6123766190670015
20 2.6692929652086033
21 2.561233217420841
22 2.6746032439475846
23 2.6532872472839837
24 2.8140659168106392
25 2.7497967578613367
26 2.6576440666901493
27 2.636134020239321
28 2.6262269709892685
29 4.837255344629125
30 6.665796145594043
31 2.6297677796419188
32 2.7358278158751834
33 2.584978165471544
34 2.8422759155202386
35 2.72143251361091
36 2.7082657814341133
37 2.6046809768190493
38 2.6600154491764925
39 2.671084309089214
40 2.6535832402602555
41 2.7256146328329947
42 2.9554040165269124
43 2.643629399111868
44 2.619304605991537
45 2.5901673502648532
46 2.5706293795144486
47 3.0236302705878724
48 2.5319192378333906
49 2.801812277128971
50 2.563256434567934
51 2.5299659471635803
52 2.7517325487728956
53 2.708759379942081
54 2.614153250685888
55 2.875877854342044
56 2.6752757189802234
57 2.586950101974559
58 2.729805828899162
59 2.6673670275791967
60 2.6258585058053767
61 2.586799516656815
62 2.7351950109273857
63 2.507836456454465
64 2.726277715257502
65 2.687952849578283
66 2.617735720504118
67 2.6913219642469204
68 2.635757754594714
69 2.6201410262611087
70 2.610522856490673
71 2.586951187846871
72 2.828933796102862
73 2.551744690116926
74 2.7312225019871037
75 2.7027961400501144
76 2.6023822396429708
77 2.6650529179702143
78 2.6489207104898624
79 2.7153453200638573
80 2.647913152384223
81 2.682584400449468
82 2.759218995747744
83 2.576874563398826
84 2.7272529484941272
85 2.6473540104708957
86 2.6406427245536785
87 2.714297436162499
88 2.604897647898146
89 2.8524632188678565
90 2.62536795083387
91 2.666757572552662
92 2.610005963112294
93 2.5164201012843437
94 2.599263855828063
95 2.612200922770065
96 2.6442341189894423
97 2.6326186429946796
98 2.639428526060851
99 2.8010167501469567
100 2.671970625149613
101 2.761303898486518
102 2.6495640646039273
103 2.7032748988855007
104 2.615097668437774
105 2.6026200862665823
106 2.569538193306682
107 2.679738014735238
108 2.6446385748182197
109 2.7469242968064096
110 2.6509488946707904
111 2.6814880237187313
112 2.7151848135254824
113 2.521873038455745
114 2.8809842255898097
115 2.6757416520804718
116 2.5363362226482717
117 2.678081843664403
118 2.7050093210263504
119 2.83200422655487
120 2.498357950540001
121 2.7548698348602665
122 2.79946598526411
123 2.6010037668122767
124 2.5948503597714763
125 2.547243295963792
126 2.722281714277963
127 2.628917831944924
128 2.6861818519599727
129 2.5667456933375736
130 2.774524732169709
131 2.589746984533188
132 2.7050972026717024
133 2.7293154557833224
134 2.6131082905779657
135 2.595909510738836
136 2.6517322066907476
137 2.6465881181541207
138 2.617576375674417
139 2.4759792410327908
140 2.650963287388889
141 2.528394539848437
142 2.5955046363294594
143 2.6335623801977563
144 2.7514730540408947
145 2.6015649165240062
146 2.445561885989704
147 2.665314046177381
148 2.7566618382204613
149 2.6383092543139686
150 2.639569015588512
151 2.693388372979372
152 2.6756429730103464
153 2.5971551012196237
154 2.5193019771154326
155 2.6681457924977448
156 2.5886362624556805
157 2.5849543770121612
158 2.5519467998053695
159 2.64795576492757
160 2.707206604962592
161 2.5472353905067244
162 2.5965445483383363
163 2.6395284092682547
164 2.5320824717517336
165 2.658994044057013
166 2.576381157842577
167 2.531519480695937
168 2.618173131551546
169 2.5883052567885465
170 2.5996061018113976
171 2.6205776424703773
172 2.6305575478523133
173 2.53525700061374
174 2.5598733659629196
175 2.5246025671043903
176 2.760027467187
177 2.585619701150935
178 2.7857545582222336
179 2.6563199966437003
180 2.5288168509607916
181 2.8680125199075905
182 2.659762630878995
183 2.563113090595055
184 2.597508521876035
185 2.577994472824722
186 2.830174529447652
187 2.571886424430256
188 2.6025326940937656
189 2.589074746870366
190 2.6377114094406067
191 2.589892727663427
192 2.6480511520163783
193 2.6272076358274834
194 2.7157500363194136
195 2.778240688185435
196 2.6429552915403525
197 2.6590478385313174
198 2.716673947867583
199 2.5506597042484347
200 2.6022369584435636
201 2.6633709019563376
202 2.6318674082995717
203 2.709743575860584
204 2.7583994502898426
205 2.5708958346864983
206 2.6385014869745076
207 2.6655478986700185
208 2.6800151439849946
209 2.7514079027710996
210 2.725480699684624
211 2.497148821828964
212 2.630941887327929
213 2.5635132593766796
214 2.5825133266817506
215 2.5744863854796365
216 2.8040772037213526
217 2.6402623533470284
218 2.573048612134099
219 2.584711655378302
220 2.731189398433773
221 2.6162692612290903
222 2.6412220931595853
223 2.683425933001128
224 2.678625423038925
225 2.7530846469994374
226 2.655063354239668
227 2.506730176164207
228 2.5954314640803093
229 2.763717801690688
230 2.601677944519308
231 2.6106938164526605
232 2.560719640323636
233 2.6170649149091156
234 2.6363401561746764
235 2.6248792664371505
236 2.879306815534358
237 2.5966693180819127
238 2.6153832118001503
239 2.6467031785504993
240 2.5854442248257357
241 2.5845618290211054
242 2.630401576409552
243 2.5091553081957
244 2.6885397838540115
245 2.676140750617352
246 2.6389468316929787
247 2.6304753119516553
248 2.594143808044856
249 2.6674028636250986
250 2.685815542586106
251 2.53198150770203
252 2.621578851513493
253 2.5677154567896086
254 2.8749628004295453
255 2.884629121255877
256 2.6322384145120505
257 2.6456164396333457
258 2.677253286839033
259 2.644620688817445
260 2.5933027669151167
261 2.581333540388308
262 2.8032089636134137
263 2.67204919292094
264 2.7276972710161114
265 2.6060445091041875
266 2.506259335673475
267 2.5360180398650485
268 2.787876678827947
269 2.6282659302736073
270 2.699748429310191
271 2.7473898313119425
272 2.608507453979974
273 2.7288567948928195
274 2.693798236372602
275 2.610315180339481
276 2.6092251523085914
277 2.729415487162109
278 2.6158529806052546
279 2.538798904801551
280 2.533311722827767
281 2.585183710320361
282 4.640713571600938
283 2.5764606175337406
284 2.560230773027604
285 5.280504119384282
286 5.424728367379377
287 8.844020417452034
288 10.644671985062697
289 10.558524907960651
290 10.197716146347595
291 11.027586357910906
292 9.195915099000175
293 9.741558482633572
294 9.031729814094795
295 9.69425537201341
296 9.39630622822161
297 9.86563501620337
298 6.2627787082082875
299 5.4849619972614025
300 7.104711026007832
301 9.071983087655358
302 8.962045533752416
303 7.849163643319534
304 9.341882433121697
305 8.10384865135416
306 8.765135358766791
307 9.18399259638532
308 8.493395352121164
309 8.417047329487408
310 8.499340037455065
311 8.055271170457576
312 8.600500778562498
313 8.59235163157855
314 9.476713143008197
315 10.033440925440786
316 9.44269931278364
317 11.01922393706197
318 9.07359827490362
319 7.991506525307566
320 9.569311133810626
321 8.476759960517317
322 9.6720375542238
323 9.114630938175868
324 7.92242308380675
325 8.745484989020618
326 9.284145074400275
327 9.247038642840208
328 7.8175145639216685
329 9.406685663209029
330 8.220317721141122
331 7.799820879209574
332 7.704401711003053
333 8.928899124860882
334 9.69338831915953
335 9.294913874476535
336 9.303682482662943
337 7.244295309994003
338 8.165139088590458
339 8.151590536424903
340 9.199565136468124
341 8.325432505992023
342 8.407528563891416
343 8.74667079906109
344 8.945968268417344
345 8.651459606795429
346 8.493861471948618
347 8.486227398010646
348 8.644979878956402
349 9.807958444071293
350 8.265913752164307
351 10.685152037102288
352 9.917307606013463
353 9.727087827302366
354 8.589535895076988
355 9.219312881452993
356 9.974558081732239
357 10.343393866877705
358 9.194903302257636
359 10.200127016335111
360 7.762647804499547
361 9.008023600638937
362 9.174049255676444
363 9.605390278551186
364 8.427771222456242
365 8.916154744666615
366 8.375141377865695
367 11.202603491423595
368 9.697108910593338
369 10.918875251271007
370 11.623606387058874
371 10.351317807953823
372 11.006071356925931
373 11.474568551747232
374 9.04493353448023
375 8.578243488809505
376 9.67203037566276
377 8.37907846150681
378 9.536012229774546
379 9.08376552990775
380 8.948237446107566
381 7.64672992040388
382 9.806387962869765
383 8.165484438343727
384 7.4513183532651945
385 9.47271950807697
386 7.736272850706162
387 8.703448989401055
388 8.48307786410817
389 9.120095329434898
390 8.170516258314468
391 8.591939141929766
392 7.316934963864545
393 7.709628799868574
394 7.724694065108307
395 7.770889861587953
396 10.863449535427637
397 8.887598002701573
398 8.883095344337196
399 8.458725133344368
400 8.43233242539332
401 9.318974659633735
402 8.038884806057931
403 8.444823375507935
404 8.557223606408304
405 8.574951397850345
406 9.475234974013636
407 9.101320519975763
408 9.520327279957156
409 9.460719145171165
410 10.229999756425272
411 7.706237336458972
412 9.029603530914324
413 8.873257415067535
414 6.500949988275998
415 4.7354835248150895
416 4.70983237524042
417 8.667956894740538
418 8.634252606117258
419 7.429959128580415
420 5.045953312648751
421 6.235611987208907
422 7.973726683644245
423 8.435582171370816
424 4.872964072447194
425 5.771915776292406
426 10.341405218048163
427 4.234766718834404
428 6.820407766278407
429 7.44110717884217
430 7.678668222250401
431 6.589715904801684
432 7.972260945871093
433 6.880587721446051
434 9.018756783850332
435 7.2191834205203325
436 8.914267298512286
437 7.524678087160711
438 8.443305330905986
439 8.839364258691456
440 8.771685293084074
441 7.839190957355945
442 8.34391313056361
443 8.093485605507217
444 7.451700100567555
445 8.2779503476877
446 7.8351596594300155
447 6.542034615057316
448 7.80857529069682
449 8.225314767206465
450 9.382988036204322
451 7.519576496106347
452 8.131299384449802
453 5.621510228234464
454 9.409396911892829
455 8.63278526721559
456 8.082594498381269
457 8.89080916188856
458 7.0657315062157195
459 6.897922585623605
460 8.301130757302088
461 8.655879312268262
462 8.834102938511746
463 8.6951769782288
464 7.971514581047892
465 7.463636550624035
466 8.584551609330777
467 7.030233218273517
468 7.604726810620283
469 7.538568320538199
470 8.690433893215678
471 5.185478978437398
472 4.762483357757362
473 8.065076298687508
474 9.326867429472108
475 8.76727459477001
476 8.13704580149924
477 8.170808371069288
478 8.519127269976426
479 7.964703856317616
480 8.536567078235255
481 7.980757074263149
482 8.389543439966555
483 7.998141672148386
484 8.041478555222135
485 7.412771408180499
486 6.612981350088657
487 5.6261041254505315
488 7.388076474129257
489 8.190894307197995
490 8.874023409606494
491 8.105878966531527
492 6.969707297297776
493 7.684191493718765
494 6.442618098034844
495 8.192877234547398
496 7.636782172666832
497 7.508033210480694
498 6.958003255384609
499 8.390576883655493
500 7.927680397175653
501 5.8749324718153355
