0 3.8817371116220762
1 4.136854313132124
2 4.149244317666044
3 4.716757588958134
4 4.048133886881209
5 4.640815666705891
6 4.12834993415833
7 2.636605904828547
8 2.8700064209989296
9 3.579636227518307
10 3.270628295601385
11 3.0733501671080887
12 2.8168481240495633
13 2.6383938553550963
14 2.804529039054224
15 2.7494409190850067
16 2.96454894587282
17 2.8941271786700753
18 2.7528319979212523
19 2.8475409424705798
20 2.7867388219304896
21 2.747694490209712
22 2.9576367028416763
23 2.7037257674523603
24 2.7675010253496035
25 2.896996311430516
26 2.977847110291386
27 2.6475262344984567
28 2.736896273925014
29 2.7346898648995177
30 2.891561017140611
31 2.7126843450360676
32 2.613285929185426
33 2.6982910911321794
34 2.735472583706448
35 2.805483021874655
36 2.708471710887917
37 2.8162351571101034
38 2.8566974729268795
39 2.8494668249599955
40 4.582610976387184
41 2.694014405079798
42 2.78997744097659
43 2.8132231904036313
44 2.847583088217018
45 2.9194787048943724
46 2.772114133129735
47 2.678373361661575
48 2.743366503495801
49 2.6861777854288555
50 2.781652586724853
51 2.6651365194285748
52 2.766725210527307
53 2.7705974489097835
54 2.955392808400448
55 2.938101614988147
56 2.7391673132523007
57 2.9171767920735054
58 2.6000195151251497
59 2.8201844120340493
60 2.706949055187079
61 2.6878445731342064
62 2.7275558254398833
63 2.8188747230922186
64 2.7323718197005573
65 2.839457675558895
66 2.72457149801585
67 2.7868930324434573
68 2.7324311531034935
69 2.536972715235032
70 2.7387517608962852
71 2.701359414018453
72 2.720118682434626
73 2.891814971247792
74 2.8705599966152007
75 2.632361289571388
76 3.0253033558303297
77 2.8506010786713696
78 2.8133960276273036
79 2.834696254788186
80 2.9855512078458424
81 2.83594836696094
82 2.7117516021107018
83 2.825905868875691
84 2.7571859546740765
85 2.7765315775048607
86 2.6857564435957766
87 2.7605849463625103
88 2.7965527737756086
89 2.810679422962435
90 2.811079592875593
91 2.7599475855774567
92 2.9246195010920717
93 2.770959449858229
94 2.8042265092325023
95 2.7666236469743595
96 2.978831429400748
97 2.6703665536361267
98 2.797237141124712
99 2.8323260557217957
100 2.8510471028575743
101 3.009417184893821
102 2.6690095493427197
103 2.739397533263741
104 2.6614381891661867
105 2.653576605294372
106 2.8808167057273115
107 3.167146502165246
108 2.6859078283370197
109 2.747748875618407
110 2.7304185753681867
111 2.979198782692259
112 2.620398119523711
113 2.8141191922987305
114 2.695069390161515
115 2.8024514374417406
116 2.8393095795626726
117 2.7352942466896755
118 2.8507496209287417
119 2.69621690541725
120 2.694647283320902
121 2.7371321192422506
122 2.7872585849283205
123 2.6853556991535874
124 2.7209671924289993
125 2.7916499039241236
126 2.8189391154228067
127 2.6868540268472496
128 2.746833389615305
129 2.817204491262952
130 2.9080656355509205
131 2.7474323876423226
132 2.793434990698858
133 2.7794496694097135
134 3.0388259583573274
135 2.732522655652662
136 2.644632641294287
137 2.7652327610535288
138 5.878226029551428
139 5.2016435851290845
140 4.581597761912968
141 5.716209985496687
142 4.870110846431493
143 4.095780221902211
144 3.699178917223763
145 4.8218890204196905
146 4.160038722400249
147 5.466822576671051
148 4.429635027274299
149 4.4831729558900895
150 4.999925149562285
151 4.779424556620843
152 4.957748653652792
153 4.932608171360312
154 4.099186104762923
155 5.46837484392992
156 5.035348790394782
157 5.162826729301244
158 4.722736586084018
159 5.090956427638753
160 4.4704433542673465
161 4.957215757341631
162 5.239857664185584
163 4.764943327314889
164 4.71646967961607
165 4.5584524911650055
166 5.3228700706760375
167 5.042777380066898
168 3.987203383166045
169 3.924424164096452
170 4.819460715921339
171 4.429807239370985
172 5.287853274710623
173 5.105509593176702
174 4.819304302526206
175 5.246588765884158
176 6.646397032771235
177 7.977173973503407
178 6.936730323016049
179 7.160761542904993
180 7.702122142251707
181 7.086223893167453
182 7.159745274481231
183 7.846280028116442
184 5.355944134295082
185 5.906737854002886
186 5.590884270738816
187 5.200322694546103
188 4.65700062586389
189 4.910735228824796
190 5.619552777861517
191 5.161009078721977
192 5.075272490092118
193 4.879841914677965
194 5.684784639440252
195 4.5452528627071205
196 4.301923673392828
197 5.072325413963944
198 4.476623990392136
199 4.763141924394393
200 4.815890896331348
201 5.174968357015912
202 3.909477498772681
203 4.97925301267819
204 4.390993583727017
205 4.709900989197443
206 5.681064204808777
207 5.419759884240366
208 5.714294128913516
209 4.574496222895686
210 6.450798338867159
211 5.586149846830618
212 5.344532919168117
213 4.314352395236406
214 4.225936406909994
215 4.8969560415032305
216 4.463901065225803
217 4.651809607397104
218 4.426340291794137
219 4.914412674196453
220 4.751131332033927
221 5.035641557902963
222 4.483530277696729
223 5.576611465285393
224 4.9567770744379995
225 5.059381816727956
226 4.300802718982615
227 5.447648208506661
228 4.609405133656336
229 4.8081109717338
230 4.75365499174108
231 5.183145310012735
232 4.65852844778742
233 5.235321677580368
234 4.457353764289714
235 4.759452593065321
236 4.645839139003101
237 4.90474688723707
238 5.01467039181308
239 4.2648407247240625
240 4.704080062166147
241 4.430395275856934
242 4.8651535425677
243 4.809986443971792
244 4.797685636973394
245 4.9853398293509095
246 5.393748037369748
247 4.397160268273382
248 5.011223284234936
249 4.6478982400929425
250 4.904733353386537
251 5.134996119551289
252 4.329450805557097
253 4.701931188026053
254 2.9317524640818022
255 2.8909081994559105
256 2.8623183741101164
257 2.7298430019217013
258 2.7737496699141815
259 2.9275938096387213
260 4.382558259942296
261 4.732285477987876
262 2.7854343323960458
263 2.881619030488295
264 4.647597904306833
265 4.862819861229192
266 3.0500816266635473
267 2.7566143399413856
268 5.0759849594173065
269 5.129387826832778
270 4.7952601745171455
271 2.608589166094659
272 4.774515921803199
273 4.652230469934436
274 4.451691438551733
275 4.565672558628121
276 4.502328771996025
277 5.021934827807196
278 4.760315761115535
279 4.834226819633475
280 5.45551651719497
281 4.755170639404992
282 5.098369528748691
283 4.657648298489402
284 5.063650881362638
285 4.5038796581458875
286 4.3214210078749495
287 5.225891495397403
288 2.9309641768303543
289 3.1500443624029693
290 2.911414213072695
291 3.1187556939637044
292 2.833546743174908
293 4.983897526096778
294 2.8388452685915375
295 2.9100851112051083
296 2.708376589381721
297 3.5215850370070405
298 5.288258155264162
299 5.02625336182983
300 4.546976834190938
301 4.668033197303383
302 4.890360565100306
303 4.693607402810833
304 3.150581843206131
305 4.654102148912246
306 4.90470567277545
307 2.6541141074473127
308 2.702104920891932
309 2.8598500803307285
310 2.7287776323180872
311 3.0080126897988317
312 2.826169263822756
313 2.6548217987425033
314 2.860724510385384
315 2.8381287733107357
316 3.0912065009196903
317 2.9542100108311518
318 2.7270768900073383
319 2.720190943419531
320 3.4698012525078745
321 2.777415004268493
322 4.497510801153114
323 3.0727565959138943
324 4.844412951490178
325 2.685985788248777
326 2.656778641975031
327 2.8060589612552116
328 2.994745924217433
329 3.0139655759668
330 2.6172761256646484
331 2.8154120455591616
332 2.7866311492884397
333 2.994951377287103
334 2.836239215410701
335 3.7708220248250606
336 2.7942789648062387
337 2.7937021714415367
338 3.148076554169528
339 2.9821898340890733
340 2.965976956796428
341 2.833402574672188
342 2.5984275306768003
343 2.9235638841693885
344 2.8047602959258398
345 2.891341576393126
346 2.6866223812382453
347 3.2516384820950495
348 3.104412491512203
349 5.142782361531786
350 2.6771216631933576
351 4.8592200457781605
352 2.6716393432708636
353 2.9156314263309007
354 2.6629128863044667
355 5.014050759597605
356 3.6976303172185725
357 2.7706140349676502
358 2.6612734414656742
359 2.6813740095559364
360 3.356074852798272
361 2.8871123311019984
362 2.7340211125491853
363 3.153443759129663
364 2.8422267684241045
365 3.7152106292286926
366 2.715198218347567
367 3.7676142896694502
368 4.895723444754731
369 4.268669278155536
370 4.939325898324007
371 4.346719114642472
372 4.48247519289877
373 4.575143802880006
374 2.69614014778384
375 2.668708983627945
376 2.638811703794489
377 2.6389703312143853
378 3.04118871731754
379 2.6486230871113334
380 2.9343325326517395
381 2.7212642363979223
382 2.85359445529165
383 2.846799021852945
384 2.73985703608575
385 2.9635545159295584
386 2.7244173115709875
387 3.012709974131012
388 2.74864865182144
389 2.704456782376512
390 2.921007739059336
391 2.8294180081836173
392 2.8569947565534477
393 2.8026767110536395
394 2.6634207891747286
395 2.659957912929671
396 2.8220911091801857
397 2.867714839544653
398 2.8093220276540225
399 2.8599484019462067
400 2.9616110335673858
401 2.739089748037512
402 2.9835934129309787
403 2.631058401337367
404 2.6708708585881342
405 4.373349176108027
406 2.7930655717826407
407 2.798466852977007
408 2.7244263488225053
409 2.8760904560161955
410 2.999877455737158
411 2.7477225983091165
412 2.8208010630786435
413 2.916992253496535
414 2.755429473492135
415 2.7281228637326755
416 2.980018539536164
417 2.812208249866771
418 2.6977282206403315
419 4.577264418976293
420 6.650221407795043
421 5.1731487830393394
422 2.884651010251527
423 2.8305624841727175
424 6.468460671490624
425 7.310580010032777
426 9.56746598137538
427 10.151067041937381
428 7.6876708894763315
429 11.042392627019563
430 10.139491777895941
431 10.055425886797936
432 9.05837772007744
433 9.80874452329437
434 10.237444052762534
435 12.689736524062582
436 10.14133859143044
437 9.825370586345773
438 10.468066098393455
439 9.798291035372095
440 9.051570909854796
441 8.700744452248207
442 10.686177136624792
443 10.01338310654738
444 9.205940612631023
445 9.434381391121706
446 8.914821794771058
447 11.65155305758449
448 9.939354826438398
449 10.43224890030999
450 8.878164636999863
451 9.084874767663738
452 9.541941528833501
453 10.1689434410119
454 9.948815456069658
455 10.052807576087702
456 9.994245230824232
457 8.764061140138471
458 10.193366901690954
459 8.046435554284356
460 9.238446701034835
461 9.950105630222803
462 10.668090900665902
463 10.61096319656941
464 9.448488531540296
465 11.31769026923451
466 9.907691631733856
467 11.285869690914346
468 11.151523552778908
469 10.412893847214075
470 9.613264340553435
471 9.34636272034469
472 8.977616740020418
473 11.416246544992832
474 10.09592736019645
475 9.956813799278441
476 11.069049134682015
477 12.281428615981273
478 11.48453523617906
479 8.676375463663716
480 12.29288483420682
481 11.950497787292564
482 11.397571599019809
483 12.036299378130488
484 11.569013631940557
485 11.335676563697083
486 12.213564506426675
487 12.673625208064006
488 11.53485511375839
489 11.998607744115269
490 11.042401469679707
491 10.291864077284387
492 11.613840705220158
493 10.889583602385539
494 5.597831977241454
495 4.979661949308498
496 5.187955650341973
497 5.335372658805877
498 4.946626989345843
499 4.39280114755644
500 4.540625382799665
501 7.086875737293049
