0 9.735038813894763
1 9.861004976917787
2 9.700101738185094
3 10.106408615280285
4 9.462411882129116
5 10.731140156772673
6 10.176242091586055
7 9.733616535774734
8 9.792381554158341
9 10.698838087081393
10 11.365559214085419
11 10.186983924324291
12 9.984548510215243
13 10.165825019785158
14 9.770719894082372
15 9.500845660640973
16 9.465642712949426
17 8.315483800411526
18 8.405023343619042
19 9.343897072557027
20 10.327893612590774
21 8.841093060961345
22 8.914052038035438
23 9.703471740129013
24 10.417216559456115
25 10.213554250950551
26 9.636627737835594
27 10.762455095963238
28 9.285110761962217
29 11.903295855851194
30 11.5905434304891
31 8.695307329063953
32 9.344090981100729
33 8.934551427277485
34 8.736493992963753
35 9.457194471613471
36 8.976940353092969
37 9.244527968072886
38 10.46622665528871
39 9.065898087920734
40 10.790581187213453
41 9.451125835829782
42 9.15840206226126
43 8.899995084431731
44 8.51224605449573
45 8.307327863198646
46 8.611723292840143
47 8.585429954917554
48 8.165238012980923
49 8.958239265493626
50 8.357486417492728
51 8.689328272424246
52 8.45782277559615
53 8.93959316298456
54 8.267079907257314
55 8.611882083935974
56 8.094923367059328
57 8.954436653730946
58 9.400522852113184
59 8.933243406824262
60 7.967874272028504
61 8.29613684378512
62 8.299841271802377
63 8.325713502373072
64 9.187502464967002
65 8.929350685051753
66 8.677603448937578
67 9.130573753545741
68 9.006318589109664
69 8.95158232712663
70 8.906864564200339
71 9.132625092908407
72 8.49319537308688
73 8.824919543670015
74 10.14479987057154
75 8.828649513927274
76 8.807836033730304
77 9.182410851796137
78 9.040469454953183
79 8.912369927553813
80 9.038094403510465
81 9.396573880529758
82 9.142094974483117
83 9.343629622732477
84 9.2551846786009
85 9.114674665538884
86 9.207846052715604
87 8.66178844836803
88 9.039015078338158
89 9.80489980790145
90 8.38955438851133
91 8.727015467256964
92 9.443430848257249
93 9.233146113993405
94 9.12077820721331
95 8.388690294568642
96 9.051192920720064
97 9.230652448866302
98 9.087273608845225
99 8.568107772318173
100 8.395179995768762
101 8.378285515145194
102 8.326100075681271
103 8.761012448760521
104 7.949561401762654
105 8.629569851525176
106 9.175696641530912
107 8.47708590654377
108 8.159246091474165
109 8.480974293499303
110 8.211900153650179
111 9.28257509689268
112 8.595618534522984
113 8.160826127068894
114 7.997460939359236
115 8.293435358359819
116 9.133497335367348
117 9.998726128560076
118 9.473401311500151
119 8.772614963351812
120 9.506345953031394
121 8.856984049570485
122 9.795559425302809
123 9.793262260634762
124 9.688893019169855
125 9.797481136493532
126 9.863573990937935
127 9.405261175947123
128 8.795355008875676
129 9.315472106985533
130 9.128976194237113
131 9.122924002500943
132 8.857371576505553
133 9.23837117497005
134 9.910651304096351
135 9.423128797402212
136 10.167149471377753
137 10.018104995413712
138 10.700529879676695
139 11.439238304402517
140 10.214506640753434
141 9.8843346042749
142 10.017994831620863
143 9.259762431461192
144 9.344772072054209
145 9.67629075029403
146 9.262684762652928
147 9.923539408171585
148 10.049239726784165
149 9.913991826908072
150 10.849935168585507
151 10.553572570957076
152 10.419224828310632
153 10.084059248425943
154 9.840858388763117
155 10.838546034799613
156 11.07074841701204
157 10.410313371890297
158 11.071528605465705
159 10.619900024184856
160 11.166615737480116
161 9.852956778909654
162 10.168125572905936
163 8.947485511504604
164 8.725603894894693
165 10.205011975742806
166 10.52093715554256
167 10.015615306540413
168 9.465781826542042
169 9.199461633500537
170 9.640476352601468
171 9.273506507423674
172 10.17457238409259
173 10.062153652729688
174 9.944234600274827
175 10.652658910326766
176 12.662375007123751
177 13.723661704527112
178 12.851484213675644
179 13.52529779254854
180 13.153432324716794
181 12.351310228998962
182 13.13455145197835
183 13.120656451620503
184 11.115886170685744
185 11.161613825784649
186 11.131270301528593
187 10.682752391790032
188 11.9513735658019
189 10.80707086458171
190 10.784439435414797
191 10.781835851559357
192 10.501216702949945
193 9.73610639393202
194 11.466702965208405
195 10.68674505699698
196 10.212705218406093
197 10.377206726778978
198 9.809988988779436
199 9.831039055180335
200 9.24118312829171
201 10.026805206656286
202 9.915751516559547
203 9.557588341002957
204 8.515357854500076
205 9.022314310128989
206 11.33946226711658
207 11.518230134327503
208 11.016364173780216
209 10.136636151427513
210 12.545863628455441
211 12.004433925876041
212 11.112190432966853
213 10.92873339221629
214 11.629026317849974
215 10.952957190282868
216 12.194397831225913
217 11.499920678097185
218 11.09001651819568
219 11.535331394862919
220 11.563672506086352
221 11.05576072055916
222 10.555822500474612
223 11.384208169401619
224 11.568400468069372
225 10.908162533682674
226 11.934053021107434
227 11.015655757704163
228 11.577407165823768
229 12.009996960809666
230 11.340732753236384
231 11.601754405232043
232 11.40168440204128
233 11.533675534027134
234 10.832881564887664
235 11.718673431085685
236 11.374476728355576
237 11.39273110788014
238 11.584956585981281
239 10.628639444454517
240 10.930324442863071
241 10.771472430505634
242 11.010556671769093
243 10.972922956497634
244 11.76713669271156
245 10.95289696089559
246 10.745456897681912
247 11.294096506109721
248 11.268701501100624
249 10.992547019949546
250 10.750390288135458
251 11.459859975654856
252 10.775684508523852
253 11.105436626673418
254 10.53981711945199
255 9.88920833259077
256 10.202683140452041
257 9.845682477788916
258 10.248638808708098
259 9.468853626994115
260 11.186471488380315
261 11.44750249980284
262 9.882590667841699
263 10.151440504718442
264 10.61012738067281
265 11.418433885993338
266 10.932984106028632
267 10.21241255391528
268 11.417386773975126
269 11.792727014030014
270 11.286324961276382
271 9.976867272383041
272 10.858425918714191
273 11.321227405346601
274 11.311284904569314
275 11.252971466217403
276 11.701993679803415
277 12.63485292053472
278 10.84231033573475
279 11.339106686821923
280 12.79396780564912
281 10.681101147519483
282 12.260455999621584
283 10.775920554262802
284 11.494036641397619
285 12.281208034347218
286 12.66625206450148
287 17.512795922505987
288 15.461591488207226
289 15.130395829855606
290 15.569264950914196
291 17.134659328302554
292 15.96313418004685
293 16.74322462393003
294 14.80681062650311
295 15.465676696622893
296 14.289232980758833
297 14.709497563877754
298 13.745558817586007
299 13.986441896535688
300 15.970132697514792
301 17.176266027963855
302 17.92125968668965
303 16.109449819024555
304 14.989861471048378
305 16.779729189630288
306 15.921098771876443
307 15.326721134105558
308 13.914874362864316
309 15.259915314878333
310 13.984971706142648
311 13.685618566362736
312 15.417949446937445
313 14.703138339745742
314 15.960867074381841
315 15.52208578896158
316 15.347744112531903
317 16.986327070326258
318 14.41710314300956
319 13.010035815643434
320 14.52680523765732
321 13.799439973347283
322 17.234332930130268
323 15.220542638354736
324 15.38678593113354
325 14.431766208874327
326 15.204840985868561
327 15.27703249816951
328 14.173856932460678
329 15.39900412343922
330 14.222958156837414
331 14.744187765150143
332 14.243740041873968
333 15.594560125966398
334 15.437439871475224
335 15.355170997600071
336 14.226728047918279
337 12.975116777749085
338 14.460218189653657
339 13.931981459673867
340 14.430462935390338
341 14.301764884736668
342 13.784007077483247
343 14.325875746114468
344 14.67413457203164
345 12.693562303074556
346 13.837094380795419
347 14.344497377156603
348 14.727995524873089
349 16.255320230486195
350 13.448634819101844
351 16.063463132068584
352 15.307457910067862
353 14.167670467731648
354 14.372118380372795
355 17.306292083655094
356 15.03181832813468
357 15.188706726755948
358 14.559516238249005
359 15.193098522160163
360 13.921358219717371
361 14.686001940238981
362 15.100957025825622
363 14.922486549040707
364 13.632489922821273
365 14.764565564848875
366 13.684989459552682
367 15.348235196447556
368 14.79014791058215
369 16.13937265524211
370 16.709051874834287
371 14.681849858859392
372 15.515189968038603
373 16.588019372450113
374 14.36836159186132
375 14.557540444715949
376 15.08251135097545
377 13.799536794685304
378 14.696832011318563
379 15.832960408115847
380 14.83117778453518
381 12.778713238982533
382 14.9037747376887
383 13.5466442988582
384 13.01994710221395
385 14.589485774686395
386 12.702845529887009
387 14.120777184629224
388 15.279966513057202
389 15.00616948043871
390 14.108652616009836
391 14.955475536143933
392 13.771088678790148
393 13.617783752129295
394 13.390889851962058
395 12.998207371261735
396 14.965636910734805
397 14.083630677688742
398 14.272574440108313
399 14.429543825089045
400 14.764224578876917
401 15.166840663090875
402 14.431115375881744
403 13.92410326730158
404 14.560023182460005
405 16.028388134776513
406 13.545222583890963
407 14.54981854507374
408 15.36366928198798
409 15.233482565853416
410 16.110036812929287
411 13.7291064934245
412 14.710584402368099
413 14.920442961244412
414 11.90851467667702
415 11.0453459712565
416 11.400122281037477
417 14.255833271176462
418 14.791251636265192
419 14.900131439931348
420 15.425944815150707
421 14.564656786946657
422 13.79526546798266
423 14.923457366221633
424 14.88038667153424
425 14.54986866800906
426 14.8318341759143
427 14.123002181626012
428 15.027860899802953
429 14.714751288182335
430 15.23244574789754
431 15.16557712237637
432 15.031125555770355
433 14.931293566229842
434 15.533624444119702
435 16.003717917466854
436 16.050663656533036
437 14.086756333823395
438 15.319420952714017
439 15.672010230839021
440 15.154583484149073
441 14.551843718143502
442 16.669265862150986
443 15.744620772445277
444 13.850954997267364
445 13.77993189341356
446 13.917840767354713
447 14.8068191891181
448 14.006994234229593
449 15.635342279815223
450 16.137184182514282
451 15.175456219609986
452 14.298900235591224
453 14.638532548465388
454 15.507519304817514
455 15.22351499421944
456 15.089226228854308
457 14.853433868492395
458 14.214468796225006
459 14.097782385216055
460 14.262414365207528
461 13.454738991259068
462 16.5944576473472
463 15.357043066800111
464 16.054377104444043
465 13.307387615677163
466 14.900102669019834
467 16.233327672992655
468 15.767351604888246
469 14.412519004691022
470 14.920159940178612
471 12.583643504324536
472 13.683996821124593
473 14.790978612433511
474 15.180072305050304
475 15.515297267460785
476 16.77636757218444
477 17.024191115679667
478 16.878287554357325
479 15.855628825930477
480 16.18067954832763
481 17.109090558730028
482 16.71353569362557
483 17.233816561126222
484 17.467204501346014
485 16.706344250033517
486 16.827678446073662
487 16.744581001824464
488 18.13502729720191
489 16.95228015134195
490 17.594073182623262
491 14.731048280453942
492 16.612046969015925
493 16.57464363688143
494 15.06242666298087
495 16.550085135129677
496 16.073611559429935
497 17.945104462127887
498 15.639104449026751
499 15.842227388844453
500 16.219519944486898
501 15.41469935859238
