0 6.529793719830533
1 6.84219420864105
2 6.70025707310903
3 6.850389159686219
4 6.66357080312969
5 6.937570312705495
6 6.934352939145764
7 6.746273565985688
8 6.724019023519247
9 7.165195391685546
10 6.555271406880664
11 6.437444559026097
12 6.042798911350263
13 6.206032848173251
14 7.423188757085282
15 6.830987488685587
16 7.427722720018352
17 6.807466210376165
18 7.070663042618172
19 6.739923032538769
20 6.234260437764534
21 6.020689002498594
22 5.598815080159017
23 6.230426510113826
24 6.433797717317101
25 5.815098118024282
26 6.485493104972491
27 6.758604996698691
28 6.588322116471556
29 5.025812726264208
30 6.230114179701408
31 5.633058808628337
32 5.363700905158543
33 6.7128061860235055
34 5.940611827153471
35 4.814967642562443
36 5.672633458337792
37 5.688209697730271
38 6.941014418188591
39 6.374553451147002
40 6.204815002252319
41 6.5713209994114825
42 4.953037553807309
43 6.171660316041758
44 6.170030679566756
45 5.670254698031044
46 5.513026905240208
47 5.228336344794188
48 5.473183430264787
49 5.911986617139757
50 5.761686588959843
51 5.521074659588506
52 5.556224118750291
53 5.418566879394763
54 4.9984414898577585
55 5.2082433215073305
56 5.025488392852619
57 5.180117168311515
58 5.637062778271079
59 6.605573049196813
60 5.889050190569676
61 6.136335780864303
62 5.5369325109770875
63 6.378298972253986
64 5.990542081192568
65 5.94692743238138
66 5.670932035136201
67 5.797628876217145
68 5.822347328896002
69 5.7995173550091375
70 5.419438704037738
71 6.079137692179542
72 5.9873651073759
73 6.114209173806507
74 5.965712081799618
75 5.975929877317797
76 5.564158067884796
77 5.663256409618045
78 6.149336048941965
79 5.837112886721479
80 6.3798203475617985
81 5.942565176329419
82 5.967093258619916
83 5.928524157731798
84 6.076580343236296
85 5.785024305446999
86 6.045931898226919
87 5.698071075654689
88 6.415661396431572
89 6.174443067895542
90 5.7170893341811455
91 6.08297200726069
92 7.02765952007924
93 7.339156822490915
94 5.739355039359095
95 6.180081227193264
96 6.010641914154935
97 5.646248481277048
98 5.814683356550694
99 5.912410523418604
100 5.102869033471627
101 5.842617744532318
102 5.928198953962932
103 5.933272469865076
104 5.574661113959505
105 5.69926499065551
106 6.1666586095254585
107 5.833259079425349
108 5.570092200849443
109 5.654274888986213
110 5.871189051164515
111 6.721710303447491
112 4.9957160090706365
113 5.111163440380039
114 5.13023272415509
115 5.206778185911044
116 6.957771843918184
117 5.816502336866489
118 6.300392088729928
119 6.352492338707853
120 6.3687996758707435
121 6.322245403271655
122 6.655001646050869
123 6.217027566511096
124 7.542496338012485
125 7.049036648775715
126 6.614057511000124
127 6.433437070541394
128 5.767341784445411
129 6.6446975605534675
130 5.610192977465633
131 5.95096057987846
132 5.661031289966583
133 5.977163602077291
134 5.9605016048428645
135 5.016462957708596
136 5.244102755660951
137 3.676294800892449
138 3.433831848432429
139 3.1744748162459175
140 3.3244349489324017
141 3.4779671677968786
142 3.3682561840991267
143 3.6728940842843016
144 3.521434044464358
145 3.441850344152113
146 3.3351605562845057
147 3.254276205319242
148 3.5038579635343634
149 3.8030930022592058
150 2.5609145004986806
151 3.622141716259317
152 3.9045332459145348
153 3.963393390020153
154 2.8732220606429166
155 3.2943865659536544
156 3.0589264043635995
157 2.5094385088961024
158 3.4475944456976055
159 3.209220030624645
160 3.623897556230336
161 3.7703454487088783
162 3.7462883594977283
163 3.0532026605199483
164 3.7820025336338667
165 3.732299304639709
166 3.346716774084143
167 3.143627356770064
168 3.6321228958149243
169 3.220080404913877
170 3.27291937597153
171 3.142411526941442
172 3.142724105949498
173 3.4139396123261823
174 3.039414455893949
175 3.016059057266921
176 2.6473532695636255
177 2.6885006488519254
178 2.7303196779770262
179 2.5785064374245024
180 2.615457880956518
181 2.8872404800396643
182 2.629680899378745
183 2.696265288141141
184 2.7408883342703705
185 4.123464701659755
186 3.969881753122567
187 2.761106569316228
188 2.626544376371056
189 2.5470415222759413
190 2.655702618737133
191 2.9566250961635197
192 3.0688941183064276
193 2.6674361265907853
194 2.5374649043424924
195 2.9981171597857794
196 3.0048187196248857
197 3.3403907348967437
198 2.5656938305774744
199 2.69481362578353
200 2.7213197720321296
201 3.2576978173212012
202 3.399258638025999
203 3.347917528953422
204 3.6316446624308223
205 3.0830392301438247
206 4.490281479837501
207 3.2354626169042873
208 3.2656260368899406
209 3.3009875784385927
210 7.040699245069426
211 6.24147349418073
212 6.570945622289509
213 6.792183874076118
214 7.479568969679033
215 7.198310196261434
216 7.380006865149025
217 7.8497247069764775
218 7.783785548384289
219 7.012298091909273
220 6.900241261097133
221 6.622878864213873
222 7.152980107851924
223 8.160666410291931
224 8.23709699913306
225 6.9394261955384655
226 7.560366985000531
227 6.907871200005197
228 6.78534085211719
229 7.503831142002928
230 7.035887043776817
231 7.637022460283792
232 7.493972359611886
233 8.060426827922246
234 6.786634358281432
235 7.602581246164891
236 7.6522156624648305
237 7.614368352088059
238 8.093829326508605
239 7.52068510891711
240 8.10283390918734
241 7.060231092649395
242 7.062424192202854
243 7.399531397985207
244 7.073719911598886
245 6.8016464290328225
246 7.063210611408449
247 6.883793455603863
248 7.367975404975332
249 7.442906550312695
250 7.107958076285623
251 7.016874093204352
252 6.928638299246025
253 6.776960834259112
254 6.692767985385514
255 5.509429491834527
256 6.3312211291672025
257 6.150741527354061
258 5.592688977795573
259 6.605780429770053
260 7.096557650046502
261 6.887090636899418
262 5.794085127117903
263 6.8608027707602846
264 6.934642368395394
265 7.505523499782729
266 6.696498134735073
267 6.805404138669445
268 6.584592851276263
269 7.726361661575593
270 7.4195581986108
271 6.345444439752037
272 7.403684106740293
273 7.263834754432751
274 7.26724496835774
275 7.386364928550232
276 6.760983268281527
277 8.063975411609826
278 6.4239638170089535
279 7.378024771135058
280 7.075049018175044
281 6.760059141104302
282 6.52426099945485
283 6.895279748928753
284 6.729086574093416
285 6.332979257546152
286 6.625204751181893
287 7.339690430206189
288 4.957813221086812
289 5.457064102456616
290 5.618080610152523
291 5.648971275473083
292 6.17956535640062
293 6.691225049795785
294 6.494895919197494
295 5.851818583921873
296 6.187904800430245
297 5.809525039791515
298 5.83816899126834
299 6.56477648013616
300 7.348750863581273
301 6.365606373476496
302 7.472669977610637
303 5.486034778189252
304 7.280272617544821
305 7.83662481073166
306 8.069640291874547
307 5.987070030820389
308 5.6719177001128545
309 5.656716198389343
310 5.368275191290494
311 6.061087700025552
312 6.108450963857022
313 5.966258019932744
314 5.193459872833433
315 5.994314788415078
316 6.012050736738275
317 5.665570975098462
318 5.59557258692493
319 5.82553961747169
320 4.146811017812989
321 5.552127139776162
322 6.364899482920466
323 5.828194780918714
324 6.600925947573882
325 5.555954734959155
326 5.555473176585383
327 5.4891194764602735
328 6.253033927976901
329 5.359791993596341
330 5.61419251148942
331 5.96408569667155
332 5.154548862623587
333 5.762467073660719
334 5.299248009730337
335 5.816168968427432
336 5.528069362060623
337 6.077302892337378
338 6.077949948732751
339 4.835369348737222
340 6.601090006317756
341 6.082420103852313
342 5.397313906054635
343 5.386075221399576
344 5.798055555153636
345 6.312562184627109
346 5.224728807789243
347 5.536914467188698
348 5.833471998785763
349 4.850689448778411
350 5.421170966971912
351 5.869068577561495
352 5.916862086621612
353 5.829297052383728
354 6.218856116206002
355 6.684825878518677
356 5.848583926930622
357 4.625537812646741
358 5.6509342908967
359 5.043806028175798
360 6.183598285405431
361 6.350697921225591
362 6.294569757687217
363 5.8989112169007765
364 6.028377299962177
365 6.813500777612248
366 5.583864809193506
367 6.585367286430467
368 8.81125262610083
369 7.160807274691466
370 7.569285333149879
371 6.887559639948968
372 6.540114162762041
373 7.2306190578904666
374 5.285412103350868
375 5.306872829941616
376 5.590403344360846
377 6.002628823409337
378 6.250537040087772
379 6.174941126001857
380 5.855138004808861
381 7.155645635927671
382 5.202038219246144
383 7.003854130479827
384 6.036090416649387
385 7.5435634126935565
386 4.732053285231919
387 5.922689460438464
388 7.328135493052273
389 5.852026337738828
390 6.169906583813936
391 5.960785886658955
392 6.42965179129279
393 6.426435381618799
394 5.329720869235112
395 5.74784182866918
396 6.405365913039251
397 5.758319209182549
398 5.7485766073708975
399 6.439639751520715
400 7.062101408811098
401 5.2901048363898955
402 5.813033547570972
403 6.23923883922401
404 6.219245936979277
405 7.341656073346024
406 6.56928732907342
407 5.36083239882054
408 5.387406434045916
409 6.071332355839801
410 5.775046146961253
411 6.210432165000912
412 6.273137242470364
413 5.222225131501316
414 5.091667157814239
415 5.724887654912236
416 5.691410998245171
417 5.934510850379027
418 6.022504394389482
419 7.6763679853635844
420 10.420592239938106
421 8.565336004881079
422 5.950320266412326
423 4.981913121106648
424 9.856947760775048
425 9.71079571087893
426 12.233852970378726
427 12.406611424555607
428 11.125427224451183
429 14.548916599877714
430 12.993803591375666
431 12.484416845454893
432 12.144841901684389
433 13.01309558819555
434 12.946374516449561
435 13.322789957526123
436 12.242542189152688
437 12.444009730630555
438 13.128117735032138
439 11.471008577372768
440 10.608226986659751
441 11.358743302834162
442 12.743084997694373
443 12.709413424979509
444 12.106746830556009
445 11.832736322379668
446 12.09942870918541
447 15.16205297272326
448 12.104833066157163
449 13.088189361764588
450 12.363924669525808
451 12.025183104404503
452 12.895069995063118
453 13.635441631739075
454 13.001430648041513
455 13.006460727779517
456 13.419923109391942
457 11.844270987308933
458 12.189409460727688
459 10.735852913102246
460 12.663766917789035
461 12.914184873833035
462 12.735743773156319
463 12.622364157607743
464 11.065367211249024
465 13.8400869683961
466 12.421924622268467
467 11.96094765165812
468 14.124477400244096
469 12.449336152689959
470 11.91976879893947
471 11.567706660131561
472 12.337521349476155
473 13.708084262970326
474 12.304546625551765
475 12.022023414910405
476 13.520450319292138
477 14.17414124761566
478 14.374850698125302
479 11.442086244649476
480 13.035936821305897
481 12.75936173849912
482 14.21886413061149
483 13.0213726919487
484 13.77062323699105
485 13.982581992724024
486 13.689283170427398
487 14.142780653513086
488 13.639118250925051
489 14.753911286024497
490 12.9635572733531
491 12.889806893617056
492 14.315186476045662
493 12.383656489708121
494 8.51991089438596
495 6.65979818262617
496 8.19898578909995
497 8.429661025656895
498 7.923855949672889
499 6.495544452077278
500 8.057411666409987
501 9.857104901137445
