0 3.7948718555335232
1 3.2895147036589467
2 3.476432923184126
3 3.2036864808448464
4 3.1709277433676095
5 2.993892527149425
6 2.748275132343921
7 2.612711726119556
8 3.047770440526592
9 2.614576784137626
10 2.744135370595799
11 2.8742550718721915
12 3.077824773934048
13 3.161861949436557
14 2.6921625443721124
15 3.013362852097662
16 4.25851256540244
17 2.820248838215614
18 2.918179687688966
19 2.6462180300725806
20 2.9222369278561082
21 2.924341929569335
22 2.745148065245129
23 2.65891924618676
24 2.911418797144919
25 5.624231984109212
26 2.603228162637237
27 3.10603275756319
28 2.799472916319472
29 2.776559481331009
30 2.86468714051904
31 2.82087334585978
32 2.940971697400616
33 2.843084355047691
34 2.843330939847608
35 2.8964785231439287
36 2.832680199660175
37 2.6955581094796397
38 2.9029482053205133
39 2.6072786907569703
40 2.6920380352182764
41 2.715054837534569
42 3.1097974234874552
43 2.715239919613412
44 2.928116610168915
45 2.724330654253669
46 2.921925498797689
47 2.729925171641197
48 2.5976264163413005
49 2.8028008273482494
50 2.768448415374678
51 2.7425966294213326
52 2.796543545998502
53 2.665147536195439
54 2.802357241391559
55 2.882922893091237
56 2.986079325323241
57 2.7297350225347143
58 4.100644777582097
59 3.943750874124277
60 4.437621295173829
61 3.963276978122368
62 5.390423653071145
63 5.278038460964587
64 5.155047559684373
65 5.330540193442265
66 3.980876815909267
67 2.808651015315209
68 4.295693753171942
69 4.838050389538994
70 3.846397804428644
71 4.828050898176907
72 5.147810015538929
73 4.927837297555579
74 4.880604376791445
75 5.027358267280836
76 4.442195482292787
77 3.412360023683621
78 5.792094671917529
79 2.7855076909397205
80 3.001861589526219
81 2.7977924478774585
82 2.7598258502200035
83 2.875614020951968
84 2.725574946682196
85 2.8132390405620056
86 2.7607368401957326
87 5.536531471419115
88 2.758315663455751
89 3.637726260870556
90 2.9127763419416226
91 4.142200710427525
92 3.036526983536284
93 2.7626394696169334
94 2.6874992073579067
95 2.693903612868171
96 3.0392103696913066
97 2.7820296873992216
98 2.89148770371213
99 2.698100340465527
100 2.7586060751480974
101 2.9354284346129558
102 2.596007067122079
103 2.720862598490942
104 2.9336687916514927
105 2.7909915428364807
106 2.9292123639517715
107 2.7856818858683923
108 2.765536637749877
109 2.847405879037359
110 2.863884330038124
111 3.2057155683427565
112 3.071935771012759
113 2.72828161999734
114 2.708476793330972
115 2.687838098848309
116 2.9377275971479344
117 2.8105299242334136
118 2.6759965143115556
119 2.79918569214612
120 2.7105894681900304
121 2.8010085087059853
122 3.2314941845955047
123 2.7004476804032933
124 2.9066941212501396
125 2.589721833991601
126 4.382986809060714
127 2.852340530968874
128 2.888410785469834
129 2.73909257302679
130 2.861530441033529
131 2.987456905895903
132 2.795223457736977
133 2.9808938062085146
134 4.927850546212903
135 2.7729487799792847
136 2.826921594136227
137 2.8864509054765364
138 3.106070748236277
139 2.724648579945591
140 2.9587872717119654
141 2.6743652568708605
142 2.874191876187889
143 2.8056021471732513
144 2.9373676152545762
145 2.823320778238973
146 2.820935095002257
147 3.0088215564468097
148 2.627879025077307
149 2.6679045310225096
150 2.7268937294791247
151 2.736461196166864
152 5.0609638454467785
153 2.8396887699271205
154 2.811710547574609
155 2.858139110288284
156 2.6923874084104997
157 2.8829601250111536
158 3.2107937485578937
159 2.7613810067729916
160 2.735834408073994
161 2.8153552942588704
162 2.8972736070383904
163 2.8519949650638647
164 2.7521236828217086
165 3.443826404462287
166 4.1646733195406975
167 4.447225721144081
168 3.1414599354778914
169 3.8169025490770907
170 3.012151611058984
171 3.589084983663251
172 3.9640638147141427
173 3.46622950336615
174 3.8121030742581996
175 4.686650297424318
176 4.736106004163148
177 4.345642559221826
178 3.9701566699033966
179 4.961897175064245
180 4.566625114930992
181 3.6205121301221252
182 4.455983721398932
183 3.6100681022060646
184 2.910118588263976
185 4.068471458554887
186 3.8639310014704784
187 4.135936318259077
188 5.56520271037828
189 3.917681663651333
190 4.650596165477767
191 4.71003740345817
192 2.933035716607705
193 6.593102257897818
194 6.300266816920216
195 3.033748808652371
196 4.261772927645101
197 4.221824759934962
198 3.8359882306488577
199 4.125169024416432
200 4.641104817379588
201 3.030364346629716
202 3.383137430106595
203 2.7374690422309587
204 4.1731807283373366
205 2.761062140882394
206 4.246940049637587
207 2.767650526616422
208 2.6954844269381315
209 3.026947302310714
210 3.0026498284858834
211 2.8149508477528684
212 2.6754437394275166
213 2.909798680276773
214 2.9323854677183685
215 2.8750560597299857
216 2.7807432127394405
217 2.8084670246235803
218 2.988205736633617
219 2.695218240280554
220 2.948704302871559
221 2.7222203894485104
222 4.755718853224122
223 2.7444023346946493
224 2.937322174452086
225 2.7596080186108445
226 2.6703161592595004
227 2.713700882469571
228 4.870994391504729
229 4.664771876189248
230 4.52890342641108
231 4.628849195970021
232 4.129370155725722
233 4.337709056940236
234 5.01281426783963
235 3.8090695824073446
236 4.344095723642056
237 5.030967843021878
238 4.24185922702883
239 3.8341197976007213
240 4.141088623737946
241 3.2568849399043307
242 4.162172417843211
243 4.1375067493391535
244 4.585949177684204
245 4.532830656423224
246 3.929637176999738
247 3.181738457488184
248 4.341899352185189
249 2.8066592488039372
250 2.770067588441881
251 2.882187892001058
252 2.885490363951382
253 2.8373717209344957
254 3.3203420201134106
255 4.491319648458349
256 3.1856688187192908
257 2.7339156573566497
258 2.956077386609801
259 2.8378239710700437
260 2.9653179054855623
261 2.845288017586121
262 2.903207761360628
263 2.834282926435618
264 2.7201943374414683
265 3.0680778860335423
266 2.744294678612361
267 2.8689312518008085
268 2.7986047215700567
269 2.768057736068624
270 2.916093621058684
271 2.723279407626656
272 2.859290081609938
273 2.7302690593735437
274 3.916098009881501
275 2.803896541494596
276 2.837066307939432
277 2.8900209640185435
278 2.7238876756947428
279 2.9167844899689945
280 2.6800630015446165
281 2.7921071817044334
282 2.831259458022925
283 2.644844940788912
284 2.8928726546813253
285 2.9180539576756215
286 2.7791928033659405
287 3.014811580937276
288 2.61175833265076
289 2.74125344490128
290 2.759330903075611
291 2.718555007891701
292 2.744864588391373
293 3.0053358795753136
294 2.863705744944701
295 2.756513017836779
296 2.817535831029551
297 2.9839729564172983
298 2.8569690241493775
299 2.7756923672995484
300 2.6065075755304856
301 2.7255445500360977
302 2.8722224780568193
303 2.7750722560695436
304 3.0681205411527124
305 2.81781109461013
306 2.8764297791765263
307 2.6916036854859313
308 3.050746153275371
309 2.8958906879021393
310 2.8366836458029248
311 2.7592507021910047
312 3.1621171328304474
313 2.655722140475757
314 3.0520026218188563
315 2.8241813786426384
316 2.819419814708651
317 2.739395518702201
318 2.8532056298118724
319 4.5551702278307
320 3.106465313999374
321 2.6822314951694652
322 4.701388081161854
323 2.8445829877009907
324 2.8340489233307555
325 2.907032993674137
326 4.32137957518091
327 2.7571947565702497
328 2.6871992015939976
329 2.7382564195103103
330 2.9310947960802554
331 2.641865700380097
332 2.9571430594799684
333 2.661775910090487
334 2.8695817166970037
335 2.9082779454073653
336 3.049901902762816
337 2.778406283022647
338 2.9705061677935776
339 2.8736474836672414
340 2.7427857324383704
341 2.7266824671779286
342 3.402955509416456
343 2.8418209187821453
344 2.7170224250185053
345 2.9604265291990868
346 2.7508303183000895
347 2.644588387566877
348 3.1924169889575937
349 2.879060848441824
350 2.791120274625681
351 2.827646780986286
352 2.9601632023613353
353 2.946797154810546
354 2.9056274991898183
355 2.7744155766858545
356 2.911347510473981
357 2.870721785512276
358 2.790418359639951
359 2.898370551435517
360 2.908639685420567
361 2.8865729906931503
362 2.92673786435393
363 2.815249824041991
364 2.7034699590603637
365 2.913008226298405
366 2.8087798676375106
367 2.9115417877504677
368 2.632257602778698
369 2.915077532210219
370 2.746481876277059
371 3.26949647446657
372 2.721218412528796
373 2.7404304997999733
374 2.7236456840394636
375 2.9396286041489468
376 2.794506930984289
377 3.1954321708455287
378 2.8406640271563544
379 2.8531217268738343
380 3.0826572326952135
381 4.018988934705217
382 2.95182506438667
383 2.6971452100586415
384 2.751557672427924
385 2.7143864972372858
386 4.281758126041668
387 3.2908430212455473
388 3.941671518460123
389 2.70926573699087
390 2.6704574251404254
391 2.757105692280059
392 2.6869671330389187
393 2.745973864383665
394 2.6895142879853164
395 5.317784707371998
396 2.7928123099825686
397 4.128233285224691
398 3.201266228375848
399 4.731028433594092
400 2.7781280344221364
401 2.854921974149014
402 5.696522557639728
403 4.500204252587774
404 3.7873691857105594
405 3.4001462052256417
406 2.8607697230649762
407 2.7532678665752273
408 3.0349762331374857
409 2.9630945403597724
410 2.772151529561332
411 2.9026947320781273
412 2.86717502915631
413 2.747076516740177
414 2.9022683292275198
415 2.9774471814827854
416 4.080548263942052
417 2.9120186318538877
418 2.7295626874785124
419 2.651449094244104
420 2.7933585096304276
421 2.838886452780457
422 2.6321515439462617
423 2.829967011943325
424 2.745373821445453
425 2.851514953375238
426 3.5907743311779328
427 2.7597523229528607
428 2.810745809329967
429 3.932249905201569
430 3.9187635534252587
431 2.8062250329104894
432 2.772940693032531
433 4.701984942097217
434 3.048675618700537
435 3.006216735594976
436 2.6195709713639284
437 2.867059458398442
438 2.9247138124089784
439 2.6987768594810064
440 2.7351575957912746
441 2.8123597651243393
442 2.940967579067286
443 2.863251794189011
444 2.7343962129180905
445 2.8234718470872338
446 3.0110182096732396
447 2.7835812040463592
448 2.7615009116561278
449 2.918837167154498
450 2.9146615753888527
451 2.9623486037020577
452 2.9462259804579705
453 2.747393830569237
454 2.7658744758853255
455 2.8602773917436473
456 2.9651917328806885
457 2.8685781722284585
458 2.70426137318887
459 2.760193246744311
460 3.0282222986726635
461 2.7214330470987895
462 2.8440138320403245
463 3.034565886639229
464 2.6735013729714714
465 2.825524287146069
466 2.8569670097665334
467 2.869884294174797
468 2.664589753334869
469 4.559108781437021
470 2.9943664586523844
471 2.7779618009255724
472 2.830129390662029
473 2.737821671444389
474 2.7942020036113844
475 2.8307901630624124
476 2.974635845621603
477 3.1712506816342225
478 2.7613321780133746
479 2.8661866524365522
480 2.7437640640339884
481 2.913061972582709
482 2.7490559290466345
483 2.9870765490082833
484 2.9696212761362086
485 2.800956361066025
486 2.84689554554367
487 2.7296473423709493
488 2.916226244803217
489 2.844218376629403
490 2.8258086414460566
491 3.0169369219218005
492 2.7832482664340144
493 2.690832623589062
494 2.7209807004446773
495 2.833379497962574
496 2.774004446114723
497 2.818632600321582
498 2.6667895047945116
499 2.8751567132708127
500 3.044853135538488
501 2.9753845023971994
