0 15.46483132758931
1 15.710331166406831
2 15.925199352480524
3 15.902117452398628
4 16.191935501320895
5 16.393568094087446
6 16.344112312628955
7 17.00447826937855
8 15.78356429762996
9 16.526862379446268
10 16.51987917592822
11 16.754582292730305
12 17.72776963728978
13 16.00444251080077
14 17.208528148393658
15 16.951782184537773
16 16.915015161286956
17 17.333775748587744
18 17.222709152670827
19 16.84342470752457
20 17.69612984380035
21 17.407110695998703
22 17.15171903250789
23 16.766120113976214
24 18.866977793805006
25 16.14834710957235
26 18.10946519205032
27 17.93931378025516
28 17.589857608083552
29 15.32278503016497
30 17.466174558510833
31 18.751843314548314
32 19.256018787125946
33 17.115079404161925
34 17.396176478147687
35 17.854114976671195
36 18.335359060364535
37 16.80834974578936
38 17.96763483615364
39 17.883179295481206
40 18.434919131582827
41 17.155699821632812
42 17.235977332106216
43 17.79190922878862
44 17.952917959929557
45 17.86421881374184
46 18.056430262681516
47 17.01326492161605
48 18.172858408637996
49 17.49487161873706
50 17.975610083871675
51 17.454881304023274
52 17.924517818076822
53 18.038161075588167
54 18.520550161998965
55 18.090783624342805
56 17.434437923880864
57 17.985753554858967
58 19.186447035233815
59 18.37174503546492
60 17.572127067965628
61 17.823187292137924
62 17.980521877299548
63 16.47305210403636
64 17.40361906039768
65 16.643190868962716
66 17.454588683530407
67 17.669411032985327
68 17.66543021623385
69 17.34060782745151
70 17.40194564519318
71 17.4862034115235
72 16.75864959699847
73 16.69720346897149
74 17.06909327208065
75 17.408099355625854
76 17.318756524532603
77 15.26925763770094
78 17.142346324530944
79 18.97497562856513
80 17.73805300578779
81 17.129930396977628
82 18.47233427959967
83 18.54988544771227
84 16.334497734876603
85 17.831859189896573
86 17.833156815470513
87 15.36406728017931
88 19.231527587267067
89 18.841577292649507
90 18.464723527102095
91 18.248781162932506
92 17.669294245333294
93 17.844954017887275
94 17.076524949200675
95 17.593638409662454
96 17.106658774320213
97 16.955315205992918
98 17.41106874511914
99 17.49624740595388
100 17.599942898225144
101 17.118965270229744
102 17.86806872435756
103 18.899478097943213
104 18.58696766333639
105 18.29235741641763
106 18.101954050014054
107 17.683431925800313
108 17.862044258146007
109 16.28454595056696
110 18.502317776652763
111 17.685766457303423
112 17.949749062161583
113 18.270021678665127
114 18.513966815243805
115 17.119115669503646
116 18.427219408912453
117 17.569075817394257
118 18.1366838088153
119 16.90916909040135
120 18.043654661323508
121 17.576245446065002
122 16.291355983260402
123 17.81477193729104
124 17.863242198802713
125 17.94041075347883
126 17.923389530798946
127 18.31278335556122
128 18.383096458162395
129 18.407621818072514
130 17.9150314876515
131 17.410637973483947
132 18.474802714989817
133 17.972902714457568
134 18.770406810354082
135 17.59976598081398
136 18.511567713380163
137 18.186240662132008
138 18.828868253473846
139 17.440107248050552
140 18.196657948882457
141 18.307465317096376
142 16.985551804236792
143 18.835023554740822
144 19.26205673739803
145 18.337014060555628
146 19.370650734256767
147 19.209760788196714
148 17.628695256406925
149 18.210476098124804
150 17.595297880873822
151 18.63662721759407
152 18.101446473395495
153 17.844146199790107
154 16.38093394061062
155 18.363454028147874
156 18.104715795444328
157 17.784185251984667
158 17.974466962588952
159 16.7856918446689
160 18.028904979165123
161 17.527918939358063
162 18.569024761290656
163 18.49268692371406
164 18.365974797076
165 17.600913819025134
166 18.312250432462456
167 17.17968314605974
168 17.676087932131264
169 19.230037591901024
170 18.37958069210394
171 18.474372685024296
172 17.415682447414223
173 18.098263661645603
174 18.130030478249658
175 17.65971716089208
176 18.291086486483252
177 17.79243741825177
178 17.432585618509588
179 17.549265524033505
180 17.58594827688358
181 17.724446906420862
182 18.093929305904545
183 18.302033813165387
184 17.745604502104538
185 17.740974852146405
186 17.297859555713984
187 17.632072512194906
188 17.687396787200964
189 16.96167169104661
190 17.115052278969006
191 17.20131915594858
192 17.939006508374163
193 16.989293346649198
194 17.1336956130535
195 17.10127432639081
196 17.35916610645229
197 15.265377443914176
198 17.236347453269623
199 17.82695856326
200 17.869640359211992
201 17.58151713890762
202 18.378820766166196
203 17.870572778596117
204 17.72866058769291
205 18.581572327637375
206 18.282245947859817
207 18.763854057104705
208 18.6222729085087
209 18.2052886134909
210 18.49630793942705
211 17.272598479936818
212 18.46711098755242
213 17.473528656508126
214 18.001507079403584
215 17.82378351410476
216 18.308755676286513
217 18.542654377550253
218 17.62518745655787
219 17.986587110038652
220 18.53929072509698
221 17.199231899028025
222 18.254459779868988
223 17.92908845139766
224 17.854585266302667
225 18.56521766118266
226 17.580016166156863
227 18.251451122937006
228 18.324292493255033
229 18.782474888071
230 17.892149922713816
231 18.76044160084272
232 17.193306138017984
233 18.152115744251013
234 18.128179418267
235 18.251852080330636
236 18.862429849912598
237 18.22939407535384
238 18.01702689732226
239 18.054388739237474
240 18.170873320612642
241 18.78517114097223
242 17.834232641131933
243 17.603537919155343
244 18.303286822278405
245 18.299596483132614
246 18.134636044165887
247 18.15532819742766
248 17.71808149995583
249 18.346094241065234
250 18.128210428417788
251 18.214805375794345
252 18.149158223121397
253 17.33640164932244
254 17.24064394559984
255 17.69967387172516
256 17.706504174772768
257 17.91071180632703
258 17.78047335066551
259 18.05997945180334
260 18.002612450648126
261 18.232276564968213
262 18.028082098804507
263 18.110326519963134
264 17.99207834109519
265 18.981294479301347
266 17.21910547050751
267 18.160515460488217
268 18.632440326807433
269 18.235399543616044
270 18.30884443336301
271 17.815223702918725
272 18.373196182324353
273 18.431750660134643
274 18.8544913531322
275 17.804402999926094
276 17.68252871567868
277 18.60034232515125
278 18.55512289272185
279 18.173100459869946
280 18.90447627253435
281 18.34550591114916
282 18.446007866958023
283 17.86926919826502
284 17.881560435918338
285 17.11588532903886
286 20.36870744044055
287 20.03044271183503
288 20.653691797809902
289 19.420857985137726
290 21.436343253503825
291 20.923189289790546
292 19.639873635119585
293 18.70943423697272
294 19.93198351937106
295 20.042072959921644
296 20.605122796838707
297 20.32853892808728
298 19.536276636162157
299 19.395714193366093
300 20.193419281293348
301 20.003926653546593
302 20.264646416595347
303 20.16681555869931
304 20.025265458604892
305 21.014291594513423
306 20.031084129078135
307 20.010156744487716
308 20.4432781780565
309 19.948072273619218
310 19.86330924094949
311 20.506574424476394
312 20.13138634133947
313 20.659961107490854
314 20.221830609191347
315 20.489411824698397
316 19.94013624201663
317 20.214637928612074
318 19.667001636806265
319 19.902077639064345
320 20.657180941623388
321 19.912650854346982
322 20.897104926791112
323 20.545676892015223
324 20.78407218320281
325 20.240202698043845
326 19.0582659930123
327 20.49509643014195
328 20.82268678469704
329 20.22283654767335
330 16.872148085253965
331 19.488650986673946
332 19.69159346277265
333 19.90902733318853
334 20.6617374777357
335 18.787414913886003
336 20.25411727833915
337 20.40034325067124
338 19.79986542930602
339 20.686638684454696
340 19.888737277640928
341 20.21894060050561
342 20.206048776615262
343 19.310551258054197
344 20.134828879541505
345 21.61802363060143
346 19.6510292666259
347 20.01263489281273
348 20.899735257465746
349 20.53879708363864
350 19.510038959335628
351 19.721413538897746
352 18.995836962207438
353 20.265112019747907
354 18.925416992626285
355 20.19884781654429
356 20.369287308901917
357 20.36848053722428
358 19.426932191982544
359 19.885111919774626
360 20.32532346158881
361 20.171825297631223
362 20.972804731676888
363 19.699453214585947
364 19.931213320990615
365 19.72514166246511
366 20.78264340401515
367 19.71123944145204
368 19.25385198504045
369 19.693759524459225
370 20.06849417799952
371 19.42142509488024
372 19.21521335204176
373 19.893659840500153
374 19.922442151186406
375 19.955189981017604
376 19.397356384503173
377 19.314325674327833
378 19.168601065741854
379 19.81875918403383
380 21.134645023815168
381 19.84904525653073
382 20.657859213279945
383 20.106087607525115
384 20.07890198350667
385 20.429878651706726
386 20.39024836826336
387 18.824277708950707
388 20.3773553766751
389 21.216581413799386
390 20.073792473374038
391 18.387877626539293
392 19.55091906005716
393 20.254456626573266
394 20.75895476628679
395 20.25304108214846
396 18.03076229412096
397 20.290187763017023
398 20.552535188306216
399 19.889068719856464
400 18.901920844499216
401 19.951819305261715
402 18.70787218476067
403 20.4696449983145
404 20.618412509435565
405 19.357495535787663
406 19.29521459124605
407 17.991878016646936
408 19.078880183007502
409 19.706550698259164
410 20.32348816605637
411 19.86067907780405
412 21.012278973448822
413 20.523382408653855
414 17.000235443121984
415 18.000079370778153
416 19.0889999240595
417 20.913820112003574
418 19.80128882746085
419 20.799455950973446
420 20.132045114709417
421 20.04345374936418
422 20.2296335874145
423 21.098249425080816
424 21.34216281804959
425 18.818721668058448
426 17.765719810377274
427 19.00485691431457
428 19.39161098568605
429 19.497230697990123
430 19.283783717856434
431 19.863461325847176
432 19.074212609331816
433 19.602864451451456
434 20.70224887222761
435 19.612215270109076
436 18.10836424939651
437 19.66451999764378
438 19.482266870159762
439 20.164203817826134
440 19.779291303381754
441 19.207538377502864
442 19.38651135153665
443 18.766050383706585
444 19.70922042382787
445 19.368091678343312
446 19.00817372694585
447 19.770186134213482
448 19.600864152636458
449 19.271771814192974
450 19.479214692823593
451 20.056789082892443
452 19.5763187818034
453 19.187344563740343
454 19.537633943535013
455 19.295248650197664
456 19.035494986348276
457 19.53824316329375
458 19.306245479841937
459 19.863004028302196
460 19.10308670186029
461 18.15015629841227
462 20.058785612965643
463 20.611746913134116
464 18.52541020997002
465 19.70840466595314
466 18.95148656491351
467 19.700274422486366
468 20.026883975095494
469 19.399737801068365
470 19.77034151091891
471 20.22822316756686
472 20.247548452195662
473 20.277612649852454
474 19.86560561553034
475 21.857549663497565
476 19.760700927763974
477 19.23130565702472
478 19.492187785477523
479 18.85728767986692
480 19.752303830913903
481 18.968008904001238
482 19.44330528368006
483 19.381748172339776
484 20.24116881028437
485 19.296905729929986
486 19.175826155460864
487 19.566987602243245
488 19.090354801192547
489 19.77836987525035
490 20.337836699062617
491 19.936402612916197
492 20.605429834003306
493 19.41047985390594
494 20.834572233192947
495 19.380342604205715
496 19.793541118285226
497 20.19888822931528
498 20.79573261768113
499 18.372695152566436
500 19.818251386690097
501 20.074477777771317
