0 3.148895526783403
1 2.663204497572119
2 2.6740514768878527
3 3.0934658645404958
4 3.3797654997292894
5 2.960564413252742
6 2.615499061483872
7 3.1539830273111997
8 2.6861818628748635
9 2.726565986777425
10 2.8623826203326805
11 3.407881130884191
12 2.6528832327330956
13 2.5396911506160036
14 2.9624631716082708
15 2.6688412896268283
16 2.842582933306171
17 3.058984713405428
18 3.0896695695878575
19 2.6804702470071353
20 2.776768446282644
21 2.6029455724513597
22 2.691706697556814
23 2.6205450893141733
24 2.548455977864827
25 2.7389912862868298
26 2.678947165697212
27 2.8465314193879467
28 2.604739063322031
29 2.680922557507728
30 2.63213048778269
31 2.653837431524238
32 2.609916531580729
33 2.642979429074213
34 2.8797168213359146
35 2.606194022732646
36 2.804243392141984
37 2.6216406465235798
38 3.193907566131889
39 2.884514882100558
40 2.7694003252591273
41 2.5140217554275086
42 2.7296160643837775
43 2.9348533886005734
44 2.572288686283764
45 2.7223100094084165
46 2.8230707055190876
47 2.6796177940862607
48 2.606979743111495
49 2.7862546494038347
50 2.718720799687919
51 2.6134394931256577
52 2.6083626309312637
53 2.6526390573925203
54 2.736239886346617
55 2.8276544965655184
56 2.4646707182153866
57 2.5816454283102126
58 2.669041894883442
59 3.6219180713055907
60 2.6009447754021466
61 2.6856372996896685
62 2.6919025595663495
63 2.535678273167164
64 2.8291126532654287
65 2.6582727321685833
66 2.822580281651934
67 2.7427485176496798
68 2.626336397967945
69 2.9284026200041793
70 3.027529125254691
71 2.904079809655699
72 2.7180653615850296
73 2.8799878910132035
74 2.625281148419288
75 2.940113985094112
76 2.6720795322805344
77 2.7538903562304586
78 2.795884642701843
79 2.662712332076765
80 2.698086709410551
81 2.7615938894889407
82 2.6614918641836676
83 2.628009862406183
84 2.716175809527177
85 2.7182929415096404
86 2.853565419787878
87 2.951682039269153
88 2.7394042601571287
89 2.753802535684556
90 2.630198055186064
91 2.729279304037678
92 2.6847743304012512
93 3.3956167289614783
94 2.9649968020494057
95 2.924212219491982
96 2.7050349111999497
97 3.179798186969224
98 2.689942344734246
99 2.6966967983747803
100 2.684783300366236
101 2.546306844391788
102 2.7232176818147145
103 2.784444804943668
104 2.7395007398885474
105 2.691255310784551
106 2.8022710584695316
107 2.4792141556727127
108 2.7454917028889154
109 2.6857391015887053
110 2.6779335635156025
111 2.780983230300532
112 2.6318472455232196
113 2.760495170264757
114 2.720799190015845
115 2.8118278338018494
116 3.2775701140436917
117 2.6570817274504113
118 2.632138777682056
119 2.669787964335914
120 2.715808026725349
121 2.648577666745672
122 2.6310583837424395
123 2.9353344766097247
124 2.897523985438225
125 2.822134075058664
126 2.7805946999156395
127 2.737998856900418
128 2.932576538870742
129 2.6010050083755263
130 2.828573684491217
131 2.691908865747116
132 2.807315283961949
133 2.8939441578843956
134 2.549925214917312
135 2.5714175237304415
136 2.729266293095943
137 3.5563306264292263
138 4.061704094329274
139 5.659625261581916
140 2.6265493736340852
141 2.6930697338913245
142 2.7255420712103877
143 2.8909983507965062
144 2.70831674017783
145 2.8974874422429377
146 2.702262129069323
147 2.711406235070409
148 2.569076715333521
149 2.5756877560260225
150 5.583607630999279
151 3.4830888856085376
152 3.0208938375521437
153 2.682313047305004
154 4.488836690677004
155 2.6853640862289154
156 3.169056345610346
157 5.476960362192072
158 4.530747194832368
159 4.3620094053464005
160 4.366036406910547
161 2.6477628702416673
162 2.7289514712092195
163 2.7497073535380925
164 2.6264978568206736
165 2.7137947856560074
166 2.5655014764245103
167 2.513564925574896
168 2.660794804922922
169 2.74574922799755
170 2.668423104044783
171 2.690222033222216
172 2.66776258912501
173 2.643506482120543
174 4.802972676634424
175 4.665145464034956
176 5.4655259036030115
177 6.723462686791195
178 5.186180269076686
179 6.094253905117781
180 6.406991820548262
181 5.091754506716348
182 7.328029284211942
183 6.641866875660423
184 5.450111428569091
185 4.584563522655846
186 5.0691832952767015
187 4.954225978728352
188 5.238993529491443
189 4.5626340105376
190 4.505397013567057
191 5.015740170337557
192 4.6611632361169155
193 4.9623208767700735
194 5.431644361036563
195 4.3461935670660985
196 4.9022767094507795
197 4.394655188448695
198 4.291212579113448
199 4.380060930328007
200 3.9069993777417755
201 2.578498927828387
202 2.7874322613467846
203 2.6509752442050956
204 2.636350070388722
205 2.679589814083552
206 2.8005643564893545
207 5.324530073512778
208 2.601457466468395
209 2.6329413271759248
210 3.6546970092487934
211 3.3899830501733565
212 3.646621459920166
213 2.62282060500224
214 2.698837935214402
215 2.793349899156996
216 2.692503022694879
217 2.472150485303348
218 2.5568055774101697
219 2.6676603482277383
220 2.618136696266758
221 2.8275787789738565
222 2.6499353607325045
223 2.7897850719044794
224 2.629702950408006
225 2.785135956177926
226 2.6542132421934848
227 2.784325406121434
228 2.8698111168978437
229 2.726190369983637
230 2.64626113373264
231 3.081227525044305
232 2.6735127035800623
233 2.6573488704070862
234 2.600215123019702
235 3.1260028479883712
236 2.53122257815706
237 2.723450968905943
238 4.207887472838291
239 2.6470996921698458
240 2.579944159867204
241 2.8429545387840967
242 2.7102262543863445
243 2.6757848359518417
244 2.6192031803923235
245 2.6163744071795536
246 2.8214899566492306
247 2.790388174364894
248 2.5761056492606635
249 2.7306728509526264
250 2.657375493893647
251 2.678664982659593
252 2.6099359151131596
253 2.5713075400100225
254 2.7404660526837663
255 2.658567271518647
256 2.724223053937459
257 2.547848693380175
258 2.6616292059015327
259 2.628189738603797
260 2.587381943988343
261 2.645633197332678
262 2.688976070381683
263 2.6920087002976842
264 2.608587133141105
265 2.6769837307883284
266 2.716934140200396
267 2.704565651622914
268 2.687059344487745
269 3.434949862639553
270 2.6864328569492053
271 2.856569400695567
272 2.6984019817882237
273 2.722916778607856
274 2.5179328262917093
275 2.7125453128532317
276 2.506869602033054
277 2.688823670198699
278 2.533046567830479
279 2.8972903380204698
280 3.2710770946212855
281 2.6100386813968246
282 2.7101935153215804
283 2.540638008538093
284 2.537694097068743
285 2.620634603332445
286 3.3510069486661376
287 3.8014244156301187
288 4.106688846684303
289 3.800780489919891
290 2.8768181092479117
291 3.404271199139137
292 2.7146841117723004
293 3.8725886604289976
294 2.7878315125075552
295 2.6207448108791276
296 2.7741473643430528
297 2.8073701438322622
298 3.0153550833662557
299 3.513180235000385
300 3.2548156409555657
301 3.7193226621353257
302 3.825881794505284
303 2.7366684977472087
304 5.122660766100823
305 3.3226780002705327
306 2.897107174764147
307 2.6019545518116662
308 2.655730083974618
309 3.674186039363182
310 2.620006814522634
311 2.9193723519478065
312 3.6924371659046957
313 2.791130269099092
314 2.857145611550002
315 2.618527548228454
316 2.7532947667327234
317 2.7923468353173835
318 2.7907864067523858
319 2.9256115443008306
320 2.697345241512852
321 2.6549021927756984
322 4.152695133739019
323 2.6319787989872685
324 2.6658373500586134
325 2.5950945345037555
326 2.7886169389149518
327 3.1772426841659196
328 3.1847665515433947
329 2.853069898116274
330 2.815191571128507
331 2.824304710301966
332 2.5883424870554688
333 2.9232190172327486
334 3.861706925558328
335 2.7425396208853887
336 2.675635739544998
337 2.7845042081411946
338 2.9914856365674978
339 2.761090618960202
340 5.853847778160549
341 2.7658849402065093
342 2.627743512352352
343 2.585528710192586
344 2.676725034263005
345 5.678546596073863
346 2.7171729473153166
347 2.6664595538452036
348 2.5811527185151917
349 5.634418948662918
350 4.511931584197493
351 5.064677680637212
352 2.8046432316239205
353 2.686343254090052
354 2.7937529313936205
355 3.312566878524235
356 2.707471934037178
357 5.273711926069002
358 5.542677878303671
359 5.612749235343765
360 2.563299462125117
361 2.668616529956583
362 2.6216562366503364
363 2.7541416491475994
364 2.9762057982385124
365 2.6364478469889328
366 2.69431963975528
367 2.6545094008479886
368 4.696593480195627
369 3.6863737765744906
370 2.7285230387156174
371 2.977076041430382
372 2.714653773185274
373 4.581900775696522
374 2.5920673117954753
375 2.605844283347673
376 2.5638411309676026
377 2.6855281574703738
378 4.2400258029466515
379 3.151947600295238
380 3.9486234093984494
381 4.398998722879606
382 2.7895569262333098
383 3.975747323897146
384 3.5818879407045108
385 5.119032586133593
386 2.7382688057856233
387 3.5237145919848802
388 4.15999171506079
389 2.7976544940488868
390 2.962658094537198
391 2.570703200791351
392 2.741736353986845
393 2.8187622069342977
394 2.80675438921811
395 4.356485010377486
396 2.716927120475453
397 4.4879299209075585
398 2.6553595880824545
399 2.709400088378926
400 2.8589025381944317
401 2.7249274128186
402 2.6023731871354885
403 2.6354064353292057
404 2.5795710425187774
405 4.245203568596024
406 4.795654802312928
407 2.6495320331686325
408 3.2153730290151894
409 2.6284430149968
410 3.614040648775438
411 2.67220618879018
412 2.7132070940013495
413 3.039360799144775
414 2.742921858269313
415 2.6708422389102244
416 2.5963319738730712
417 3.2586471522875082
418 2.6775198370073707
419 2.6214971032095837
420 2.593701388440523
421 4.360081411095163
422 2.658411336083858
423 2.803598128434959
424 2.6451063160295276
425 2.7861877335910408
426 2.6242269177578645
427 2.649877101937408
428 2.7809827320539813
429 2.7123841322467808
430 2.643808574040439
431 2.544033512700234
432 3.646325141763849
433 2.795948043226587
434 2.652324974846436
435 2.720464619433897
436 4.114262098482831
437 2.7316221194667247
438 2.8702408690578514
439 2.881612437574602
440 2.8660409117080192
441 2.7008964038332883
442 2.582111072924373
443 3.8720835521526262
444 2.959115374036582
445 2.7482609754876166
446 2.855737656130953
447 3.0950721394043463
448 2.882033376891455
449 2.621366648972974
450 2.643553814684431
451 2.7243442782103036
452 2.692236302479237
453 3.5329319507401133
454 2.6715363547877473
455 2.7750848401796433
456 2.7096019350564347
457 2.706943456237622
458 2.618803172994443
459 2.760572460852995
460 2.8337598245546367
461 2.6091386351091828
462 2.529254640963854
463 2.805900248884123
464 3.6483298107750843
465 5.0590272342912295
466 2.6409634462139806
467 2.5967888160438264
468 4.399864534021037
469 2.914610839889959
470 2.7909042656202114
471 2.6295976252431283
472 2.617792392499728
473 2.605517409818779
474 3.6508061762859763
475 2.78238577325093
476 3.5947440457640276
477 3.968327523310899
478 3.05428746912945
479 3.969962215551601
480 3.034246212988666
481 4.178085544646012
482 2.7293599653346927
483 2.574294500096018
484 3.598533343038144
485 3.3066883961978184
486 2.8784446205705256
487 2.761078795359009
488 2.600503492930875
489 3.5514109851233706
490 3.280750721623599
491 3.1074432986458236
492 3.7354451930369446
493 2.7379216299840254
494 2.8182781888973816
495 3.497365217117658
496 3.1766855284310354
497 2.608559741502237
498 3.8530309996110685
499 2.684969202371948
500 2.930281211980594
501 3.824796942845311
