0 2.6889985236992535
1 2.749263011453866
2 2.8043287680784954
3 2.7604350662959716
4 2.8868717674571225
5 2.8004581640367965
6 2.785932402258522
7 2.773714798083185
8 2.7952163641773646
9 2.7697984695589493
10 2.585105053765887
11 2.6787118293403585
12 2.68782760606719
13 2.9265763681840973
14 2.712100559831918
15 2.8203255116176313
16 2.7968998904074325
17 2.8812012796074677
18 2.9372242730102864
19 2.672118465458849
20 2.6386796928623717
21 2.8547776147227775
22 2.7795765712502214
23 3.0632111023827737
24 2.8223256872859794
25 2.711873636677779
26 2.8996054042162487
27 2.8481572530611334
28 2.748782077708999
29 2.826643256229239
30 2.958032008431487
31 2.9288372666704867
32 2.739165295317983
33 2.725830675678348
34 2.8604533298859054
35 2.7204597723217585
36 2.5688405170090634
37 2.8728601847393573
38 2.6878114016529095
39 3.0450511849379303
40 2.901470227025059
41 2.782008347580529
42 2.731067616206442
43 2.705272263399402
44 2.8988559121090813
45 2.776824112277855
46 2.6668359316359007
47 2.874527681064573
48 2.6996950374817885
49 2.6741388282278407
50 2.683752299205873
51 2.7499359233905474
52 2.827877684073805
53 2.8196274446549063
54 2.7866974002927085
55 2.8608010152557535
56 2.760398578885095
57 2.7429771125603013
58 2.6582221415268834
59 2.905394218713861
60 2.915357662806915
61 2.6942774191147074
62 3.014985561692832
63 2.8814469693954288
64 3.1011196988427745
65 2.6668611633050006
66 4.271968511158584
67 2.8614618045292977
68 3.4250984045371844
69 3.1924614788911088
70 3.39074697027403
71 2.688511339391294
72 2.7597110597882017
73 2.6808876924978446
74 2.540966235143798
75 2.747071022884991
76 2.814777707224523
77 5.8813137376410385
78 3.0587829714950576
79 2.7412124556668562
80 2.7821294524541833
81 2.843118656570058
82 2.8994720277343653
83 2.852409775866195
84 2.7815557208936816
85 2.674099044019864
86 2.8367542757069972
87 6.014062707043348
88 2.6856658414735355
89 2.9330270292742178
90 2.910401695313807
91 2.764794231489639
92 2.7564119531705416
93 2.8515946654906563
94 2.9245521589287105
95 2.7234060858240783
96 2.7428680437107342
97 2.8274025541375942
98 2.689422860317025
99 2.742095109846706
100 2.707148268587201
101 2.7968566221232902
102 2.6706771260647217
103 2.6214510395252955
104 2.725027231203313
105 2.7924632169020898
106 2.8652496780899748
107 2.8462997153129423
108 2.7566256305621972
109 2.731587049876019
110 2.797474956043962
111 2.9732274694083674
112 2.730445590438178
113 2.849355002208918
114 2.8200343934860728
115 2.553987101587263
116 2.714211389091921
117 2.6628881302609657
118 2.752423333088519
119 2.638180571816808
120 2.868074643473774
121 2.7969085522248074
122 4.156400491157865
123 2.6491650383161747
124 4.876930749555035
125 2.880517150223574
126 2.8159277607363635
127 2.8276702352519254
128 2.869663633388892
129 2.761100085406004
130 2.7668449109177278
131 2.812508094257236
132 2.7638922583461563
133 3.0474211673522467
134 2.7277166437951825
135 2.7533273530851305
136 2.6406525563265926
137 2.638334656113619
138 2.8549352292015917
139 2.737283353361119
140 2.7333992014487616
141 2.764934911210407
142 2.6950278942291135
143 2.919895286261239
144 2.6518137568986533
145 2.8238732089960727
146 2.878319750326547
147 2.8536285351479065
148 2.877196770254124
149 2.9098282792574586
150 2.6335881421396405
151 2.5875569402564103
152 2.7653409273780034
153 2.692634732905615
154 2.7352552827432617
155 2.718645337443134
156 2.734654388284465
157 2.9473471040785806
158 2.6761218555657904
159 2.8254453023963992
160 2.768150709938377
161 2.6282623416885986
162 2.7275485759678504
163 5.041248180941375
164 5.20157254024417
165 2.66992517985913
166 2.673306057735004
167 2.9399767689107787
168 2.805823084811651
169 2.8660505348671594
170 2.7751818814676734
171 2.9283531533598413
172 2.782253729591471
173 2.7607572762114536
174 2.7044816401306546
175 2.777585576267546
176 2.7597178251917907
177 3.1306438735367443
178 2.8697658940211177
179 2.8056779841184287
180 2.712864888733365
181 2.8618619833877297
182 2.766526497374583
183 2.8776133909227672
184 2.678467623861475
185 2.7087512873421513
186 2.6624193998902252
187 2.829204995907323
188 2.8552632845570907
189 2.7031281561023204
190 2.703242659269116
191 2.84591751831097
192 2.9087004254564994
193 2.8089001747573774
194 2.8451043908978857
195 2.9058986253537187
196 2.8786380822107125
197 2.629877147230664
198 2.905173811792801
199 2.783856686570601
200 2.873201762621496
201 2.7981991699836537
202 2.885262610611232
203 2.8266216012756207
204 2.691839065027945
205 2.9708370678013565
206 2.8303053773160043
207 2.890145667718627
208 2.738936076794906
209 3.033124817414999
210 2.7025823227372383
211 2.7751780283913634
212 2.615371595093334
213 2.9880036337192726
214 2.7650464791114597
215 2.891853074442027
216 2.6141012032644118
217 2.915504478330099
218 2.845176947817444
219 2.7595707908452938
220 2.7642593871171943
221 2.64852134520875
222 3.016588399645834
223 2.745947335280621
224 2.8006025282919387
225 2.7639051830907215
226 2.6705707298378747
227 4.852048932608921
228 2.8170539342454215
229 2.9982881008686073
230 2.775957696266017
231 2.648843789417272
232 3.8409779629878105
233 3.1413539729902573
234 2.7359718575614385
235 2.7266126098736923
236 2.8248595108252066
237 2.7887662293036133
238 2.6695666422546083
239 2.613411909582024
240 3.01394254963537
241 2.6366748921209386
242 2.7025149213180715
243 2.7679561350381965
244 2.6872078780503332
245 2.8096631145135795
246 2.789523960075693
247 2.8931901585454343
248 2.8836498020638577
249 2.6136572208986917
250 2.945816541759636
251 2.7432985074791993
252 2.7271836395064724
253 2.887182403111287
254 2.6854435886624413
255 2.7418444917308618
256 2.7097099652169803
257 2.7777573199065513
258 2.790240152741716
259 2.6827423514755613
260 2.6577551566915343
261 2.81412883431708
262 2.8210022277212548
263 2.931259842526829
264 2.870196160869323
265 2.636037232964613
266 2.665212532836175
267 2.8125563174797774
268 2.8088691817371405
269 2.8398657921024633
270 3.0272514791550624
271 2.781509458869931
272 2.630882951154562
273 2.81808943722431
274 2.7406941869812065
275 2.768554361054172
276 2.8378872326205618
277 2.7016750506164073
278 2.7195741852552513
279 2.875146101316089
280 2.942095396996959
281 2.6941194652124034
282 2.9768349844425677
283 3.0558206476391963
284 2.8069616982932204
285 2.841804934788549
286 2.8588612598290437
287 2.823431828273737
288 2.728362462033797
289 2.6557311918869666
290 2.916301948637282
291 2.7121730759594986
292 2.8348751784244723
293 2.738763272800311
294 2.7804173756970627
295 2.710073003966152
296 2.771722199704259
297 2.893252971295854
298 2.8271111114198515
299 2.9926519890239702
300 2.801372253692026
301 2.7183334663596015
302 2.8490997909179647
303 2.7430406819141773
304 2.798589111191964
305 2.889330462608717
306 2.6217774249052126
307 2.7345966697305943
308 2.6625409023558664
309 2.7210329600166037
310 2.751661884592874
311 2.845697642089701
312 2.770800987863733
313 2.801269319193507
314 2.7315721849929844
315 2.840193562455909
316 2.744769746262735
317 2.765379059818127
318 2.865280872467155
319 2.892758621036716
320 2.7373311133258804
321 2.803061225853514
322 2.7609566302534194
323 2.8970140396210313
324 3.0004403561096975
325 2.91294005112552
326 2.735936029605185
327 2.9522441569681908
328 2.87237911236954
329 2.751298736150618
330 2.647378442095341
331 2.744786623544254
332 2.6275817008831956
333 2.8680235054131047
334 2.788018030547637
335 2.6689060691863205
336 2.777500882738287
337 2.928954270139015
338 2.6207606861045574
339 2.876124737900038
340 2.9272368230742
341 2.7241836788328984
342 2.6964753747072554
343 2.7052772441386503
344 2.8359284223593217
345 2.9261137301535967
346 2.9763414291249872
347 2.811813037798969
348 2.7276285207277273
349 2.8600483247270128
350 2.8080752037469914
351 2.784343606068973
352 2.9725298776669526
353 2.7927867907607564
354 2.9612152443213304
355 2.776607744130065
356 2.674389629251685
357 2.83827238346888
358 2.9989073435765023
359 2.7319168061847163
360 2.6815717160477623
361 2.690978773240902
362 2.7794891115132194
363 2.7463418140427014
364 2.634416096911573
365 2.7869727984283923
366 2.885671000973733
367 3.0121944425474743
368 2.891186940200537
369 2.760973224496456
370 2.780529030532838
371 2.7613341932032025
372 2.7352743104911275
373 2.6485085974370057
374 2.996004273534752
375 2.940540992632023
376 2.9303310090235106
377 2.673465284675005
378 2.87053711932359
379 2.718418502723547
380 2.7884262967436735
381 2.780062874608878
382 2.836633765417805
383 2.710840226550331
384 2.8584768324038277
385 2.7571617481201467
386 2.663538023927726
387 2.6670185747246444
388 2.6691812384864098
389 2.8062320013023876
390 2.836812149616002
391 2.8078498606312494
392 2.7247595388707495
393 2.834185396479195
394 2.89372474092199
395 2.690672797769876
396 2.846322933348231
397 2.7362817476224857
398 2.7292862498318646
399 2.6487338027324876
400 2.634961679457992
401 2.9479774585202643
402 2.8594753986284727
403 2.5424438264940927
404 2.7907808204589535
405 2.8249878715134757
406 2.8901795645834234
407 2.8308763508569568
408 2.750492925774409
409 2.8794172437341983
410 2.7509895978655443
411 2.760794400109112
412 2.6844319772744742
413 2.933017356451703
414 2.6922268730512005
415 2.704658319831024
416 2.624094988720102
417 2.8796287690534763
418 2.6775035499472484
419 2.8114506327762268
420 2.9586401144409935
421 2.777649697659917
422 2.796637799942222
423 2.857395344475898
424 2.8610001831401393
425 2.8200371173404357
426 2.738702753601095
427 2.8592887954117945
428 2.893010513859549
429 2.8500246218825107
430 2.8319870086521566
431 2.8096913184542776
432 2.703121213810397
433 2.800705418810041
434 2.695140006928753
435 2.799241267109636
436 2.7495379701547984
437 2.7126230358127357
438 2.8602804689549752
439 2.7730604053701318
440 2.8579530303479124
441 2.6814724608639064
442 2.7065088830728907
443 2.7328983628169046
444 2.6581643931963814
445 2.6670141498648348
446 2.8359311985823594
447 2.820903333140408
448 2.800777393789331
449 2.776665569112681
450 2.7064676407787522
451 2.7114199898149716
452 2.7845191075456284
453 2.7404388904919337
454 2.727383057017052
455 2.8635993053769218
456 2.8302724097599916
457 2.8096618469141057
458 2.671388013021657
459 2.7582001481146228
460 2.7145349320094887
461 2.683281405635163
462 2.990220062166828
463 2.688562393561941
464 2.655425091469221
465 2.6792108119982285
466 2.8893145454864277
467 2.8745715977427113
468 2.654509803148298
469 2.8321651721996366
470 2.8238453635545477
471 2.7350320128069394
472 2.8197435082254234
473 2.8665849520959243
474 2.6723529568532842
475 2.8679330346823053
476 2.7152240480064154
477 2.862427192528696
478 2.639513570466786
479 2.7297869668927053
480 2.7807493000304255
481 2.898576304309164
482 2.8659751508583704
483 2.649370853301206
484 2.810311019673948
485 2.7562313469057456
486 2.783702715881649
487 2.8435023173257092
488 2.780933747196795
489 2.6025469623625552
490 2.816244118715623
491 2.6888578567399457
492 2.8602012464173163
493 2.7924885158241906
494 2.685763704623581
495 2.76849999063143
496 2.796327973085733
497 2.761072206903769
498 2.8396849246840863
499 2.696820132633839
500 2.806375924868791
501 2.6711419913992045
