1 0.21595682203769684 0.06139317527413368 0.06139317527413368
2 0.6015409827232361 0.12273384630680084 0.12273384630680084
3 0.6353984475135803 0.1587381511926651 0.1587381213903427
4 0.689842700958252 0.1988159418106079 0.1988159418106079
5 0.7720181345939636 0.2661152184009552 0.2661151885986328
6 0.7751469612121582 0.2687126398086548 0.26871269941329956
7 0.780464768409729 0.25983309745788574 0.25983309745788574
8 0.8412083983421326 0.3210579454898834 0.32105791568756104
9 0.8905481696128845 0.3281194865703583 0.3281193673610687
10 0.8751979470252991 0.3338596522808075 0.3338596820831299
11 1.093849539756775 0.507428765296936 0.507428765296936
12 1.113510251045227 0.5197623372077942 0.5197622179985046
13 1.1419557332992554 0.5145915150642395 0.5145915150642395
14 1.400108814239502 0.8277232646942139 0.8277233242988586
15 1.6481796503067017 1.028551697731018 1.028551697731018
16 2.0085692405700684 1.3260273933410645 1.3260273933410645
17 2.1056199073791504 1.4100801944732666 1.4100801944732666
18 2.0451440811157227 1.395943522453308 1.3959434032440186
19 2.1965034008026123 1.484278917312622 1.484278917312622
20 2.4373714923858643 1.6883500814437866 1.6883500814437866
21 2.087904930114746 1.2744669914245605 1.274466872215271
22 2.2325007915496826 1.4325164556503296 1.43251633644104
23 2.078629493713379 1.236535906791687 1.2365355491638184
24 2.3132498264312744 1.3881064653396606 1.3881064653396606
25 2.303070306777954 1.3616844415664673 1.3616844415664673
26 2.3094682693481445 1.378509283065796 1.378509283065796
27 2.3205692768096924 1.4529274702072144 1.452927589416504
28 2.411328077316284 1.5309432744979858 1.5309432744979858
29 2.3508660793304443 1.4235388040542603 1.4235388040542603
30 2.3781869411468506 1.5068858861923218 1.5068858861923218
31 2.3876147270202637 1.4560482501983643 1.4560482501983643
32 2.3254947662353516 1.3858329057693481 1.3858329057693481
33 2.342862606048584 1.4033541679382324 1.4033541679382324
34 2.4301726818084717 1.566386103630066 1.566386103630066
35 2.3956825733184814 1.497916579246521 1.497916340827942
36 2.3390257358551025 1.451711654663086 1.451711654663086
37 2.27483868598938 1.2881718873977661 1.2881718873977661
38 2.2291481494903564 1.2600990533828735 1.260098934173584
39 2.3654990196228027 1.3621610403060913 1.3621610403060913
40 2.3669657707214355 1.4203004837036133 1.4203007221221924
41 2.3796744346618652 1.462026834487915 1.4620269536972046
42 2.267625093460083 1.4252958297729492 1.4252958297729492
43 2.312957763671875 1.4467335939407349 1.4467335939407349
44 2.436462163925171 1.6742591857910156 1.6742593050003052
45 2.4324848651885986 1.6262824535369873 1.6262824535369873
46 2.4191837310791016 1.5705193281173706 1.5705193281173706
47 2.32185697555542 1.400716781616211 1.400716781616211
48 2.2931206226348877 1.4076781272888184 1.4076781272888184
49 2.318690061569214 1.460479736328125 1.460479736328125
50 2.3923683166503906 1.5124614238739014 1.5124614238739014
51 2.240809679031372 1.371124029159546 1.371124029159546
52 2.309044122695923 1.4729642868041992 1.4729642868041992
53 2.2992489337921143 1.3927654027938843 1.3927654027938843
54 2.2226858139038086 1.384534239768982 1.3845343589782715
55 2.2057297229766846 1.3166282176971436 1.3166282176971436
56 2.3053619861602783 1.443640947341919 1.4436408281326294
57 2.344853162765503 1.4799308776855469 1.4799308776855469
58 2.325698137283325 1.4356684684753418 1.4356689453125
59 2.55594539642334 1.7289420366287231 1.7289420366287231
60 2.4409284591674805 1.6498061418533325 1.6498061418533325
61 2.44323992729187 1.617426872253418 1.617426872253418
62 2.4602737426757813 1.6459418535232544 1.6459416151046753
63 2.482801914215088 1.601622462272644 1.6016223430633545
64 2.7060675621032715 1.8973886966705322 1.8973888158798218
65 2.3871970176696777 1.5334891080856323 1.5334888696670532
66 2.484624147415161 1.6147555112838745 1.6147555112838745
67 2.499147891998291 1.6233552694320679 1.6233552694320679
68 2.3944554328918457 1.5608164072036743 1.5608164072036743
69 2.4486331939697266 1.6156513690948486 1.6156513690948486
70 2.4886088371276855 1.62342369556427 1.6234235763549805
71 2.554971694946289 1.6889939308166504 1.6889939308166504
72 2.4058454036712646 1.5142124891281128 1.5142122507095337
73 2.4381394386291504 1.5642004013061523 1.564200520515442
74 2.4571444988250732 1.617722749710083 1.617722749710083
75 2.3844265937805176 1.5205674171447754 1.5205672979354858
76 2.3845856189727783 1.504697322845459 1.504697322845459
77 2.421725273132324 1.5656293630599976 1.5656293630599976
78 2.4384851455688477 1.5847831964492798 1.5847831964492798
79 2.5192270278930664 1.6460942029953003 1.6460942029953003
80 2.504249095916748 1.7157820463180542 1.715781807899475
81 2.491055488586426 1.6940808296203613 1.6940807104110718
82 2.5108840465545654 1.6688867807388306 1.6688870191574097
83 2.5138115882873535 1.6541187763214111 1.6541187763214111
84 2.491994619369507 1.5970442295074463 1.5970441102981567
85 2.6773011684417725 1.9070830345153809 1.90708327293396
86 2.4239277839660645 1.6802513599395752 1.6802513599395752
87 2.403566598892212 1.594508409500122 1.594508409500122
88 2.390319585800171 1.5434404611587524 1.5434404611587524
89 2.3171393871307373 1.4082725048065186 1.4082725048065186
90 2.3106236457824707 1.4043241739273071 1.4043241739273071
91 2.3045806884765625 1.4065887928009033 1.4065887928009033
92 2.3296494483947754 1.4251048564910889 1.4251047372817993
93 2.3002912998199463 1.4154126644134521 1.4154126644134521
94 2.3518154621124268 1.4458041191101074 1.4458041191101074
95 2.3222496509552 1.394428014755249 1.394428014755249
96 2.3436551094055176 1.436313271522522 1.436313271522522
97 2.363048553466797 1.5291827917099 1.5291827917099
98 2.3827500343322754 1.5229511260986328 1.5229511260986328
99 2.5240895748138428 1.6942943334579468 1.6942944526672363
100 2.5077834129333496 1.743863821029663 1.743863821029663
101 2.282252073287964 1.4040641784667969 1.4040641784667969
102 2.2812914848327637 1.3458706140518188 1.3458706140518188
103 2.445129632949829 1.6479456424713135 1.647945523262024
104 2.327889919281006 1.4593493938446045 1.4593493938446045
105 2.3340656757354736 1.4419002532958984 1.4419002532958984
106 2.333705425262451 1.3971813917160034 1.3971812725067139
107 2.4193360805511475 1.5539072751998901 1.5539072751998901
108 2.4110701084136963 1.5675019025802612 1.5675019025802612
109 2.629457712173462 1.85017728805542 1.850177526473999
110 2.590778112411499 1.7918407917022705 1.7918407917022705
111 2.687309980392456 1.917781114578247 1.917781114578247
112 2.7028377056121826 1.9598640203475952 1.959863543510437
113 2.5357961654663086 1.7300843000411987 1.7300843000411987
114 2.605106830596924 1.8221511840820313 1.8221511840820313
115 2.5606656074523926 1.7562036514282227 1.7562036514282227
116 2.429302215576172 1.5678086280822754 1.5678086280822754
117 2.3394644260406494 1.3915845155715942 1.3915845155715942
118 2.493267059326172 1.630340337753296 1.6303404569625854
119 2.3382937908172607 1.4652156829833984 1.4652156829833984
120 2.2739462852478027 1.386728286743164 1.386728286743164
121 2.3607780933380127 1.414006233215332 1.414006233215332
122 2.4675941467285156 1.6005995273590088 1.6005996465682983
123 2.3396880626678467 1.3994128704071045 1.399412751197815
124 2.33648419380188 1.46299147605896 1.46299147605896
125 2.3540761470794678 1.403627634048462 1.403627634048462
126 2.4498159885406494 1.5042554140090942 1.5042555332183838
127 2.404985189437866 1.4572988748550415 1.4572988748550415
128 2.474578857421875 1.5155717134475708 1.5155715942382813
129 2.4356491565704346 1.5349938869476318 1.5349938869476318
130 2.4439823627471924 1.483403205871582 1.483403205871582
131 2.5203771591186523 1.5975764989852905 1.597576379776001
132 2.469501256942749 1.5223395824432373 1.5223395824432373
133 2.512803554534912 1.5767923593521118 1.5767923593521118
134 2.6030406951904297 1.6671613454818726 1.667161226272583
135 2.597550868988037 1.731597900390625 1.731597900390625
136 2.4254674911499023 1.5267127752304077 1.5267130136489868
137 2.3900504112243652 1.583209753036499 1.583209753036499
138 2.4965121746063232 1.6129908561706543 1.6129907369613647
139 2.444791555404663 1.569206953048706 1.5692070722579956
140 2.367788314819336 1.508055329322815 1.508055329322815
141 2.390918731689453 1.5440447330474854 1.5440447330474854
142 2.46471905708313 1.5938440561294556 1.5938440561294556
143 2.520820379257202 1.6279083490371704 1.6279083490371704
144 2.546640396118164 1.663927435874939 1.6639275550842285
145 2.5398976802825928 1.7034815549850464 1.7034815549850464
146 2.537120819091797 1.725754976272583 1.725754976272583
147 2.621107339859009 1.7755872011184692 1.7755872011184692
148 2.497981309890747 1.6545450687408447 1.6545450687408447
149 2.543727159500122 1.6828901767730713 1.6828900575637817
150 2.431696891784668 1.55209219455719 1.55209219455719
151 2.547640562057495 1.759772777557373 1.7597726583480835
152 2.4702765941619873 1.5785431861877441 1.5785430669784546
153 2.6800105571746826 1.8904094696044922 1.8904094696044922
154 2.697779417037964 1.813716173171997 1.813716173171997
155 2.709068536758423 1.8936330080032349 1.8936328887939453
156 2.7648561000823975 1.8693844079971313 1.8693844079971313
157 2.7734973430633545 2.0250394344329834 2.0250394344329834
158 2.952042818069458 2.2269272804260254 2.2269272804260254
159 2.806621789932251 1.9908978939056396 1.9908978939056396
160 2.9570717811584473 2.1697559356689453 2.1697559356689453
161 2.9230217933654785 2.114229679107666 2.114229679107666
162 2.955916404724121 2.088028907775879 2.0880286693573
163 2.9593658447265625 2.182006359100342 2.182006359100342
164 3.043794870376587 2.2630574703216553 2.2630574703216553
165 2.7687461376190186 1.893781304359436 1.893781304359436
166 2.8233933448791504 2.0649616718292236 2.0649616718292236
167 2.850574254989624 2.054473400115967 2.0544731616973877
168 2.8187994956970215 2.014651298522949 2.014651298522949
169 2.9258036613464355 2.2095417976379395 2.2095417976379395
170 2.781398057937622 2.009727954864502 2.009727954864502
171 2.8160173892974854 2.052234649658203 2.052234649658203
172 2.6994354724884033 1.8035861253738403 1.8035861253738403
173 2.771512746810913 1.9374744892120361 1.9374744892120361
174 2.6653892993927 1.778053641319275 1.778053641319275
175 2.804267168045044 1.9825284481048584 1.9825284481048584
176 2.676288366317749 1.8725996017456055 1.8725996017456055
177 2.6523306369781494 1.8307830095291138 1.8307831287384033
178 2.79966402053833 1.9859259128570557 1.9859259128570557
179 2.8882861137390137 2.09425687789917 2.09425687789917
180 2.803199529647827 1.978411078453064 1.978411078453064
181 2.9278452396392822 2.1217119693756104 2.1217117309570313
182 2.9784739017486572 2.186119556427002 2.186119556427002
183 2.8460257053375244 2.0885868072509766 2.0885865688323975
184 2.923614263534546 2.1366994380950928 2.136699676513672
185 2.9802138805389404 2.2038629055023193 2.2038629055023193
186 3.1652491092681885 2.404977321624756 2.4049770832061768
187 2.999394178390503 2.2806179523468018 2.280618190765381
188 2.941662073135376 2.134864568710327 2.134864568710327
189 2.86388897895813 2.116138458251953 2.116138458251953
190 2.859393358230591 2.0394182205200195 2.0394182205200195
191 2.8295936584472656 2.039680004119873 2.039680004119873
192 2.849785327911377 2.0052993297576904 2.0052990913391113
193 2.8061981201171875 2.059096336364746 2.059096336364746
194 2.9231293201446533 2.1838419437408447 2.1838419437408447
195 2.8343424797058105 2.0523204803466797 2.0523204803466797
196 2.8293814659118652 2.0405068397521973 2.0405068397521973
197 2.776308536529541 1.9556655883789063 1.9556655883789063
198 2.7678046226501465 1.9649879932403564 1.9649879932403564
199 2.7399418354034424 1.9197489023208618 1.9197489023208618
200 2.715853214263916 1.9136962890625 1.9136962890625
201 2.634065866470337 1.776112675666809 1.776112675666809
202 2.672576665878296 1.8261675834655762 1.8261675834655762
203 2.87699818611145 2.0512452125549316 2.05124568939209
204 2.787619113922119 1.9538085460662842 1.9538087844848633
205 2.684807062149048 1.8616259098052979 1.8616259098052979
206 2.8171257972717285 1.9464842081069946 1.9464843273162842
207 2.6643433570861816 1.7253737449645996 1.7253737449645996
208 2.6992177963256836 1.8754855394363403 1.8754855394363403
209 2.69044828414917 1.8433701992034912 1.8433701992034912
210 2.662287950515747 1.7692673206329346 1.7692673206329346
211 2.655482530593872 1.764385461807251 1.764385461807251
212 2.7138619422912598 1.8830631971359253 1.8830631971359253
213 2.5929877758026123 1.7259111404418945 1.7259111404418945
214 2.577903985977173 1.7006367444992065 1.7006365060806274
215 2.5643486976623535 1.6639903783798218 1.6639903783798218
216 2.650444269180298 1.7804443836212158 1.7804443836212158
217 2.66174578666687 1.7944778203964233 1.7944775819778442
218 2.6416115760803223 1.7538167238235474 1.7538167238235474
219 2.620048999786377 1.7286170721054077 1.7286170721054077
220 2.6888277530670166 1.7933745384216309 1.7933745384216309
221 2.7057552337646484 1.7881512641906738 1.7881512641906738
222 2.623744010925293 1.7463103532791138 1.7463105916976929
223 2.7637362480163574 1.9037436246871948 1.9037436246871948
224 2.6801321506500244 1.822095274925232 1.822095274925232
225 2.6665220260620117 1.7834692001342773 1.7834692001342773
226 2.6320958137512207 1.7428162097930908 1.7428162097930908
227 2.8586080074310303 2.011077404022217 2.011077404022217
228 2.664693832397461 1.7752560377120972 1.7752562761306763
229 2.5876853466033936 1.6663192510604858 1.6663192510604858
230 2.7622573375701904 1.9111086130142212 1.9111089706420898
231 2.5879223346710205 1.6750483512878418 1.6750483512878418
232 2.766735792160034 1.8819634914398193 1.8819634914398193
233 2.8146965503692627 1.9707731008529663 1.9707731008529663
234 2.736384868621826 1.860675573348999 1.860675573348999
235 2.6105949878692627 1.7540088891983032 1.7540088891983032
236 2.6874473094940186 1.838059902191162 1.838059902191162
237 2.5991199016571045 1.7414584159851074 1.7414584159851074
238 2.6403744220733643 1.7116376161575317 1.7116376161575317
239 2.665364980697632 1.8360376358032227 1.8360376358032227
240 2.5366687774658203 1.649505853652954 1.649505853652954
241 2.687321901321411 1.8007715940475464 1.8007715940475464
242 2.7048981189727783 1.7916951179504395 1.7916951179504395
243 2.643465995788574 1.709743857383728 1.709743857383728
244 2.6557998657226563 1.6977910995483398 1.697791337966919
245 2.7199461460113525 1.8482707738876343 1.8482707738876343
246 2.683370590209961 1.8145663738250732 1.8145663738250732
247 2.6489529609680176 1.8131494522094727 1.8131492137908936
248 2.661712408065796 1.8026789426803589 1.8026789426803589
249 2.699167490005493 1.8455065488815308 1.845506191253662
250 2.65883207321167 1.7636069059371948 1.7636069059371948
251 2.6233294010162354 1.7326653003692627 1.7326653003692627
252 2.714693546295166 1.8348124027252197 1.8348124027252197
253 2.6416006088256836 1.7865630388259888 1.7865631580352783
254 2.6410610675811768 1.7525355815887451 1.7525355815887451
255 2.5946402549743652 1.6666041612625122 1.666603922843933
256 2.646266460418701 1.7941434383392334 1.7941436767578125
257 2.5721020698547363 1.7255935668945313 1.7255933284759521
258 2.767824172973633 1.9297913312911987 1.9297913312911987
259 2.624051094055176 1.791039228439331 1.791039228439331
260 2.649127721786499 1.7966911792755127 1.7966909408569336
261 2.6902520656585693 1.7894096374511719 1.7894093990325928
262 2.684386968612671 1.8205426931381226 1.8205426931381226
263 2.652186155319214 1.7748552560806274 1.7748552560806274
264 2.6716020107269287 1.8686293363571167 1.8686295747756958
265 2.662384510040283 1.8181647062301636 1.8181647062301636
266 2.6053617000579834 1.7306578159332275 1.7306575775146484
267 2.802192211151123 1.978039264678955 1.978039264678955
268 2.7288143634796143 1.8963394165039063 1.8963394165039063
269 2.757669687271118 2.0110270977020264 2.0110273361206055
270 2.7683985233306885 1.9211664199829102 1.9211664199829102
271 2.542241096496582 1.6670265197753906 1.6670265197753906
272 2.6433470249176025 1.8025834560394287 1.8025834560394287
273 2.6983084678649902 1.8500251770019531 1.8500250577926636
274 2.8078200817108154 2.0149621963500977 2.0149621963500977
275 2.683992624282837 1.7912421226501465 1.7912421226501465
276 2.798964262008667 1.9417182207107544 1.9417181015014648
277 2.6788408756256104 1.8662047386169434 1.866205096244812
278 2.777317762374878 2.0355851650238037 2.0355851650238037
279 2.5963592529296875 1.7704373598098755 1.7704373598098755
280 2.6562395095825195 1.80124032497406 1.8012402057647705
281 2.707345485687256 1.860979437828064 1.860979437828064
282 2.7112278938293457 1.9356473684310913 1.9356473684310913
283 2.686110734939575 1.8692879676818848 1.869288444519043
284 2.586186647415161 1.7646729946136475 1.7646727561950684
285 2.6362688541412354 1.8057987689971924 1.8057987689971924
286 2.6897222995758057 1.829588770866394 1.8295888900756836
287 2.6008617877960205 1.7389066219329834 1.7389066219329834
288 2.580440044403076 1.78098464012146 1.78098464012146
289 2.6891040802001953 1.9144868850708008 1.9144868850708008
290 2.484502077102661 1.6203796863555908 1.6203796863555908
291 2.545535087585449 1.6981788873672485 1.6981792449951172
292 2.5895278453826904 1.7287023067474365 1.7287023067474365
293 2.576049566268921 1.734388828277588 1.734388828277588
294 2.628495454788208 1.7582142353057861 1.7582142353057861
295 2.6664199829101563 1.8799338340759277 1.8799338340759277
296 2.8256101608276367 2.0559754371643066 2.0559751987457275
297 2.6275529861450195 1.849880337715149 1.849880337715149
298 2.6494948863983154 1.8064448833465576 1.8064448833465576
299 2.6989388465881348 1.8649417161941528 1.8649417161941528
300 2.747251033782959 1.9056986570358276 1.9056986570358276
301 2.5886728763580322 1.7647494077682495 1.7647494077682495
302 2.685626268386841 1.8646230697631836 1.8646230697631836
303 2.7404134273529053 1.909833312034607 1.909833312034607
304 2.809443235397339 2.0195369720458984 2.0195369720458984
305 2.6093130111694336 1.7471712827682495 1.7471712827682495
306 2.666666030883789 1.8420157432556152 1.8420157432556152
307 2.693547248840332 1.818574070930481 1.818574070930481
308 2.8118155002593994 1.9069217443466187 1.9069217443466187
309 2.5570638179779053 1.5674957036972046 1.5674957036972046
310 2.644026517868042 1.736261010169983 1.736261010169983
311 2.5350747108459473 1.6603174209594727 1.6603174209594727
312 2.5424060821533203 1.7069734334945679 1.7069734334945679
313 2.645171880722046 1.7887524366378784 1.7887523174285889
314 2.559015989303589 1.670502781867981 1.6705029010772705
315 2.6653788089752197 1.7997500896453857 1.7997500896453857
316 2.758523941040039 1.9080296754837036 1.9080296754837036
317 2.558149814605713 1.7084009647369385 1.7084009647369385
318 2.9437742233276367 2.1845552921295166 2.1845552921295166
319 2.749338150024414 1.9443480968475342 1.9443480968475342
320 2.824777603149414 1.9822824001312256 1.9822824001312256
321 2.950040340423584 2.1791188716888428 2.1791188716888428
322 2.593148946762085 1.7285312414169312 1.7285312414169312
323 2.612351894378662 1.7848217487335205 1.78482186794281
324 2.502180814743042 1.6054151058197021 1.6054151058197021
325 2.6110289096832275 1.7155890464782715 1.7155890464782715
326 2.5074546337127686 1.6451495885849 1.6451495885849
327 2.4897921085357666 1.6316999197006226 1.6316999197006226
328 2.562720537185669 1.664368748664856 1.6643685102462769
329 2.5282628536224365 1.6678035259246826 1.6678035259246826
330 2.383028030395508 1.5023465156555176 1.5023465156555176
331 2.333465814590454 1.4723256826400757 1.4723258018493652
332 2.4683139324188232 1.5735595226287842 1.5735596418380737
333 2.3345351219177246 1.5184394121170044 1.5184394121170044
334 2.50032901763916 1.6050797700881958 1.6050797700881958
335 2.4580934047698975 1.6120048761367798 1.6120051145553589
336 2.488743543624878 1.6561048030853271 1.6561048030853271
337 2.4835753440856934 1.6947803497314453 1.6947803497314453
338 2.507265567779541 1.7092101573944092 1.7092101573944092
339 2.47920823097229 1.594400405883789 1.594400405883789
340 2.466153144836426 1.6216593980789185 1.621659517288208
341 2.5777788162231445 1.7521238327026367 1.7521237134933472
342 2.49112868309021 1.6556371450424194 1.6556371450424194
343 2.5347888469696045 1.7151103019714355 1.7151103019714355
344 2.4978482723236084 1.6736453771591187 1.6736453771591187
345 2.541377067565918 1.7062498331069946 1.7062499523162842
346 2.5153300762176514 1.6977213621139526 1.6977213621139526
347 2.5251474380493164 1.7655489444732666 1.7655489444732666
348 2.526427745819092 1.722665786743164 1.722665786743164
349 2.4314796924591064 1.5727492570877075 1.5727492570877075
350 2.467188596725464 1.6297087669372559 1.6297087669372559
351 2.421149730682373 1.5697360038757324 1.5697360038757324
352 2.449002265930176 1.5937305688858032 1.5937305688858032
353 2.4328055381774902 1.6019432544708252 1.6019432544708252
354 2.5136876106262207 1.6652038097381592 1.66520357131958
355 2.486412763595581 1.6195815801620483 1.6195815801620483
356 2.4680044651031494 1.5994261503219604 1.599426031112671
357 2.4709246158599854 1.5975875854492188 1.5975875854492188
358 2.4545114040374756 1.5159934759140015 1.5159934759140015
359 2.4899075031280518 1.547916293144226 1.547916293144226
360 2.4613301753997803 1.5025413036346436 1.5025413036346436
361 2.521005153656006 1.6035544872283936 1.6035544872283936
362 2.576171875 1.6992422342300415 1.6992422342300415
363 2.4582996368408203 1.5477653741836548 1.5477653741836548
364 2.4513463973999023 1.5657371282577515 1.5657371282577515
365 2.4557044506073 1.538386583328247 1.5383864641189575
366 2.524927854537964 1.6313241720199585 1.6313241720199585
367 2.496000051498413 1.5698509216308594 1.5698509216308594
368 2.5486652851104736 1.6653828620910645 1.6653828620910645
369 2.544233798980713 1.6464749574661255 1.6464749574661255
370 2.4503016471862793 1.504102349281311 1.5041022300720215
371 2.5535924434661865 1.6311535835266113 1.6311533451080322
372 2.4324448108673096 1.4901797771453857 1.4901800155639648
373 2.5126824378967285 1.5877584218978882 1.5877584218978882
374 2.4373817443847656 1.4572902917861938 1.4572902917861938
375 2.467205286026001 1.5328471660614014 1.5328474044799805
376 2.534498929977417 1.6172665357589722 1.6172665357589722
377 2.4114644527435303 1.5182061195373535 1.5182061195373535
378 2.4367268085479736 1.501020073890686 1.501020073890686
379 2.4486520290374756 1.5067559480667114 1.506756067276001
380 2.559791326522827 1.6993346214294434 1.6993346214294434
381 2.47184157371521 1.5555602312088013 1.5555601119995117
382 2.4543581008911133 1.461530089378357 1.461530089378357
383 2.4994661808013916 1.5789921283721924 1.5789921283721924
384 2.393298387527466 1.4943662881851196 1.4943665266036987
385 2.503173351287842 1.625349998474121 1.625349998474121
386 2.457822799682617 1.475411057472229 1.4754111766815186
387 2.4441170692443848 1.4942572116851807 1.4942572116851807
388 2.50370192527771 1.5632071495056152 1.5632071495056152
389 2.481055736541748 1.6205496788024902 1.6205496788024902
390 2.4810516834259033 1.6016297340393066 1.6016298532485962
391 2.5847790241241455 1.6328903436660767 1.6328905820846558
392 2.579939603805542 1.6856037378311157 1.6856036186218262
393 2.5400447845458984 1.662773847579956 1.6627737283706665
394 2.5891408920288086 1.7180402278900146 1.718040108680725
395 2.5720438957214355 1.6657874584197998 1.6657874584197998
396 2.6891369819641113 1.7525835037231445 1.7525835037231445
397 2.599851131439209 1.7192623615264893 1.7192623615264893
398 2.6636102199554443 1.8940473794937134 1.8940473794937134
399 2.596184015274048 1.733755111694336 1.733755111694336
400 2.6928439140319824 1.8520512580871582 1.8520512580871582
401 2.6334993839263916 1.832955002784729 1.832955002784729
402 2.5572195053100586 1.746829628944397 1.7468295097351074
403 2.668823003768921 1.8396096229553223 1.8396096229553223
404 2.5747227668762207 1.7397606372833252 1.7397605180740356
405 2.6700057983398438 1.8564820289611816 1.8564820289611816
406 2.576214551925659 1.7684657573699951 1.7684657573699951
407 2.613370180130005 1.7523350715637207 1.7523350715637207
408 2.720501184463501 1.8701952695846558 1.8701952695846558
409 2.7158820629119873 1.8501567840576172 1.8501567840576172
410 2.642284393310547 1.785945177078247 1.785945177078247
411 2.6451480388641357 1.7050021886825562 1.7050021886825562
412 2.645319700241089 1.7344005107879639 1.734400749206543
413 2.5456020832061768 1.6652153730392456 1.6652154922485352
414 2.5849153995513916 1.6766084432601929 1.6766084432601929
415 2.6642258167266846 1.7889010906219482 1.7889010906219482
416 2.6132373809814453 1.7364065647125244 1.736406683921814
417 2.5208606719970703 1.666778802871704 1.6667789220809937
418 2.603778600692749 1.6975072622299194 1.6975072622299194
419 2.5076777935028076 1.609453558921814 1.609453558921814
420 2.4617981910705566 1.550255537033081 1.5502556562423706
421 2.5517406463623047 1.6476609706878662 1.6476608514785767
422 2.5039327144622803 1.6168919801712036 1.6168919801712036
423 2.577791929244995 1.694779396057129 1.694779396057129
424 2.4933247566223145 1.5947394371032715 1.5947394371032715
425 2.600191354751587 1.6430102586746216 1.6430104970932007
426 2.5868544578552246 1.720177173614502 1.720177173614502
427 2.5956366062164307 1.67367684841156 1.6736767292022705
428 2.612072229385376 1.695410966873169 1.6954108476638794
429 2.604311466217041 1.6765761375427246 1.6765761375427246
430 2.5961060523986816 1.6504271030426025 1.6504271030426025
431 2.554245948791504 1.6192213296890259 1.6192213296890259
432 2.4992308616638184 1.580318570137024 1.580318570137024
433 2.5803029537200928 1.6793885231018066 1.679388403892517
434 2.622936487197876 1.7223351001739502 1.7223351001739502
435 2.542651414871216 1.66475248336792 1.6647522449493408
436 2.5567352771759033 1.645039677619934 1.645039677619934
437 2.5071144104003906 1.575709342956543 1.575709342956543
438 2.5098659992218018 1.5973392724990845 1.5973392724990845
439 2.403228759765625 1.4717117547988892 1.4717117547988892
440 2.3898613452911377 1.5047882795333862 1.5047880411148071
441 2.541656732559204 1.6549981832504272 1.6549981832504272
442 2.5901002883911133 1.7176705598831177 1.7176703214645386
443 2.5441901683807373 1.6662609577178955 1.6662609577178955
444 2.509415626525879 1.6692767143249512 1.6692768335342407
445 2.5958776473999023 1.6870366334915161 1.6870365142822266
446 2.5513601303100586 1.6488029956817627 1.6488029956817627
447 2.5460355281829834 1.6902334690093994 1.6902334690093994
448 2.613661289215088 1.7258179187774658 1.7258175611495972
449 2.590054750442505 1.6903985738754272 1.6903985738754272
450 2.674560070037842 1.7524617910385132 1.7524622678756714
451 2.562229871749878 1.7076306343078613 1.7076306343078613
452 2.643834352493286 1.7749924659729004 1.7749924659729004
453 2.612126111984253 1.6696876287460327 1.6696876287460327
454 2.7416305541992188 1.84503173828125 1.84503173828125
455 2.75766921043396 1.8537617921829224 1.8537617921829224
456 2.727649688720703 1.7501095533370972 1.7501095533370972
457 2.7305870056152344 1.8206959962844849 1.8206959962844849
458 2.768543004989624 1.8579158782958984 1.8579158782958984
459 2.7553563117980957 1.8568135499954224 1.8568135499954224
460 2.743638753890991 1.8548332452774048 1.8548330068588257
461 2.770164966583252 1.9191466569900513 1.9191466569900513
462 2.735551118850708 1.8079352378845215 1.8079352378845215
463 2.7137794494628906 1.8014912605285645 1.8014907836914063
464 2.684765577316284 1.7366108894348145 1.736611008644104
465 2.5982625484466553 1.7369304895401 1.7369304895401
466 2.615232467651367 1.6957441568374634 1.6957441568374634
467 2.597111225128174 1.7297499179840088 1.7297500371932983
468 2.683964490890503 1.8276584148406982 1.8276584148406982
469 2.670658826828003 1.7715023756027222 1.7715023756027222
470 2.7907392978668213 1.8641881942749023 1.8641881942749023
471 2.7146637439727783 1.8395527601242065 1.839552402496338
472 2.7541794776916504 1.9083309173583984 1.908331036567688
473 2.7856082916259766 1.923048496246338 1.923048496246338
474 2.753472089767456 1.7726184129714966 1.7726184129714966
475 2.844733476638794 1.9217556715011597 1.9217556715011597
476 2.8018524646759033 1.8899435997009277 1.8899435997009277
477 2.8074519634246826 1.8988707065582275 1.8988707065582275
478 2.78369402885437 1.8060142993927002 1.8060142993927002
479 2.6571402549743652 1.764906883239746 1.7649071216583252
480 2.775970935821533 1.9143643379211426 1.9143643379211426
481 2.8021273612976074 1.9227550029754639 1.9227550029754639
482 2.7471907138824463 1.8372057676315308 1.8372061252593994
483 2.808910369873047 1.8787004947662354 1.8787004947662354
484 2.8016250133514404 1.8735604286193848 1.8735604286193848
485 2.8845534324645996 1.9223120212554932 1.9223119020462036
486 2.869027614593506 1.979662537574768 1.979662299156189
487 2.9374399185180664 2.077646255493164 2.077646017074585
488 2.816904067993164 2.0058610439300537 2.0058610439300537
489 2.7601654529571533 1.9486899375915527 1.9486900568008423
490 2.7814254760742188 1.944482684135437 1.944482684135437
491 2.6907591819763184 1.8549185991287231 1.854918360710144
492 2.7012219429016113 1.8829467296600342 1.8829467296600342
493 2.7357163429260254 1.8983681201934814 1.8983681201934814
494 2.7267000675201416 1.8370027542114258 1.8370027542114258
495 2.6610376834869385 1.793032169342041 1.793032169342041
496 2.610586643218994 1.7493709325790405 1.7493709325790405
497 2.72279953956604 1.878894567489624 1.878894567489624
498 2.639620304107666 1.8128453493118286 1.8128453493118286
499 2.7027618885040283 1.8651572465896606 1.8651572465896606
500 2.699927568435669 1.8426624536514282 1.8426624536514282
501 2.7647249698638916 1.95765221118927 1.95765221118927
502 2.600111484527588 1.7106930017471313 1.7106930017471313
503 2.8245131969451904 1.985060453414917 1.9850603342056274
504 2.775059461593628 1.9284923076629639 1.9284918308258057
505 2.6669600009918213 1.8123383522033691 1.8123383522033691
506 3.0117838382720947 2.147624969482422 2.147624969482422
507 2.818570613861084 1.9314454793930054 1.931445837020874
508 2.815495491027832 1.9649158716201782 1.9649158716201782
509 2.75649094581604 1.8929954767227173 1.8929955959320068
510 2.625990152359009 1.7701970338821411 1.7701969146728516
511 2.6914923191070557 1.8181614875793457 1.8181614875793457
512 2.7055091857910156 1.864072322845459 1.864072561264038
513 2.680966377258301 1.8526182174682617 1.8526182174682617
