9 	 1.6716909408569336
10 	 1.1007040739059448
11 	 0.9411418437957764
12 	 1.244122862815857
13 	 1.1205793619155884
14 	 1.1918935775756836
15 	 0.8405055999755859
16 	 0.7558074593544006
17 	 0.6209881901741028
18 	 0.5981849431991577
19 	 0.5367527008056641
20 	 0.5372931361198425
21 	 0.6404926180839539
22 	 0.7882384657859802
23 	 1.013419508934021
24 	 1.5681211948394775
25 	 2.264751672744751
26 	 3.0237033367156982
27 	 3.130474090576172
28 	 2.3560080528259277
29 	 1.1281781196594238
30 	 0.847867488861084
31 	 0.8059287071228027
32 	 0.8906075358390808
33 	 0.765052318572998
34 	 0.6705659031867981
35 	 0.8642873167991638
36 	 1.0077874660491943
37 	 0.9323824644088745
38 	 0.6964165568351746
39 	 0.7760964632034302
40 	 0.8992961645126343
41 	 0.8341275453567505
42 	 0.74669349193573
43 	 0.9344799518585205
44 	 1.1061259508132935
45 	 0.9752900004386902
46 	 1.0275646448135376
47 	 0.7751967310905457
48 	 0.7789256572723389
49 	 0.8183513283729553
50 	 0.7608629465103149
51 	 0.7143664956092834
52 	 0.7353106141090393
53 	 0.8110880851745605
54 	 0.8975687026977539
55 	 1.3148761987686157
56 	 1.2758246660232544
57 	 1.5301101207733154
58 	 1.6378173828125
59 	 1.2091858386993408
60 	 1.0316436290740967
61 	 0.8901053667068481
62 	 0.9765586853027344
63 	 0.9286417961120605
64 	 0.7803056240081787
65 	 0.958808183670044
66 	 1.1971951723098755
67 	 1.005394697189331
68 	 0.9142524003982544
69 	 0.8303975462913513
70 	 0.9213966131210327
71 	 0.861419141292572
72 	 0.698972761631012
73 	 0.683367908000946
74 	 0.5450649857521057
75 	 0.47652220726013184
76 	 0.4721253514289856
77 	 0.4760032296180725
78 	 0.6061338782310486
79 	 0.8055061101913452
80 	 1.149643898010254
81 	 1.1973583698272705
82 	 0.8396660089492798
83 	 0.6858692169189453
84 	 0.5664581060409546
85 	 0.520514190196991
86 	 0.5568783283233643
87 	 0.5058786273002625
88 	 0.5266886949539185
89 	 0.5926449298858643
90 	 0.620177686214447
91 	 0.5945470929145813
92 	 0.6850023865699768
93 	 0.8204463124275208
94 	 0.7993622422218323
95 	 1.0112937688827515
96 	 0.9181393384933472
97 	 0.7792240381240845
98 	 0.8335171341896057
99 	 0.8659918904304504
100 	 0.728097140789032
101 	 0.7413007020950317
102 	 0.7499974370002747
103 	 0.537887454032898
104 	 0.49364185333251953
105 	 0.4673597514629364
106 	 0.5178037285804749
107 	 0.5578691959381104
108 	 0.5826855897903442
109 	 0.6886097192764282
110 	 0.7238295078277588
111 	 1.4972918033599854
112 	 1.120431900024414
113 	 0.8877667188644409
114 	 0.5489254593849182
115 	 0.5289818644523621
116 	 0.5636690855026245
117 	 0.5497517585754395
118 	 0.540047824382782
119 	 0.6592901349067688
120 	 0.7638760209083557
121 	 0.7540520429611206
122 	 0.802635908126831
123 	 0.9304001927375793
124 	 1.0310373306274414
125 	 1.1170631647109985
126 	 1.031760334968567
127 	 1.1975377798080444
128 	 1.1090915203094482
129 	 1.1415983438491821
130 	 1.6498397588729858
131 	 1.046943187713623
132 	 0.9698783755302429
133 	 0.9181824922561646
134 	 0.7229167819023132
135 	 0.6205849051475525
136 	 0.6837738156318665
137 	 0.6753469109535217
138 	 0.586155354976654
139 	 0.5737908482551575
140 	 0.656697154045105
141 	 0.7286801934242249
142 	 0.7093918323516846
143 	 0.7454254627227783
144 	 0.8746902942657471
145 	 0.7439574599266052
146 	 0.9054282307624817
147 	 0.7184728384017944
148 	 0.6444371938705444
149 	 0.6048890948295593
150 	 0.5420560836791992
151 	 0.5253724455833435
152 	 0.5691943168640137
153 	 0.5138474702835083
154 	 0.5106229186058044
155 	 0.49262815713882446
156 	 0.5613304376602173
157 	 0.5917074680328369
158 	 0.7097134590148926
159 	 1.6685426235198975
160 	 1.5549423694610596
161 	 1.1741199493408203
162 	 0.84844571352005
163 	 0.7781550884246826
164 	 0.6426901817321777
165 	 0.5970273017883301
166 	 0.753521740436554
167 	 0.6275467872619629
168 	 0.5604056119918823
169 	 0.477074533700943
170 	 0.5253304243087769
171 	 0.4229860007762909
172 	 0.49046069383621216
173 	 0.5250741243362427
174 	 0.7917444705963135
175 	 0.6399590969085693
176 	 0.6705332398414612
177 	 0.8059470057487488
178 	 0.8748225569725037
179 	 1.1268333196640015
180 	 1.4705007076263428
181 	 1.3196288347244263
182 	 1.536827802658081
183 	 1.9914511442184448
184 	 1.717391848564148
185 	 2.117594003677368
186 	 2.4265899658203125
187 	 2.1487207412719727
188 	 2.639280319213867
189 	 2.2940521240234375
190 	 1.9840046167373657
191 	 1.5483332872390747
192 	 1.1582320928573608
193 	 1.202596664428711
194 	 1.1688352823257446
195 	 0.9252107739448547
196 	 0.8798952698707581
197 	 1.0500576496124268
198 	 1.0312221050262451
199 	 0.7901222109794617
200 	 0.7924045920372009
201 	 0.9633340239524841
202 	 0.9581905603408813
203 	 0.751408040523529
204 	 0.7216544151306152
205 	 0.6482840180397034
206 	 0.5379515886306763
207 	 0.5696667432785034
208 	 0.5457160472869873
209 	 0.5209647417068481
210 	 0.4470458924770355
211 	 0.4544522762298584
212 	 0.45732763409614563
213 	 0.525280773639679
214 	 0.6613630652427673
215 	 0.8098219633102417
216 	 1.318422794342041
217 	 1.8070837259292603
218 	 1.6226729154586792
219 	 2.35575795173645
220 	 2.459623336791992
221 	 2.0058248043060303
222 	 2.1220574378967285
223 	 2.6307852268218994
224 	 3.246199369430542
225 	 3.1232142448425293
226 	 3.348471164703369
227 	 3.6889913082122803
228 	 3.3401033878326416
229 	 2.3259925842285156
230 	 1.9981708526611328
231 	 1.5435091257095337
232 	 1.4395197629928589
233 	 1.22319495677948
234 	 0.8785929083824158
235 	 0.6769241094589233
236 	 0.8842954635620117
237 	 0.8089078068733215
238 	 0.6793917417526245
239 	 0.7104804515838623
240 	 0.8103315830230713
241 	 0.775455117225647
242 	 1.0416722297668457
243 	 0.8777821063995361
244 	 0.9059072136878967
245 	 0.848081648349762
246 	 0.9795135855674744
247 	 1.1369744539260864
248 	 0.9762477278709412
249 	 0.6657825708389282
250 	 0.6409233808517456
251 	 0.6419496536254883
252 	 0.650881826877594
253 	 0.8512651920318604
254 	 0.7876995801925659
255 	 0.6465954780578613
256 	 0.5739015936851501
257 	 0.5058340430259705
258 	 0.47673431038856506
259 	 0.486837238073349
260 	 0.4193442761898041
261 	 0.4637695848941803
262 	 0.5398709177970886
263 	 0.686383068561554
264 	 0.6071738600730896
265 	 0.7029303312301636
266 	 0.9560229182243347
267 	 0.6545600891113281
268 	 0.8184202909469604
269 	 0.7708193063735962
270 	 0.7167646884918213
271 	 0.8872402906417847
272 	 0.7943564057350159
273 	 0.7133527994155884
274 	 0.8850698471069336
275 	 1.27888023853302
276 	 1.5039678812026978
277 	 1.874887466430664
278 	 2.5498239994049072
279 	 2.016005516052246
280 	 1.5502729415893555
281 	 1.154765009880066
282 	 0.9648146033287048
283 	 0.9309132695198059
284 	 0.760168731212616
285 	 0.6615235805511475
286 	 0.628773033618927
287 	 0.502251386642456
288 	 0.4944096803665161
289 	 0.48791009187698364
290 	 0.5191214680671692
291 	 0.6443369388580322
292 	 0.6510410904884338
293 	 0.8161110877990723
294 	 0.7249663472175598
295 	 0.7778119444847107
296 	 0.7826765775680542
297 	 0.8835751414299011
298 	 0.7993767857551575
299 	 0.6628890633583069
300 	 0.7277827858924866
301 	 0.7510669231414795
302 	 0.7333536148071289
303 	 0.8074489831924438
304 	 0.8566482067108154
305 	 0.7791876196861267
306 	 0.8705700039863586
307 	 1.055888295173645
308 	 1.136657476425171
309 	 1.0923502445220947
310 	 1.0542737245559692
311 	 0.9549992084503174
312 	 1.312096118927002
313 	 1.471216082572937
314 	 1.3053022623062134
315 	 1.3773335218429565
316 	 1.0728808641433716
317 	 1.0330592393875122
318 	 0.7576543092727661
319 	 0.7196823358535767
320 	 0.5983660817146301
321 	 0.603429913520813
322 	 0.5917400121688843
323 	 0.6043107509613037
324 	 0.5450292229652405
325 	 0.5286309719085693
326 	 0.45919686555862427
327 	 0.4168378412723541
328 	 0.3751676380634308
329 	 0.3869591951370239
330 	 0.4689578413963318
331 	 0.5473634600639343
332 	 0.718604564666748
333 	 1.097648024559021
334 	 1.1299340724945068
335 	 0.7894762754440308
336 	 0.7143498063087463
337 	 0.6762736439704895
338 	 0.5669792294502258
339 	 0.5437160730361938
340 	 0.541801393032074
341 	 0.5800529718399048
342 	 1.0407434701919556
343 	 0.7811219096183777
344 	 0.7738468050956726
345 	 0.795806884765625
346 	 0.7053312063217163
347 	 0.6638560891151428
348 	 0.6446619629859924
349 	 0.5269535183906555
350 	 0.4579450488090515
351 	 0.4089759588241577
352 	 0.47834837436676025
353 	 0.47643494606018066
354 	 0.5094678401947021
355 	 0.6047059893608093
356 	 0.6048023700714111
357 	 0.7199785113334656
358 	 0.7142746448516846
359 	 0.8177294135093689
360 	 0.5312380194664001
361 	 0.5231601595878601
362 	 0.6222419142723083
363 	 0.7670202255249023
364 	 1.550181269645691
