0 2.5376431561116903
1 2.5766914477396075
2 2.6009033765041147
3 2.437501573125706
4 2.4802044208178424
5 2.5393738188444077
6 4.001993335354208
7 4.164929505468494
8 4.441897607687604
9 4.838937660019816
10 4.860561711043662
11 4.899603262383405
12 7.467997240344222
13 6.8565406909553435
14 5.237023382015132
15 6.051684684295811
16 14.212974210599372
17 13.31492768538496
18 12.609158348834208
19 13.292956200245998
20 15.62839447864743
21 13.031910409630857
22 6.066808684095957
23 9.870404047698292
24 14.38927444630635
25 17.03963427214359
26 10.483011045164346
27 7.733002711075301
28 11.728797167596742
29 8.317021981646956
30 8.857925730477229
31 7.9200901669044415
32 5.515915223377574
33 10.189922118129852
34 14.877697617175137
35 9.953674833958548
36 8.709990295237683
37 4.513211320150917
38 4.703099937444032
39 4.853385812943605
40 4.6929277460027095
41 5.459839125382336
42 5.137533047776428
43 5.606521221108812
44 4.644678383610291
45 5.072472252915673
46 5.567128781720544
47 4.312385153284549
48 4.611497541230204
49 5.151969397666041
50 4.571470132740926
51 4.733755887224826
52 4.46071581554578
53 4.6557345074685825
54 4.383858668159289
55 4.70110745265883
56 4.679912533608007
57 4.5640815243261725
58 3.9844944033447716
59 4.969209007817237
60 5.053103013384492
61 3.8977974840331564
62 4.612991110637216
63 5.4915263340035905
64 4.696883837555488
65 4.617467767089564
66 4.996060992883459
67 5.418249576578199
68 4.641738012847721
69 4.797694596001665
70 4.440368773927769
71 5.376705175928337
72 4.34030423746662
73 4.500307585998411
74 4.755193636906469
75 4.131989184951711
76 3.9062067687838664
77 5.868301336712316
78 5.523084735112311
79 5.430099514560555
80 9.50359713993394
81 6.050033845380623
82 7.316458081076127
83 8.513229714197758
84 6.594777114504699
85 11.173582073711886
86 7.912787387103523
87 6.790227016254719
88 6.2796048554904065
89 5.7182449176912025
90 6.653588412894766
91 6.219883686066931
92 8.657947122836882
93 8.980968829619423
94 6.499384549796499
95 5.8179235158446305
96 6.442067078653965
97 6.40878751806335
98 11.323845987647061
99 12.784187635064036
100 5.286394576276013
101 6.181613985618915
102 5.565710574013914
103 4.929227887976751
104 5.249728978657787
105 6.67025040334442
106 4.3582096160000825
107 7.333065443135833
108 6.881723816554666
109 10.230837341119253
110 7.691688547091217
111 7.182878481705809
112 8.465510437173394
113 5.1108841497299125
114 5.710226090722846
115 4.857002249618547
116 6.466264487323659
117 7.466108484060984
118 5.33925627053817
119 9.037004212392606
120 6.974534790982473
121 5.600177581867773
122 6.051746865597716
123 5.419769272288679
124 6.363188420235503
125 6.488502802466254
126 6.475631777564721
127 6.040900413875667
128 7.284942466764501
129 6.540493247780785
130 6.561470910583439
131 7.098805401755901
132 5.050607048403901
133 5.985063214972713
134 5.992782988013519
135 6.669727491618426
136 7.320843160240536
137 6.125025770424334
138 6.141890964923657
139 5.9453846694289005
140 5.860656201640861
141 5.0359799852621485
142 7.158122282141969
143 6.319364021067355
144 9.117277486365268
145 6.939585716358666
146 12.953037801007948
147 15.077329680022329
148 12.90941833268946
149 9.592492245378875
150 13.562359600907657
151 14.972166595797223
152 15.443709157007921
153 9.00862508637271
154 12.218569719079305
155 11.652313423045067
156 13.5892304717074
157 11.910094323959008
158 15.3874437316362
159 11.916120268789012
160 9.716513452843763
161 10.700895383826616
162 17.816678346205276
163 19.185270441755694
164 14.418652459855268
165 14.943268639462895
166 13.108536791821866
167 11.916773458473283
168 13.821558528589915
169 12.308247967925855
170 10.42487738237228
171 8.680294224948286
172 9.74476490439869
173 7.598049641017718
174 9.304388002802947
175 9.279509465315993
176 8.529402929747876
177 9.412392632899223
178 10.49386240908702
179 8.840399098734487
180 10.579330345705396
181 8.621572042773629
182 13.343711358238583
183 8.17735510730803
184 9.472921272399056
185 11.514282376981685
186 9.796418287482584
187 12.07795778323387
188 9.92284265711732
189 10.121037317580928
190 8.681339626836413
191 10.608542712453907
192 12.78695352053265
193 9.687175085604805
194 9.38126106015227
195 11.647457580537887
196 10.606298180191626
197 8.109604131050103
198 11.38495569396216
199 11.517166356837176
200 10.249060327328264
201 10.500882578853307
202 9.944463135941222
203 9.547528513380499
204 10.380803501409536
205 8.923089755334251
206 9.956026191992239
207 9.2387506677058
208 8.902960131336084
209 9.504076326724865
210 8.783506669288208
211 10.163936525734325
212 10.242111732977078
213 8.20382577236042
214 7.265623975328038
215 7.199671849564908
216 7.621863748538007
217 6.585822969662738
218 7.16841622891051
219 8.058060951648825
220 7.1329889869762155
221 7.28592740780392
222 5.509157723595821
223 6.159789677049998
224 7.2688192852311575
225 10.92368005949486
226 8.971820880807469
227 8.700400003438117
228 8.959013947324818
229 7.884140157241384
230 9.57359782018687
231 7.0558592521678785
232 8.645752297082488
233 10.694541847685132
234 8.95099821536496
235 10.705191189901702
236 10.382958258956991
237 9.187821075066834
238 9.080242801704797
239 7.898808562166588
240 8.39055903528939
241 8.627397837773383
242 7.211847925917008
243 6.401744606747956
244 10.072475280282337
245 10.133437661547305
246 8.579782602647105
247 8.854174344941804
248 7.148840858914986
249 6.060365242282887
250 7.517926419539214
251 8.887564257104904
252 9.275472459895626
253 9.759026590245348
254 9.902202061600223
255 9.887591709039379
256 9.68206077097979
257 8.796843982600144
258 8.862872335342812
259 8.7411354371381
260 9.666659888264926
261 6.982908419976401
262 9.638848855347812
263 8.556481607561311
264 8.911635275455135
265 9.78700960644452
266 7.934932631472531
267 10.038855072014679
268 7.777915567436043
269 13.229306645322506
270 12.449746933533266
271 10.417742595164226
272 8.074344883083059
273 10.641610603537435
274 11.258497483788322
275 11.390934316117187
276 9.380739788425961
277 6.745906414070779
278 8.875755891032469
279 8.650380691079379
280 7.396015920402851
281 8.246672827305309
282 8.714971499438718
283 9.826178412521136
284 7.642675253260081
285 8.289684650330795
286 8.780497829191551
287 7.320161299658966
288 8.29159809475295
289 6.819866445759934
290 6.836525878643464
291 6.039724274735633
292 7.600997547622848
293 6.465549830562175
294 8.105945782952036
295 9.863424608809186
296 10.909445617196393
297 10.031323614741952
298 7.622349187392723
299 11.565078962908496
300 8.964260920323758
301 7.229663101570125
302 8.222189786735974
303 9.338102962026674
304 7.2338590914266465
305 13.449671482582412
306 8.56207116507485
307 14.32796610239687
308 15.048726802153212
309 12.565901795629667
310 9.402783299724993
311 4.816415515144577
312 2.7793357332897064
313 6.994224593951216
314 9.17612341010414
315 7.355862365065282
316 8.267507038063348
317 5.479330070288794
318 16.117914068619207
319 8.63619257843027
320 15.485342936663912
321 17.80545899614825
322 11.433130953741339
323 8.838109172660628
324 11.158843323324481
325 10.230860277254354
326 7.029425851423244
327 2.6504849366255177
328 2.7431337386265198
329 2.6567379961889364
330 2.5790420816802144
331 2.595329111497612
332 2.551510187850387
333 2.6460111977599476
334 2.8238141434052695
335 2.6845020024537165
336 2.4977315493855876
337 2.6468636064484494
338 2.669904799936971
339 2.6863185784295265
340 2.6688319490397627
341 2.539037481756272
342 2.5787504350352304
343 2.566033716624079
344 2.6069890336780106
345 2.6320395765021827
346 2.689379147497876
347 2.739296132390117
348 2.6925543041999145
349 2.697146466311454
350 2.6296570606799143
351 2.5903814677336605
352 2.669607933739119
353 2.6404677835566175
354 2.6178645058657017
355 2.6389373741791027
356 2.6444882216067374
357 2.679072905011075
358 2.7672935722339647
359 2.66406028164896
360 2.776575844800851
361 2.7042637030815215
362 2.6057221563972917
363 2.7578713025138866
364 2.734340301364293
365 2.6227855312636517
366 2.6455571036133696
367 2.726609490697768
368 2.6033197669835197
369 2.7105450046476487
370 2.7021684624257563
371 2.774034938659583
372 2.6358828706103608
373 2.6994802791695593
374 2.605367411825412
375 2.6839993203390127
376 2.5867201820287598
377 2.530887342584828
378 2.567551190488338
379 2.777985745594781
380 2.6550445661461985
381 2.6181244846229346
382 2.702866187634505
383 2.8587005579794025
384 2.5871955959280926
385 2.9444735680927434
386 2.723140002217874
387 3.0545437767772228
388 2.71705926922773
389 2.639822071072279
390 2.7945587117256645
391 2.6220791410769766
392 2.579543537642436
393 3.1243674513480553
394 2.7848393908014293
395 2.657162292442245
396 2.6067707928421227
397 2.670325689969952
398 2.6675843158287837
399 2.7904095567817655
400 2.604035123817452
401 2.6588390958896873
402 2.7172462156433617
403 2.6990995153080433
404 2.688048638173761
405 2.673464743849414
406 2.8099726294630596
407 2.6201448832312297
408 2.6246197869990944
409 2.5676386995289207
410 2.603720312447423
411 2.6729357157090243
412 2.61302910577058
413 2.7124831328057235
414 2.839863255923396
415 2.679337466099769
416 2.6042467334833597
417 2.873197905027288
418 2.8729173242937343
419 2.6297231926797355
420 2.64381832440616
421 2.761113454897247
422 2.7559973773542534
423 2.6474261740432548
424 2.561932186153085
425 2.550394025619168
426 2.7512796375767117
427 2.692454186924966
428 2.5747349069640495
429 2.6167624383358725
430 2.659334718550656
431 2.6438724615550466
432 2.723044403611054
433 2.680523375960317
434 2.920788603604244
435 2.84055196840697
436 2.6917565269019974
437 2.677790660844623
438 2.6807171384628563
439 2.5119947661087036
440 2.690648629874368
441 2.6270198756131222
442 2.573471870559645
443 2.58384920213459
444 2.588014443726244
445 2.677829308736208
446 2.505205256793158
447 2.666590514224054
448 2.60437465586719
449 2.7440465166752683
450 2.614724858551834
451 2.8212085164586216
452 2.6842047494664554
453 2.7238814003961003
454 2.55333001231979
455 2.5349837776572595
456 2.6636297637830166
457 2.687497592385393
458 2.7170546761729435
459 2.610249564018358
460 2.623626888604624
461 2.7124885539748425
462 2.7484233367433593
463 2.5469604204575313
464 2.727629747716246
465 2.522389888695235
466 2.7049339170785625
467 2.551602216909685
468 2.7948180587182687
469 2.6658017984992917
470 2.6730598127064864
471 2.709290139543222
472 2.4585714130564296
473 2.631851903647688
474 2.5907513392600667
475 2.7054216400136517
476 2.641920057202818
477 2.572274973637202
478 2.65755004922336
479 2.7165192000736558
480 2.688253372075092
481 2.564992580192221
482 2.578093223697574
483 2.743950581379149
484 2.6857579847719344
485 2.761506897461272
486 2.801665021373596
487 2.715166956022755
488 2.722739522436335
489 2.6292115806153693
490 2.7467301684087575
491 2.651171754003013
492 2.6188543555850803
493 2.5604208582987584
494 2.674988010084477
495 2.7692053986229275
496 2.825815440582288
497 2.845855297609631
498 2.752065783566351
499 2.6946417674059986
500 2.650202222308488
501 2.6032290966883647
502 2.7271200813912664
503 2.7189478985182327
504 2.805490097753992
505 2.8629174902837238
506 2.5860856649791493
507 2.6425757278152178
508 2.776094418511272
509 2.610624670668357
510 2.6676752998111026
511 2.691325646575335
512 2.5763836471349997
513 2.6074342312068253
