0 9.726363656953971
1 9.904730210150092
2 9.90337203521381
3 10.024458380973305
4 9.915712073460687
5 9.877365057312355
6 10.613915469745367
7 10.978538404917776
8 10.984299610541413
9 11.426202277157659
10 10.913322490659494
11 11.122823762298706
12 12.584515186166074
13 11.390655678774428
14 11.284023306707052
15 10.636234742695365
16 18.01841156788386
17 16.838489587229788
18 14.324559995735779
19 13.913102773387074
20 16.526256289071306
21 15.83077599928422
22 10.479532286533628
23 12.990022814876891
24 17.695237530139536
25 19.00379590786755
26 13.660099655079732
27 11.707985401997954
28 14.147141577167034
29 11.245367588551368
30 12.292916949962462
31 10.772776960282538
32 9.258627066638914
33 14.34771658391528
34 17.516294487827196
35 14.054782792171684
36 11.230945019110523
37 9.619841703791144
38 9.393942865829123
39 9.27092774417742
40 8.962155103308062
41 9.469352481024558
42 9.338606134587508
43 9.215075896480093
44 9.045431086322191
45 8.920302499286551
46 8.89519078702086
47 8.20616465920823
48 9.14789252756769
49 9.139432503566299
50 8.886517492665817
51 9.949873071355269
52 8.713515750534107
53 10.098702160838075
54 9.20675424803226
55 9.40252404131878
56 9.222522332513764
57 9.783568395998563
58 9.274878738587923
59 8.867837546160976
60 9.434254828777913
61 9.408285172966211
62 9.380449094606924
63 8.737285585454577
64 9.611085812274572
65 8.549065232919357
66 8.890399847367352
67 8.199741778680659
68 9.236080747934077
69 9.4060653530733
70 8.989457193907512
71 9.389391097016585
72 9.262829444096646
73 8.372553618457019
74 8.939095943976653
75 7.902770634517058
76 9.321864825471165
77 9.159355203988813
78 9.318388371947746
79 10.628645864572228
80 13.483514141851249
81 9.699125924381432
82 12.331778407649589
83 12.264154316339699
84 10.251439638507414
85 14.73508455231943
86 13.29567490511215
87 12.101944243966258
88 11.42986656500744
89 11.573856484073726
90 11.362796201349987
91 11.304320902446351
92 13.25931084273681
93 13.766959482496643
94 11.469529752991203
95 9.421279352180381
96 10.817694767496905
97 11.400651893307469
98 16.01438779223779
99 15.79375130798195
100 9.927518421638762
101 10.501116290173977
102 9.672159652875717
103 8.850473426001328
104 10.430823621954698
105 11.327078164465858
106 8.874264184795143
107 10.79922395402359
108 11.635045824612599
109 14.813948861023267
110 12.207534529781345
111 11.663452977906903
112 12.722596373846317
113 10.50020557889832
114 10.585653148857443
115 9.709723983241984
116 10.436391756231796
117 12.672858633928964
118 10.846235692211126
119 13.89393959756783
120 12.2320211163842
121 10.232628594295674
122 10.842866626952711
123 8.011650477420176
124 10.310543781095664
125 11.115563332736444
126 12.052281128961823
127 10.759787551939825
128 12.571549887467802
129 10.344339959076951
130 11.211455705528165
131 11.8131108414027
132 10.6009550726241
133 10.698766701873968
134 10.111854492678193
135 12.458092859230062
136 12.00597345352482
137 10.672858707364476
138 10.556262152362379
139 10.634293902397717
140 9.859685267986087
141 9.104218878120365
142 9.545585417723695
143 9.67754976236411
144 10.010843220919693
145 9.525468833249315
146 17.389523315767914
147 18.93472107073961
148 15.514491890093183
149 13.615636252606414
150 17.375016149764548
151 17.553035759479734
152 19.324116407507564
153 12.567242766144341
154 16.126296075075988
155 14.684372449931251
156 14.673385818060998
157 15.088578149530683
158 19.82580826566068
159 16.606349882069626
160 11.919719966264744
161 12.869560940749972
162 21.124302433323688
163 21.734185338186386
164 18.122317192446094
165 18.93260805150965
166 16.84600916728147
167 16.876276016483253
168 17.47799923477482
169 12.484558188499195
170 13.527315501345894
171 11.783756307735272
172 11.402057372795339
173 9.259722344930534
174 11.320036959955372
175 12.391418500323233
176 12.04893800048828
177 12.370809640385822
178 13.77066414385408
179 10.968125159775377
180 13.106438403282397
181 13.335425669228119
182 16.803645261328796
183 12.091927467256161
184 11.930097820667713
185 13.157959620180534
186 12.361786269277347
187 13.359037836195874
188 11.962380550166216
189 12.110363573889336
190 11.305498097773883
191 12.537826277923182
192 13.84930427994233
193 11.5486220438884
194 11.166901762851522
195 13.222587701632657
196 12.322221506293252
197 10.803993084754554
198 13.086887025881815
199 13.51124802883647
200 11.926839098680786
201 12.454366082193925
202 12.435621993238097
203 12.284583345750411
204 12.625873017884844
205 10.605835106948058
206 12.189917064180749
207 11.895568409628451
208 11.031768508575832
209 12.438105271888942
210 12.015650807018321
211 11.906257266087632
212 12.40859095801897
213 10.730416845026545
214 9.477029594459328
215 9.163309831302413
216 10.084580737490647
217 9.03251428322909
218 9.225135825824129
219 10.192595406700102
220 9.228381643159212
221 10.838928814274245
222 9.080058099079535
223 8.808950367752898
224 9.360241548066039
225 12.219237056503106
226 11.057714209092877
227 10.711585166608918
228 11.650994378910044
229 10.013271939297466
230 11.877944456329015
231 10.321510766652505
232 11.008389946586952
233 11.868692168176578
234 10.911032315174543
235 12.404965228460375
236 12.091293004428293
237 11.40318855380282
238 10.507111054623754
239 9.798373040964517
240 9.812790480981233
241 10.6077281950846
242 9.507499987148973
243 9.187647141164735
244 12.4226511741417
245 12.581090828457176
246 10.417975771213731
247 10.301781540127429
248 9.84357336828754
249 9.40490311784641
250 10.09060151319123
251 10.256590352012397
252 12.953630115511091
253 11.839761006002448
254 11.946892458386193
255 11.287727898565898
256 11.205427846552855
257 11.619854765523089
258 9.855825865118819
259 11.973464775654959
260 11.487185099436322
261 10.769839749094789
262 11.48815174058528
263 10.923032753109045
264 11.857665885027915
265 11.56248427164077
266 9.56287278959314
267 11.468126585099577
268 10.227806669839984
269 13.935019850593626
270 13.842345705287109
271 12.746911551367646
272 11.381142652620738
273 13.048755209672539
274 13.485915424043826
275 12.56298811567392
276 11.571045161978937
277 10.099984603936031
278 11.86969577159882
279 11.97161544927444
280 11.245408099559304
281 11.298390107344028
282 13.027679816779138
283 11.026544058120349
284 9.885067859700085
285 11.526938966417607
286 11.318319732416343
287 9.892377357991982
288 10.227419718897414
289 9.043281449180053
290 9.768993925444006
291 8.985169831476739
292 9.087743959762953
293 10.316652184663717
294 9.170168420433962
295 10.986465460425702
296 14.791638110727797
297 12.324513300360609
298 13.72115070664929
299 13.425551043771994
300 13.37554042260153
301 12.013484562908081
302 12.500703165518482
303 13.078900985486694
304 11.066271858522489
305 17.766844212064864
306 11.532217216957067
307 18.394791578064332
308 19.4303746870387
309 17.765014495683573
310 15.902068206609327
311 12.148345119014724
312 12.005519743762427
313 15.473608639756419
314 15.844167549271912
315 13.207296813483467
316 11.840918736794125
317 10.352730659675103
318 19.005004601195395
319 12.978455935329139
320 15.224261804301422
321 15.62793344711196
322 13.283641874853952
323 15.675377293046502
324 16.377533909558252
325 13.37653588173536
326 14.86437174776919
327 9.595849608508816
328 8.807030679165948
329 9.469834520412727
330 9.80461053530499
331 9.699087792703283
332 9.559989396662667
333 9.060838827803385
334 9.795622303656426
335 8.92055413349026
336 9.206841871452706
337 9.581620587880519
338 9.963639740621385
339 8.916787629405674
340 8.862940023867573
341 9.240265619401212
342 9.001793362644808
343 8.67504371149173
344 8.94046736150318
345 9.494677485927602
346 8.587832277037084
347 9.965828768793687
348 9.032782180319398
349 8.776476243851743
350 10.166882093385953
351 8.845504090471815
352 9.792596318251793
353 9.078169994638804
354 9.989753870453939
355 9.002893330015867
356 9.385018406231703
357 9.542290038301989
358 9.864697760998897
359 10.42277601590038
360 9.479303679659001
361 8.148984582118159
362 9.174155474640566
363 9.500934044489444
364 9.209435041582257
365 8.915695927703753
366 8.785177796083037
367 9.392773737930478
368 8.893969656340852
369 9.167961087725082
370 9.60980853157879
371 9.665417301342492
372 9.906270109932459
373 9.454675979470275
374 9.73601561985928
375 9.789625566481849
376 9.638302864515941
377 9.433187739494018
378 9.509175177828427
379 9.475595403753163
380 9.633657921788926
381 9.705940997732593
382 9.020397865760117
383 10.566705354881996
384 9.362899678130931
385 9.05035912145367
386 9.454916300863088
387 9.497752856709468
388 9.128704522906967
389 9.219238810561233
390 9.080050635990045
391 8.920434610427574
392 8.9464392864869
393 9.938052419105462
394 9.821858880080418
395 9.56690848521145
396 9.713921012026118
397 10.256303674133816
398 10.306325542725167
399 10.326492679883813
400 10.50607025177497
401 9.911986169526164
402 9.070044758023558
403 9.555874556043584
404 9.233182782896602
405 8.899972705655081
406 9.202870792250193
407 9.325000284145771
408 8.48551638040698
409 9.105679956962415
410 9.408150668531617
411 8.707613767033994
412 9.102343752139827
413 9.007147789073763
414 8.738122288632361
415 9.001566589940472
416 9.67387382862791
417 9.363335374497726
418 9.106399512895074
419 9.494191518467828
420 8.467514091694694
421 8.986067219177807
422 9.313774177033537
423 9.030513935914517
424 9.141103501276225
425 9.188379093670589
426 9.15504237736401
427 8.294102854088921
428 8.898613357515698
429 8.598840078444217
430 9.240172692712983
431 9.162518416819655
432 9.030047436655453
433 9.177977958365236
434 9.434806753828177
435 8.819338719541902
436 8.552571124753312
437 9.013707987312284
438 9.0253810195818
439 8.857849933275073
440 9.678522353398783
441 8.690591938905419
442 9.535489803048085
443 8.646195206048139
444 8.94091799470115
445 8.790998773320794
446 10.47832360196839
447 10.888968743827403
448 10.466061647347837
449 9.732731948071207
450 9.215331068974285
451 9.782396090309648
452 9.657759325997475
453 10.319088867240481
454 10.058723295181494
455 9.640730150207888
456 9.689515060810988
457 9.065779251935908
458 9.764988753692592
459 9.63553911837626
460 9.472373515316969
461 9.428892145379958
462 10.060136049496226
463 11.167424863198795
464 10.517237528190263
465 9.244118860650971
466 10.538660017623734
467 9.166761246977604
468 10.452376757329601
469 9.765982942781235
470 9.971849201867053
471 10.659203940138882
472 10.31327253861761
473 9.623902141892534
474 10.602489544706623
475 8.73579531032815
476 9.596121514155218
477 9.873400053245057
478 9.669178563265424
479 9.821711463008596
480 9.353943107276447
481 9.433274292067523
482 9.171110543407336
483 8.80941478228309
484 8.868348245177298
485 9.7762707686871
486 9.154344566375993
487 9.644524363535135
488 9.27567877920841
489 9.484346765893093
490 9.106550954800136
491 9.621038150572526
492 8.723412345252735
493 8.822251334876489
494 9.447629850792833
495 9.340789634688738
496 9.121987034830598
497 8.897998052216067
498 9.23324160531133
499 9.331401078195698
500 9.446062572940594
501 8.661948641955489
502 9.200991745404673
503 9.259260318832805
504 9.086027271515043
505 9.351893666893575
506 8.924823478511563
507 9.209835173312202
508 8.322281479570856
509 9.023498100238847
510 9.461896867478709
511 8.676803447558468
512 9.47804191396022
513 9.499063846881898
