0 11.61399034527303
1 11.62587462869361
2 11.604397717691656
3 11.881514846296556
4 12.103963606273036
5 11.907559031152442
6 11.46624087383109
7 11.464256292305308
8 10.588681818818406
9 11.19813232095881
10 10.941043343988563
11 11.462226387065815
12 10.91130612943074
13 12.618845992494201
14 11.756191757313442
15 10.596768104082917
16 9.892645229891658
17 9.872399094451877
18 9.950900963519452
19 10.801798364391548
20 11.628758147037717
21 11.140905080149954
22 12.702233119152922
23 10.033876234678248
24 12.153705726136117
25 11.012664007253163
26 11.520278638406277
27 11.642226452402676
28 11.950878622641126
29 11.619496417154794
30 12.156388337938719
31 11.764834502404623
32 11.67260712796579
33 11.614694282186713
34 9.729693406596704
35 8.77835551510092
36 11.034025169822305
37 11.929035990037246
38 9.418639572239204
39 12.70199323294488
40 9.565109343116301
41 9.79532161299773
42 9.060191191187004
43 8.13725880329169
44 10.221375782087353
45 11.37223672502958
46 12.16914206447141
47 12.00903372480892
48 12.717366868547689
49 10.806293455275856
50 10.915205073416066
51 10.91532544055783
52 10.091687638583124
53 10.642421302375858
54 10.951172336195182
55 10.478207459817368
56 9.547475980468294
57 10.088630178226449
58 9.779195041024176
59 5.306594787036793
60 10.553669196914715
61 8.64035846607243
62 10.106885380112676
63 8.897897337055815
64 7.775868877504729
65 9.009001586880766
66 8.973020988018197
67 9.860718887679564
68 9.563206898067955
69 11.68391595013312
70 9.649170895579854
71 9.261383174400047
72 11.067149708424676
73 11.112910851166445
74 10.601328108364205
75 12.509518738730401
76 11.869936273540198
77 12.084286215982965
78 12.572356141394852
79 12.30111597812558
80 13.154180981160739
81 10.130054061406346
82 11.152693801380023
83 11.923154296854472
84 10.667948902173125
85 11.840113475034796
86 10.349269331046377
87 9.561832559834539
88 9.199027578156633
89 11.089744309684283
90 8.442181050805731
91 10.03163040954021
92 9.804304103726007
93 10.394428600321014
94 10.563293062305494
95 9.6926671373084
96 9.25713892591267
97 10.946688605174211
98 9.11237439793476
99 8.194300278614477
100 8.812012792972185
101 10.76323415380049
102 9.967486973587146
103 9.124506239043685
104 9.104055034210678
105 9.727240414181203
106 11.01922472092492
107 11.65372189795365
108 11.355527993820747
109 9.838626005090244
110 10.673219239149939
111 9.333622889571268
112 9.481602835504212
113 8.843516181403293
114 11.667400839512146
115 10.454915386092798
116 12.04061842790415
117 11.356219360725545
118 12.02365940535125
119 12.84123769315349
120 12.529389325716702
121 13.100490303049185
122 11.006488740431726
123 12.384010870512498
124 12.596051415383261
125 11.977229203889024
126 9.219655142323829
127 9.309502634329725
128 11.200530777468147
129 10.929674692232089
130 8.676472385004207
131 9.898166325777042
132 11.056772307249402
133 9.822318570771277
134 11.940810195717717
135 9.992003634991748
136 12.199464043977178
137 10.982816642312091
138 11.223899504303922
139 11.655857644966542
140 10.081741068171574
141 11.03108901960839
142 11.880819706371565
143 10.615767818902228
144 9.85361789555738
145 10.641570666762624
146 10.449127727939604
147 9.380260223534155
148 10.889213462758217
149 10.931374234011178
150 10.45394399092334
151 11.543253762858678
152 10.798632210635407
153 11.168876508625207
154 11.294082910369369
155 11.99597605047139
156 9.938871508807175
157 10.11021981707299
158 11.79989339295413
159 11.896018220600409
160 13.097014949614806
161 9.695966396497221
162 13.24802100713723
163 12.213959633314543
164 13.391514110327478
165 14.282191043296585
166 13.471177650854639
167 13.92964095105195
168 12.431196153044572
169 11.468997938951517
170 14.370517920313995
171 13.64698408630236
172 15.693977281085585
173 12.434711482605813
174 12.075144962826522
175 11.96770975127596
176 12.481825314045864
177 12.293987664541515
178 10.386281432225001
179 10.6783521559661
180 10.16929325371939
181 8.872577742344916
182 8.52047075882823
183 9.477986995686281
184 10.421536404217463
185 10.212660861854328
186 8.1470218460751
187 10.37566479701356
188 8.704868721527607
189 11.911050032034195
190 8.967626017719086
191 12.825986925494036
192 9.73683116154409
193 9.762709023589563
194 13.801696330986463
195 8.398029929603089
196 12.02976369786576
197 10.920726382133003
198 12.712152396087726
199 12.585246434356927
200 13.500772150736935
201 11.328251413735615
202 12.841601688092952
203 10.957291913474005
204 11.009083747994422
205 9.514716899858026
206 9.569855851341773
207 11.207455123205186
208 9.868554413172618
209 10.355953147460333
210 8.851324945995904
211 12.598640884756657
212 10.26018104137326
213 9.438399951748655
214 11.643637909109295
215 13.005523627370629
216 11.706507115501225
217 11.274212942085974
218 12.863905288847072
219 11.302884578465116
220 11.93445962662243
221 11.708832280196955
222 11.646569212832949
223 12.173533986111483
224 11.563371689688266
225 10.973767391057255
226 12.099609081063617
227 9.730102306884126
228 11.327127134544698
229 11.844444396304429
230 12.156707246385945
231 14.483293259907727
232 11.546194631430478
233 11.37434512094303
234 11.084121269839834
235 11.430782009933157
236 9.876991909032386
237 7.508684760539674
238 12.003227391517358
239 11.295419123343232
240 10.815833457676497
241 11.988948265057859
242 11.9462800430319
243 11.02809211332504
244 12.229251741138132
245 12.100669265961605
246 9.851787828587845
247 9.183539286434225
248 11.956741590902638
249 12.614507970991212
250 9.970571767522191
251 11.136404286731954
252 11.373183365611059
253 10.922012539821136
254 12.612022324572779
255 9.083665891715219
256 11.303433286666365
257 12.051458267770489
258 12.262940978861531
259 11.655204898152327
260 12.125321953530547
261 11.169196249615382
262 10.102856247805043
263 11.006571581613212
264 10.590460815208239
265 7.836012668613958
266 11.946611783401654
267 7.561708408700563
268 11.578700239926533
269 9.835100057080899
270 11.240920601121406
271 12.07362849078152
272 12.235501518610972
273 10.743016834156302
274 9.906643240961996
275 9.683800798935904
276 9.36054073003487
277 10.559443163887494
278 10.234359658188204
279 10.033941511379608
280 9.39672267364034
281 9.457749277303867
282 7.664314113797911
283 10.927150675292307
284 9.830840162670484
285 9.84283770673582
286 9.495751741402502
287 11.507432033039457
288 12.824140894859882
289 12.990434245708848
290 12.05121128588616
291 11.649080662896683
292 10.792583672392444
293 9.232944195105441
294 6.884489241841552
295 11.011414439943218
296 8.488707810158813
297 8.531939170140424
298 14.705553371154748
299 10.939172162475359
300 8.096411796300002
301 9.607162174368503
302 10.538324644696779
303 10.06284413574905
304 11.306944111991543
305 10.423341798793928
306 10.10391968358609
307 10.063566795326055
308 11.286369244928869
309 8.892293688920798
310 11.664463643280426
311 11.911903507596959
312 10.310760629290247
313 9.156689413322056
314 10.82139057962718
315 7.906915184617389
316 8.239015124358351
317 8.768507568353337
318 7.967649292570089
319 10.931466963549354
320 5.109801003665076
321 4.681689892175872
322 3.9363780402814235
323 9.78460474570956
324 5.800455717849957
325 2.711105006982673
326 9.812220994183326
327 7.44903342412616
328 9.346777970139994
329 8.544684715662601
330 8.261530530864679
331 8.856229641099294
332 7.319932080881841
333 10.853519184020563
334 9.068894515252063
335 9.468042539660015
336 10.859787239286224
337 11.990245121859974
338 10.431053246929709
339 9.237434522327938
340 12.101860133738299
341 7.163820184779709
342 8.365666959617892
343 7.283524886058835
344 8.822578326860988
345 8.61032487831642
346 10.900222943258894
347 9.31607602320046
348 11.078335887483718
349 9.866237220120164
350 8.119617953193094
351 11.970507117606827
352 9.358350366407791
353 10.076863066687599
354 9.84097658457449
355 10.609004660747017
356 9.667946863808364
357 12.560551883754629
358 7.884933745073675
359 7.9691626301389755
360 11.981942163109679
361 9.906374907307693
362 10.946102340076692
363 7.933592793184762
364 10.785634145578351
365 8.658993032027304
366 10.850993396548866
367 12.155656108371806
368 9.596358613566743
369 11.190981652428395
370 8.608295165931539
371 9.546647059842122
372 8.737276424710025
373 12.259936737110696
374 9.196486393473245
375 10.05129880033984
376 11.148027897524543
377 7.726567376249261
378 8.580828740935896
379 9.742846537286653
380 9.569380025608831
381 8.417058283211603
382 9.406984431104032
383 8.46283069145862
384 10.014022682431076
385 9.888651766511671
386 11.182393587516364
387 10.725172836613249
388 11.476604480610165
389 10.544964688083356
390 12.594579779076946
391 10.467983161784336
392 9.984571504211356
393 11.096218101403299
394 9.985064971106524
395 8.278951926502126
396 9.91044706446057
397 10.010052291266113
398 9.468523591664141
399 11.332839219401698
400 10.491286539683712
401 8.526627871493947
402 11.676669468159806
403 10.210658234217155
404 12.244474182093763
405 11.476488731904285
406 9.570278159008586
407 10.996942458905542
408 11.19228360371497
409 9.998503699225777
410 12.82597299127203
411 12.11959679055633
412 12.890147667687271
413 10.44745193642796
414 11.269842249564634
415 10.483770971613078
416 11.706075072733356
417 12.034905692570385
418 12.900955540588225
419 9.461287668885955
420 9.436017933512463
421 11.013898122374849
422 11.465320841686006
423 11.298123256923812
424 10.461250103952175
425 8.008335367166632
426 9.667169660074348
427 9.490431299002717
428 9.08071078424471
429 10.181232410374543
430 9.313152876046999
431 9.323965531975825
432 10.604138273565736
433 11.826120529584921
434 9.891867962102733
435 9.606651691333914
436 9.712751461421176
437 10.873171495841511
438 10.927425544996854
439 10.780952594304235
440 10.751041855106443
441 10.753544616104968
442 9.55408997070799
443 11.85343067124636
444 10.430769772189286
445 9.36256856134572
446 11.076361538937004
447 11.056744775139556
448 9.26421289193553
449 10.540893534602011
450 11.963251649999638
451 13.959847582741464
452 11.549416691419601
453 12.133154806598455
454 12.334051193387213
455 11.099246463940185
456 9.699940966976616
457 12.671391219396792
458 14.201957850997635
459 10.385126870710288
460 13.2777090830285
461 12.377038415397442
462 12.366836563225146
463 9.708956278652716
464 13.015249221549944
465 10.586881568672524
466 12.823167839662515
467 9.602900703333459
468 11.46213810057258
469 10.389011130082789
470 10.406712078947493
471 10.064988294570108
472 11.263009229025972
473 9.339683319065204
474 11.793383518234862
475 10.608934642854281
476 11.93449416215913
477 12.196909712730205
478 9.823216791429601
479 10.568051187106812
480 11.939069780800992
481 10.447635707614065
482 8.88123511012433
483 10.06046199702192
484 8.695225259843545
485 9.743652301816216
486 11.660307623774477
487 10.213979002449397
488 12.794566800371868
489 12.216254764565095
490 12.890655725827143
491 12.753913197458319
492 11.91469348026244
493 12.182670423394002
494 10.405057393025665
495 11.332216822728164
496 10.30412991322226
497 13.713175025786994
498 13.277112475419859
499 12.270342642273324
500 11.266205165961539
501 11.61365423223233
502 13.355642412382792
503 12.449066889917498
504 10.622911645636425
505 12.824114876195631
506 12.217522374478689
507 10.251650807396725
508 14.405378855569085
509 12.398038197759636
510 13.13807503821461
511 13.594484048234602
512 11.177756287452452
513 9.989229109548653
