0 3.7852949644372282
1 3.219120321164587
2 3.228951687816812
3 3.0027642976856375
4 2.773322961874176
5 2.8159174142417442
6 2.7918085193568833
7 2.8343513764388892
8 2.6266609561679446
9 2.7141864899648325
10 2.8305259993307885
11 2.801553095922471
12 2.700113261851758
13 2.896495416478152
14 2.5963160349257643
15 2.9836589853033093
16 2.8691279815574955
17 2.76295106348973
18 2.8004638430196294
19 2.9080895571526737
20 2.7157067253215255
21 2.6402696790668583
22 2.690384529711832
23 2.701076877179744
24 6.549461216563195
25 5.010310851953348
26 4.978335877239196
27 4.733159478021361
28 3.9819808458776973
29 3.9085910695634323
30 2.6661151835875265
31 2.783684737529342
32 2.8351261775997463
33 3.442145964021441
34 4.225524839253105
35 4.806389417917786
36 3.800453323842589
37 2.813346001746878
38 5.87401216621246
39 2.850653903078513
40 4.478018962081894
41 4.709177323179605
42 5.898467301182559
43 6.897389587373213
44 3.880992839934818
45 4.38497238745302
46 2.5973531443248454
47 2.963940857839441
48 2.8278689657353264
49 2.6102659404980457
50 3.134201704935412
51 4.805786354131964
52 5.7462018773151735
53 4.856374800543198
54 2.824176909412182
55 2.895660201788457
56 2.970252632271391
57 3.2309800245764495
58 5.387136313788859
59 3.5973749784405853
60 2.752701846445064
61 6.986787634864397
62 2.805961389412199
63 3.704966779089388
64 4.095430714203027
65 3.433808153241016
66 4.123903475098528
67 3.9200799363242638
68 3.311424626467681
69 3.427443786842586
70 3.4382887364984316
71 2.8504306183378363
72 2.7023552608283823
73 2.7121127792434705
74 2.7380102200284986
75 2.993903584539622
76 2.7565444134938244
77 2.7612670468110316
78 3.1142592534241977
79 2.7522572186896617
80 2.7152773058584727
81 4.109378288128645
82 3.2086782777757756
83 3.120171970711439
84 4.737442787120635
85 3.038825730952664
86 2.709522152288728
87 4.452134681548112
88 4.838273249768612
89 4.76426248073055
90 4.5058505463553065
91 4.286358216280618
92 4.406755268121642
93 4.625872993578912
94 4.462085876323842
95 5.0830703308978045
96 5.208221716612089
97 3.3632735355342036
98 4.287241694213782
99 4.884690464235258
100 4.841155874003987
101 5.242554858971102
102 4.473949116481668
103 4.854888369398083
104 5.393894167369508
105 4.815093705337203
106 4.7536259156000815
107 2.640661650388784
108 5.984191581399096
109 4.548101579010054
110 5.423580678472063
111 4.261992663638586
112 3.962143766671201
113 3.482567215317734
114 4.7648634835544454
115 4.542663078521616
116 4.566077115600007
117 4.161980026233316
118 3.727952277102217
119 2.959868605429983
120 4.964064314477177
121 3.593436968495151
122 3.720480349224849
123 3.498470995493788
124 4.164527519567841
125 4.823811337413405
126 4.985011338680919
127 4.990430445773969
128 4.377298949288474
129 3.49388584317001
130 5.280820966021499
131 5.266445923842368
132 4.68073617199635
133 5.040109828604065
134 4.140461898721478
135 4.400458142091904
136 2.8764440084522045
137 4.636871890067855
138 2.7123662142458196
139 4.399968836669314
140 4.7745549239947
141 2.7557518374206653
142 4.448689760431319
143 4.163857196539385
144 3.9369580099881833
145 2.7234855111214085
146 3.9943130906552518
147 4.9400999144361615
148 2.697282047143723
149 5.083743201336088
150 2.6796713419560216
151 4.8259043908938075
152 2.7418135886820907
153 4.039008979086467
154 4.568196063386559
155 2.6088415212624394
156 4.97987243661703
157 4.406304751207857
158 5.198573042757551
159 4.311741716326205
160 2.572599343525837
161 4.975757230497556
162 3.001996454144698
163 4.220756389811426
164 4.424560442896993
165 3.773647109914211
166 5.5717082809346135
167 4.229767850530726
168 2.978750012401496
169 4.80621469658806
170 4.2656986443130585
171 4.212220977793733
172 2.903252956147567
173 5.551313892600306
174 4.546668156298393
175 5.499667733609126
176 5.216583487784392
177 4.615492024978263
178 5.03583853627994
179 4.2960052726012545
180 3.5199501231479045
181 4.860539388175676
182 5.140243025360387
183 3.362392000279188
184 6.17258635206979
185 4.726582084814197
186 3.6547908891791043
187 4.330770207445289
188 4.3553701971169785
189 3.8047387059358484
190 4.346208215417469
191 3.996928023741343
192 4.731531318434253
193 3.337737897556103
194 2.7099370026229526
195 5.615909268769936
196 5.5581453755213355
197 5.04553435009415
198 2.651325968071167
199 3.0816384300978403
200 3.809497149023084
201 6.464699491059293
202 4.225225974232952
203 4.235691189266808
204 4.047309516340643
205 4.933151675332399
206 3.933342082082893
207 3.2576081384693065
208 4.397030959209103
209 4.943004625052519
210 3.7310244261634815
211 2.7121181643710868
212 4.194675479803988
213 3.664907868224377
214 4.508396168499943
215 2.79945663286906
216 3.4908786452657985
217 4.534820262696742
218 4.112195892024788
219 5.1685132475506705
220 4.907579059884845
221 4.9906212906802425
222 4.361573528157291
223 4.117538981845541
224 6.319949434685246
225 4.872011490263597
226 4.177724135183259
227 5.067514328516714
228 3.8948910639025556
229 6.35830148801646
230 5.567491486469183
231 2.8567475170769874
232 2.709258321831328
233 2.7774416566427544
234 4.936238616260206
235 5.579767089401148
236 4.781540794050004
237 4.945902506337521
238 4.37144898739463
239 4.805439886337072
240 5.095436019908198
241 4.402262690039035
242 4.302367604671731
243 5.1265735760114
244 4.163244024954789
245 2.7304357338315426
246 4.457914288469187
247 4.782107251384988
248 2.856150016030469
249 4.7798004817588025
250 4.624583969816475
251 4.318016729293875
252 3.010194843087258
253 4.737603111788194
254 3.8611688568269282
255 3.9271186989443585
256 4.269042994869214
257 4.744892365581236
258 2.9356785024081464
259 3.9914801364985246
260 2.7374957932769126
261 3.4940518036985657
262 4.638455532500459
263 4.7171510386751345
264 4.584758438603744
265 3.8304710813499345
266 4.365606221833607
267 4.326026658907421
268 2.8688954575179313
269 4.706207406168114
270 2.7971766322803373
271 2.818433457872829
272 4.963810835954947
273 2.6578277396077876
274 8.721858247433824
275 7.996113181164292
276 6.375811916051081
277 7.61554393414167
278 4.638017849386174
279 5.398981157928846
280 2.7725085989845257
281 4.520634432225298
282 9.774900239279896
283 4.735585610883572
284 5.966427909336629
285 3.7606585989291053
286 5.3225900440921885
287 3.8563018766588684
288 3.476275946655091
289 2.9610980128995585
290 4.06733811662436
291 2.6573138353032384
292 2.7585808374330085
293 4.953259521113625
294 5.418785665397792
295 2.785308675316468
296 5.731832472156459
297 3.738215689168074
298 2.9945655959389
299 3.292974018071092
300 4.047979696570857
301 4.613450796386115
302 5.586000049192565
303 4.625784604957979
304 4.747109283454809
305 6.054479467763054
306 4.613738344750507
307 5.331280443719317
308 4.316967901207032
309 3.8688853720816043
310 4.017399713457899
311 7.347654862797618
312 4.019341700430643
313 3.682108311655377
314 3.442516831974853
315 5.367034857655958
316 4.364666038096783
317 4.717055023195488
318 5.054281728821974
319 2.9402362509133546
320 4.821295192264348
321 4.619759009664614
322 2.818766499865528
323 3.1041994217351516
324 3.701198210845085
325 4.1412654644486935
326 5.336104209135504
327 4.54596180938284
328 4.992335605844425
329 4.105034435413372
330 5.318850518314563
331 3.4982208337546097
332 4.2488251929519425
333 4.083687726129689
334 2.7130650943888304
335 5.1332122728310345
336 2.729591677538601
337 2.7707540575669176
338 2.6940021430458856
339 4.73323351590894
340 2.577877987978628
341 4.109016586488656
342 4.505887111146535
343 5.041876403327344
344 5.791319770818425
345 4.961593910407189
346 5.1182757537851495
347 3.86322014568042
348 4.783085281666992
349 4.178142226110913
350 3.5446161675303967
351 3.7944066522245232
352 5.765264252824063
353 5.149039325763915
354 4.4328969559569655
355 2.9915410655569565
356 5.621003245189735
357 2.8746446978712834
358 4.052977256119885
359 4.520359720462807
360 2.877602109028524
361 5.585951225819475
362 2.818721871959854
363 4.692382302365464
364 4.056609953864592
365 4.7460371404196815
366 2.8371857125336013
367 3.060364922756864
368 4.370430494431446
369 3.694574048432604
370 4.137226187444601
371 4.590219971215044
372 4.685955387874263
373 2.992857603660881
374 3.985828387836545
375 4.004125021071027
376 2.6422439494661587
377 4.274973043609639
378 5.0906395297563005
379 3.8448726567460483
380 4.131608244018963
381 4.723877442857502
382 4.57734239884731
383 5.15668691026209
384 4.373276631528246
385 3.7424070994703658
386 5.629528465921377
387 4.840505023779899
388 3.714710294766192
389 3.0643553592445563
390 2.8349210735414183
391 3.6684750275879394
392 4.844730191916968
393 3.894320541245914
394 3.881275476927974
395 4.4783154803471685
396 4.016162839119356
397 4.876220960313175
398 4.780438573456928
399 3.844791164227054
400 4.580225691278956
401 4.1717181850449485
402 3.0518433944170007
403 4.307040486616106
404 4.556149449589772
405 4.638448696699868
406 5.3901002265726055
407 2.8150342483287676
408 5.115017443390627
409 3.3172912984649687
410 2.689289923912189
411 4.519510464116325
412 2.65899430575605
413 4.817979497104699
414 3.3568438604056365
415 4.015139521832788
416 3.8193666808684594
417 3.936743446590332
418 3.9182262320694576
419 4.261505690927481
420 4.178239501417171
421 3.730139534605569
422 3.992382350458292
423 4.476498527296849
424 4.83046816281402
425 4.423270023396138
426 4.264402900986082
427 4.9148853716375145
428 4.957573274794721
429 4.326091038078318
430 4.375951665255069
431 4.1943246281904605
432 4.27951719345679
433 2.9251216800059994
434 8.954857221673683
435 3.9008708379637222
436 4.185398576733254
437 5.703614280824295
438 2.8335071760671853
439 3.686904112659498
440 3.387135404467144
441 2.8047395537797994
442 5.632769472240895
443 4.54458862963267
444 4.136477861946382
445 4.947892422048093
446 3.959728253315901
447 4.330731127547516
448 4.702874683951629
449 3.2400296861690645
450 4.4046054727563755
451 5.141357186060439
452 4.894676448443165
453 2.8103397354818362
454 4.406046206293142
455 4.900327631176529
456 5.346809065246411
457 2.8053041897420212
458 3.0849886734353404
459 5.135996265003374
460 4.72281944141957
461 4.968857297587294
462 5.02077505111894
463 5.908051589824692
464 4.500987808968055
465 3.740916408741058
466 2.9297837688430937
467 5.3197503933273325
468 4.4205814210251475
469 5.382426177873616
470 3.9738992743353148
471 4.7103650507469546
472 4.697709426793852
473 5.009585899151395
474 3.2543629933031775
475 2.7467612006188844
476 3.8109196941546513
477 4.0902641360616645
478 4.743567465828083
479 5.088873896298386
480 4.234256074623077
481 4.763396707427583
482 4.07987051500734
483 3.7966974200527908
484 4.470317895337694
485 5.461998668168305
486 2.8081008304773225
487 5.16690194216204
488 3.7174279674569854
489 4.305975405484071
490 3.8245037679092615
491 5.223537723619936
492 3.7934327379669006
493 4.345960903644336
494 3.492383858032686
495 6.220868669065477
496 4.166380910003074
497 4.702357486860351
498 4.479924665592441
499 3.944783714780912
500 3.9436707068745602
501 4.678882139324784
502 4.264150454573854
503 2.947104670670189
504 4.058019184237941
505 3.06453457686755
506 4.800698105282111
507 6.490288006483036
508 2.716562338355282
509 2.799974592507764
510 4.719651513707359
511 2.7668772829455874
512 4.834783938329606
513 4.521056087045236
