0 3.1838744095122014
1 2.651286430178945
2 3.2267848763757767
3 2.995055309409986
4 3.1737366000811638
5 2.8318681175016964
6 3.005253213312566
7 3.250471469688262
8 3.1544321578891776
9 2.880657872396032
10 3.2147309430009554
11 3.0331691643870697
12 2.840182719396355
13 2.5745260482460863
14 2.726749890599062
15 2.666873825034717
16 14.346339365022125
17 15.283618250708999
18 14.200176335389195
19 17.44377433458459
20 19.699625919110478
21 8.702342292682308
22 6.166236289749541
23 7.650245113904567
24 11.890601653030838
25 16.403691192519684
26 7.217050550230608
27 7.721368217832822
28 11.765069103490706
29 8.480203055862761
30 6.9743683095687965
31 6.071579152300072
32 4.744735447169788
33 8.49258096485757
34 13.454794044368164
35 8.884160272719676
36 6.5722134914500785
37 2.790557573281906
38 2.521000443168061
39 2.571787695189854
40 2.9251375562131043
41 5.2114624374795415
42 2.573719621374409
43 2.7380518187580005
44 2.610480766239815
45 2.6949651009862516
46 2.9225721348459075
47 2.7361094461885735
48 2.7565913650487905
49 2.7580073462436716
50 2.6620486566216117
51 2.7760268421195184
52 2.587033869609676
53 2.5948793174881746
54 2.558124532346855
55 2.7590899339279096
56 2.943364033601611
57 2.6141162516019643
58 2.6053753511679596
59 2.7664203309671134
60 2.7197517134383777
61 2.52850200475686
62 2.671252123452036
63 2.5481031208778373
64 2.6659610379943963
65 2.8851992206162063
66 2.5482796937563346
67 2.621637500386978
68 2.701385462143626
69 2.5767566715478902
70 2.6271757522904315
71 2.652820855459787
72 2.6516520752203663
73 2.548129879421438
74 2.519139174685235
75 2.6247355012079328
76 2.61168071118907
77 4.02601669490972
78 4.6361594724219195
79 5.067269751063083
80 6.815557149288712
81 2.7066050088609392
82 4.938616741732104
83 7.9170639840276165
84 7.003460420333031
85 10.599775864030136
86 5.42427231003116
87 2.7445735237514866
88 2.5530013523268753
89 2.7321763135806676
90 2.621098058369813
91 2.675935098255472
92 2.8752121390361873
93 2.753368023521564
94 2.7575225711137312
95 2.640106371634636
96 2.6723120851740583
97 2.6617059284237348
98 7.715829274203792
99 11.52215313005367
100 6.2966289985392105
101 2.69607735595784
102 4.1624086122571
103 6.004846368163402
104 2.7005002307735455
105 2.767196119275616
106 2.6836882503054262
107 6.072662417870933
108 4.803607207046219
109 8.68526872520413
110 6.697601819033267
111 7.44225479308612
112 8.665104729416557
113 5.687822382015114
114 6.830521575099341
115 5.608921513895128
116 4.962229662497747
117 2.657316077997319
118 2.7714499466829925
119 2.6235885395626735
120 2.801166977792497
121 2.703070964772837
122 2.679473249768793
123 2.7288898876720866
124 2.622906852267298
125 2.7589208201499296
126 2.718597156722633
127 2.539209551523403
128 2.504484557654303
129 2.692990468884121
130 2.7668394217360524
131 2.5886321087305575
132 2.6368793754916013
133 2.643489621760168
134 2.9110422528810083
135 2.576989840117256
136 2.623305405476896
137 3.0665782107216617
138 2.68736601943811
139 2.9891100102359225
140 5.904768323367193
141 6.392772455020395
142 7.980356223534564
143 7.477432528348515
144 7.068127138645498
145 5.613073472306696
146 9.475358589407618
147 11.80652364806442
148 10.353663484888427
149 8.161339939574377
150 9.653046783978105
151 11.726111237264446
152 13.714754381212634
153 10.655844840727042
154 11.121754274059612
155 11.060436054541256
156 12.768892597400242
157 11.918310283073334
158 17.130554725552155
159 12.351199146898292
160 11.85167723659207
161 13.06006546486989
162 17.969740421973196
163 21.298674220249087
164 14.852487309897642
165 12.87861826357806
166 12.12071749329479
167 11.367709750504215
168 12.950211601899053
169 14.517142367075726
170 10.103921009313789
171 8.087344817509212
172 8.85557902005424
173 8.796523420168846
174 8.339271562333526
175 9.968270967526761
176 7.786404327982213
177 8.207920410286933
178 10.071252864269228
179 10.035779194652383
180 10.61785660308011
181 5.094547999801986
182 11.56164407930217
183 8.886151084636369
184 10.134789595111979
185 13.29501681273805
186 9.735372877135791
187 13.701645167238611
188 13.634057675588656
189 12.346088975398036
190 7.193060204462218
191 10.71678008812947
192 13.769598796868953
193 12.200023709210273
194 13.700909395975701
195 13.286662626078243
196 11.17630008462102
197 8.70887372267875
198 12.278295633934361
199 12.688652020553596
200 10.277019755320362
201 8.744621869238278
202 10.004631164401252
203 10.03824549822543
204 11.602661115876302
205 10.432553026665904
206 12.728014311535567
207 7.167163187219489
208 9.552588027938853
209 10.343292820975023
210 9.299717562807652
211 9.929224392872488
212 10.075734858281942
213 8.056107578666063
214 8.326713839060954
215 8.539916450751504
216 7.906948384291165
217 6.445384414397919
218 8.064987922181304
219 7.733232186707241
220 7.7958298534636565
221 6.711400625364183
222 4.9591519706914235
223 6.80807648995674
224 7.736824861022236
225 10.730044289691964
226 7.791034212948583
227 11.194417441406141
228 8.739290010205911
229 7.626105795648699
230 11.374144772772963
231 7.89002407395914
232 9.953305740189677
233 9.922956526182581
234 8.149396997676797
235 9.736169188330715
236 10.758322174519419
237 8.46472313343132
238 7.1250812334036
239 9.754176152633564
240 9.848415842259444
241 9.52819209558949
242 9.33057396935941
243 7.9114708323724106
244 7.577122910615816
245 9.351142798290828
246 9.33181305778042
247 8.785777266471316
248 5.147141244220559
249 4.720080111919999
250 8.002749115627383
251 10.048095975387943
252 7.4548257788259225
253 9.493287126714907
254 8.842437253982618
255 11.131030531603152
256 9.272133583229218
257 10.135996727914346
258 10.386488256604128
259 8.940837916058891
260 9.457793350187963
261 7.304907582389964
262 9.419934075931305
263 10.33997469580955
264 9.92226068086438
265 9.581251196874286
266 7.178439138419035
267 11.38380457517283
268 8.636087568113542
269 14.733612700780458
270 12.367065358935848
271 9.978704644145086
272 10.04742843813487
273 9.022633193746776
274 11.466999664054342
275 11.973547838058826
276 10.051118175271194
277 8.242463521139134
278 9.58895352468403
279 7.986060357454998
280 7.194382646752615
281 9.124124657610306
282 7.950152583597627
283 10.33431552805753
284 6.516034896545066
285 8.632446451654928
286 6.021930989212926
287 8.136630913481284
288 7.9467378856887265
289 7.51369363373282
290 7.489474566026963
291 7.289152650208258
292 8.97232295097027
293 8.711216116287742
294 8.661651342841248
295 11.904253175068533
296 11.471895953928236
297 11.494721102940938
298 10.923838327905461
299 11.340513691525686
300 10.572092786032234
301 9.38590175263131
302 9.682061621711878
303 11.0038870759419
304 11.358599142489767
305 13.547255243870358
306 9.910848281221813
307 14.927142792422044
308 14.131531561893661
309 10.381609978361645
310 11.386756785815127
311 7.103098829485715
312 4.2014591013903795
313 8.442861337652461
314 10.75659920113191
315 9.631410562545675
316 9.59085638238688
317 7.486383372378124
318 19.800325816724843
319 10.10304622052495
320 13.11250610480086
321 14.365453051615196
322 7.937865358349139
323 10.067872277777642
324 10.961273571887752
325 8.11739147335635
326 9.574281998554804
327 2.623397568540253
328 2.687667858539773
329 2.739394406230167
330 2.6428990056809556
331 2.701398985562769
332 2.736436045241729
333 2.626051207647903
334 2.4764752620185164
335 2.584449790095996
336 2.5966887195613
337 2.698885964585071
338 2.6510873759337388
339 2.800257189464102
340 2.6484510040879585
341 2.6314929949694896
342 2.5138785166209328
343 2.5613043104981092
344 2.7984603934507493
345 2.714334258459264
346 2.5704420773447767
347 2.5954933318779396
348 2.6624607202233577
349 2.60720878514928
350 2.6375790586869816
351 2.5607641870134796
352 2.666565192960923
353 2.5371167581905656
354 2.7337613997894694
355 2.775262515735474
356 2.663990875360485
357 2.7467866732801425
358 2.5859294506600143
359 2.652332164223112
360 2.657103909027614
361 2.653761219681605
362 2.7288333629943184
363 2.6365896510406888
364 2.469842207164084
365 2.753121800010568
366 2.7678720897700795
367 2.8117124639801743
368 2.622602124825817
369 2.590052204768205
370 2.5287589104558275
371 2.682135877681928
372 2.707600923913141
373 2.514149317049198
374 2.6654045185787574
375 2.67225508561646
376 2.768217617592272
377 2.612700604994655
378 2.5995381383791316
379 2.650629134366477
380 2.6985587444569994
381 2.7235609052015226
382 2.748781377761518
383 2.6058518184744197
384 2.5652301718682082
385 2.6481322544741572
386 2.5820796162112862
387 2.5463630771043797
388 2.5986993633837914
389 2.8309661007861937
390 2.6179325921809418
391 2.624790537999947
392 2.978388934517174
393 2.6217338052448986
394 2.533083890411859
395 2.711408739106956
396 2.4633755621443463
397 2.6867549388167764
398 2.708706751124714
399 2.6289904970201308
400 2.817716873902469
401 2.703163410986082
402 2.6355645288446814
403 2.711882992219249
404 2.6162068003263275
405 2.7052350155903118
406 2.6942116902831654
407 2.621829975999138
408 2.612021439919243
409 2.600516530737118
410 2.6329260651508153
411 2.5993243974186426
412 2.85160895149433
413 2.5853032142074026
414 2.6567956875278784
415 2.6436243267579154
416 2.6759718755433184
417 2.651000663361577
418 2.7625128273331274
419 2.6701536166638387
420 2.6503152564000696
421 2.654662968894142
422 2.615512517742375
423 2.6213951811681855
424 2.7190867473110654
425 2.6863294147318717
426 2.6073530938391523
427 2.5640867797541205
428 2.578811433579884
429 2.739817434251639
430 2.731130525828171
431 2.590758666165427
432 2.6335965295077157
433 2.5948423304205126
434 2.6332183369836457
435 2.7009638191942886
436 2.6037004661694625
437 2.5639688400171132
438 2.5786557097792984
439 2.7496231025773987
440 2.8747343353643373
441 2.6713500077509873
442 2.612729856716475
443 2.8067875280328174
444 2.6350626166268305
445 2.615773329867273
446 2.7326924656240776
447 2.6918190043428454
448 2.629127947501375
449 2.626758258505932
450 2.640011620547817
451 2.5759214274463904
452 2.671364568089541
453 2.5851789630616575
454 3.2266491222554308
455 2.845551773550068
456 2.5828635887992197
457 2.713924069309199
458 2.5338221307454383
459 2.746061434683948
460 2.5862793242180553
461 2.625034146537167
462 2.831601161705298
463 4.365543358420575
464 2.6342996938057457
465 2.6736526634830313
466 2.7238985590380516
467 2.662395696257398
468 2.560450693427003
469 2.9872977767084397
470 2.557528101234046
471 2.707246776814972
472 2.6464146423257477
473 2.5599917486108006
474 2.7184557800388203
475 2.4440786259790968
476 2.6876527547464355
477 2.588291773223178
478 2.7389472375940396
479 2.730480195895977
480 2.629126449091924
481 2.555284129653308
482 2.670236822460642
483 2.498975482754298
484 2.635945788076154
485 2.4596578096430624
486 2.6306866439952623
487 2.7743634510994792
488 2.7935178808894077
489 2.765797790719406
490 2.596505992944811
491 2.8209965311107372
492 2.5283222115413784
493 2.560638014131086
494 2.684541623014924
495 2.6178351577078227
496 2.588203330064026
497 2.860018508583328
498 2.5631861873013007
499 2.812463063248192
500 2.5216050638654814
501 2.754662067063769
502 2.662381596625847
503 2.7664648256688826
504 2.665163204191857
505 2.6467557694956256
506 2.6171103961307742
507 2.727888852620674
508 2.7466673856401855
509 2.6525966657692215
510 2.5545581335303895
511 2.9497663122898654
512 2.5297933405981636
513 2.7436750189184034
