0 2.6735569403371575
1 2.7244522035747676
2 2.6521303598217165
3 2.805852521306367
4 2.7945450972713175
5 2.915633049301197
6 2.9544687219203
7 2.8733423230213795
8 3.306434518690762
9 2.864774193692157
10 2.8582368261014226
11 2.900846737293855
12 2.7814148541667256
13 2.817959520929426
14 2.857668893566097
15 2.899988855096344
16 2.7323601594157765
17 2.7356576103273444
18 2.655848700800646
19 2.766183139528824
20 2.788290847390635
21 2.722236659087826
22 2.8291078418253846
23 2.6572454483814463
24 2.7284841965980573
25 2.7605507624258796
26 2.959869078672722
27 2.6626368438704286
28 2.8685358223229747
29 2.907380682514073
30 2.7485169387166377
31 2.747316979827391
32 2.7269022601734845
33 2.81819066267432
34 2.7293629172893334
35 4.835830359298658
36 2.61533698344028
37 2.92187228292987
38 2.673124906576655
39 2.739047969699773
40 4.432826260675038
41 5.595915828394202
42 3.5578980268995752
43 2.7497143255229455
44 2.6989758158471453
45 2.8136507414340017
46 2.746179123429308
47 2.996393770920233
48 2.7285905192589275
49 2.8356638324863375
50 2.562399290661139
51 2.6452261922556084
52 2.7839220601584773
53 2.84005430854872
54 2.703123524676972
55 2.629018504814819
56 2.7681552213446503
57 3.9136540371688797
58 5.418271727379038
59 8.864693185463514
60 5.5525789169576205
61 4.331387960761709
62 6.68866672853434
63 7.170511935597149
64 8.359295926232031
65 6.888773026568408
66 6.281246428062995
67 7.186641696991062
68 5.8826225737936015
69 5.634346235440635
70 9.626948941548912
71 4.736140389876065
72 2.8180383022946063
73 2.872686854056319
74 2.6307443883087362
75 2.7262746461526097
76 2.712742601331662
77 2.7777312733713604
78 2.868985381337038
79 2.9137040700265797
80 2.9854742694418026
81 3.2401605487209038
82 2.861968618878131
83 2.9141396697474886
84 2.7691003056805252
85 2.8200121965856044
86 5.155656186932646
87 2.714915883357355
88 2.8999401327181014
89 2.82638949990562
90 2.8999870306806486
91 2.5792172330277
92 2.818953637361235
93 2.844999922191746
94 2.7266406950730757
95 2.7688506740416323
96 2.7616511916664153
97 2.6559708475051944
98 2.7046706339706255
99 4.5424646817775995
100 2.736725222398808
101 2.7364587686522834
102 3.2233159789067813
103 2.9819570732832985
104 5.300602288985844
105 2.899656107838682
106 2.7226866079910383
107 5.292190927076525
108 4.925366250601387
109 5.365023440491796
110 5.6989324539626995
111 4.502139072277248
112 5.3426649442509
113 5.3637613657845575
114 5.035972676078681
115 2.886974588511223
116 2.814517701240983
117 2.648746246879533
118 2.7493952727649833
119 2.9534211585728647
120 2.7572981983109814
121 4.8018726432136605
122 4.527851037606662
123 2.9406153805538353
124 2.7284379488163215
125 3.7238896395322425
126 2.7049755726837477
127 2.8372297515184033
128 2.7130343055112505
129 2.699926299121198
130 2.742408285745785
131 2.70126364303969
132 2.9235676328489486
133 2.8723163272440018
134 2.676343445538358
135 2.952335636257686
136 4.135440807366827
137 2.7113692243406575
138 2.8353956843667922
139 2.8255938400975893
140 3.0099412082794523
141 2.7753057436520425
142 2.8930622042100302
143 2.719484210964224
144 2.755618321643163
145 2.9813808302489724
146 2.9727579767172494
147 2.773364883626858
148 3.1450413687692347
149 2.8113599260689073
150 2.8116920241134173
151 2.909270918291996
152 2.9180182845801372
153 4.057732905630025
154 2.906636954537114
155 5.585545198658831
156 4.138637354282071
157 2.752867360291224
158 2.9110865003448647
159 2.672283495161323
160 2.9371503240005126
161 4.551968768591191
162 2.7956136435680943
163 2.869073639317353
164 2.83380983360903
165 2.769661377707178
166 2.8725829011378585
167 2.7198681508814255
168 5.000535804379364
169 4.504946827073894
170 5.19181964540469
171 4.754681844933062
172 5.3979914365430055
173 2.7174667374550054
174 2.5740761782996913
175 2.642985334938418
176 2.7738782746462145
177 2.7284141552274046
178 2.800604889327445
179 3.0212084598225037
180 2.661669022140078
181 2.7269422674638295
182 2.828710470368904
183 6.362376917037502
184 2.6580953112714263
185 2.738803954230322
186 6.823616807563917
187 4.897634269870045
188 3.121256601194837
189 3.1738762895157318
190 8.016035656830704
191 2.655942746664245
192 2.7455427212413315
193 5.086789740070891
194 5.074710307233674
195 6.391206982144212
196 3.0612178485232335
197 2.872352191450266
198 2.8323999920241176
199 2.786851305215094
200 2.8247937835793393
201 2.7598100756396398
202 2.866552178688418
203 2.773090879245631
204 2.786858300521888
205 2.7890835022963065
206 4.747425204911018
207 2.771133228830985
208 4.590688006342334
209 5.356897842792203
210 4.6963255003940745
211 5.574916331628369
212 4.93467974135815
213 5.558749368187923
214 3.182870727702909
215 2.7089755625690666
216 2.9662603828483305
217 2.846470149985525
218 2.842421487474903
219 3.0102908410857148
220 2.680125583054407
221 2.8306348997975843
222 2.914696337465938
223 2.7515255178334495
224 2.7807929555216098
225 2.9786244659734664
226 2.661544428183488
227 2.6712768151714763
228 4.925901708991291
229 2.750500474245598
230 2.753605855694843
231 4.6673443304921065
232 2.762266753660951
233 2.8457205635034675
234 2.849791837046552
235 2.7756545290535946
236 4.497349608335554
237 4.679641716837123
238 2.8173230020027074
239 4.823391661059846
240 4.5619088297814505
241 2.73124556586096
242 2.7474242617678244
243 2.8322883338518055
244 2.8837679332477846
245 2.7341668366620833
246 4.627437954402662
247 2.943109883881077
248 2.8461052846439276
249 2.8916941183642377
250 5.067037469690237
251 2.771432731668062
252 4.914132285138149
253 2.843117118465558
254 2.8962851755466272
255 4.671463637067013
256 2.9714858603918235
257 2.9396655473137927
258 2.797198602783461
259 2.775781658976242
260 2.8442736767671275
261 2.8340192214644393
262 2.704315989430224
263 2.7703294594230723
264 2.9444568480366287
265 5.287058340851763
266 2.81669286517611
267 6.17163426635872
268 2.834606384214705
269 2.885472638626003
270 2.6194321905071134
271 2.681988470664473
272 2.7101570305491767
273 2.695906051623907
274 4.728434205964177
275 2.7671399147227262
276 4.4840389897157245
277 4.810149160189046
278 2.9324960074466118
279 5.1362728299629685
280 4.210208234673214
281 5.1289503079041205
282 4.332338787570885
283 2.8792941699156183
284 6.3210693208042725
285 4.973633882263478
286 5.167911256444358
287 5.2723077487548595
288 4.792192146720457
289 2.7525651877887456
290 2.6559886618205666
291 2.874734067564092
292 4.840049768981511
293 2.747318160481879
294 5.712858947871516
295 2.8408257595709676
296 5.034656088874823
297 2.661709816021832
298 4.430185799846268
299 3.0598841642651875
300 2.7352697035043536
301 2.801424358126978
302 2.82606349154309
303 2.8039063396009634
304 2.9384330881619474
305 2.8183524761566576
306 2.7927992521094103
307 2.760845165807149
308 2.7224350874652505
309 2.957563105029671
310 2.736924931433272
311 2.870965613446817
312 5.454179923259428
313 4.7658837629019
314 5.617096547141989
315 2.8549753839969054
316 2.6396940440228
317 3.1431152362444106
318 5.429017907309127
319 5.330719786673817
320 6.774813351057684
321 2.6868688261534546
322 5.07593693395269
323 3.003974895081861
324 2.9418749101102444
325 4.607621946880185
326 2.7079681102063637
327 4.519544285330991
328 2.8506958553916197
329 4.9155134589698966
330 2.7056820086104567
331 2.708045068505244
332 3.5162901955302925
333 2.7593995219441365
334 4.74028212490621
335 4.814469777724599
336 4.89562030158201
337 3.069459850806171
338 2.8580638926911526
339 4.630955727465364
340 2.7928103938457647
341 5.924661019555539
342 4.879353143599913
343 5.273266067050791
344 4.712264096073689
345 6.501366679609399
346 2.7912940148945267
347 2.831212588203663
348 2.8649634848944037
349 4.944047945582223
350 5.048056788266808
351 5.47849234038674
352 2.8661511556396886
353 5.508834763407407
354 2.845753437776922
355 4.906858914443769
356 2.7685819561628424
357 5.279952652346664
358 4.852102832508336
359 4.863822227659259
360 2.93469222020321
361 2.7611590727009823
362 5.140035846088474
363 7.934558430938811
364 4.7522399589713995
365 4.764724631321434
366 5.662321189623552
367 5.188149277890145
368 5.516181945532031
369 4.978002333862145
370 4.681734226359916
371 4.206924098527828
372 6.178312459400805
373 4.923711156429052
374 5.639320287200159
375 5.795241426382509
376 2.7012706022756374
377 5.478747928833883
378 4.475408895791164
379 5.313354681058097
380 5.329190095824625
381 5.38156193360377
382 4.26840268780904
383 4.936249388053552
384 5.0737117901512905
385 6.693492202769885
386 4.026485186642553
387 5.151740073934478
388 5.553320785164729
389 5.706728352392824
390 4.276423882005021
391 4.99342808491694
392 5.318662060295446
393 4.824746974516635
394 4.841058907813136
395 5.549026838247807
396 4.980888634487861
397 2.8055049777500343
398 2.9160443530772873
399 2.735993423669383
400 2.9278348671166468
401 4.819042158492419
402 4.740518059838957
403 4.6023759657073615
404 2.7477112166659747
405 3.0661843688342416
406 5.697279162289449
407 2.696138941899294
408 5.716734988007256
409 6.855774382084839
410 2.752335218717997
411 2.788599216855716
412 5.101962831966951
413 2.8004972790478195
414 5.014254327605005
415 4.673038135909552
416 5.216553360551506
417 4.167969805444195
418 4.956676503421738
419 5.357959026942
420 5.298683335927546
421 5.430437351625426
422 4.977896620288968
423 2.7341339957329915
424 2.716788634606697
425 6.585450890977898
426 4.231309272105502
427 4.512988685205689
428 5.343744677023939
429 4.912101440865963
430 5.2406097194775185
431 2.934082244430489
432 2.93145240932064
433 2.810959203430676
434 2.657287426896474
435 5.111618102797661
436 4.717546511632733
437 2.8317980042341815
438 4.9459846934193
439 5.616706793599933
440 4.136856643218035
441 5.684790722272646
442 4.671978630500956
443 2.7055605317305877
444 4.361574370644451
445 7.44932600840003
446 4.825710648680917
447 4.980045532340948
448 5.472065972643983
449 5.6177379543542
450 4.773239869138668
451 2.7120774334550055
452 2.790864009087716
453 5.7053460394451365
454 3.2723786276212308
455 2.8988981687692577
456 4.363920352042665
457 2.9852529232493397
458 2.9061656070172903
459 6.653367408399285
460 4.64877536427868
461 2.8467936581430573
462 4.850940919371009
463 4.383757069062813
464 4.805099543405082
465 4.834595580282231
466 5.231186918953058
467 2.6396617407896503
468 2.7579139986076644
469 2.8537727917191242
470 2.8002192426451082
471 2.7589349564371086
472 2.725228835422704
473 5.835021977117901
474 2.81872828161506
475 2.8695842654651544
476 2.902967798570439
477 2.8769870392012367
478 3.0422936442313517
479 2.8635130391530206
480 2.7826926078890484
481 5.317231120033404
482 5.28929608738858
483 4.453088350508994
484 5.018348366867329
485 2.9429559288519895
486 4.600178778299296
487 2.7123855491612034
488 4.66591761067682
489 2.6098694806170557
490 2.860129712852372
491 2.7928957052720205
492 4.354746192308694
493 2.721977105964481
494 4.217721349910657
495 4.4931584093988794
496 6.225072674475014
497 4.802887700524985
498 2.714554741507338
499 5.783482668684827
500 4.9867222123484165
501 5.280975775810323
502 5.523718296659143
503 4.967841732566321
504 5.215571459233292
505 5.126158149753691
506 4.056034439896809
507 3.752246093639103
508 5.071651336045055
509 4.629169262152441
510 5.097238835638066
511 5.173690548474368
512 3.1420000565427197
513 2.7479383094981067
