0 6.498521590944621
1 6.656391275248067
2 6.825075143021424
3 6.6465740104368995
4 6.937024732563661
5 6.755564347366775
6 6.886095857684262
7 7.160038157184721
8 6.984095715337275
9 6.738545249502723
10 7.002144625128208
11 6.848610045422475
12 6.82983686473849
13 6.415158105463376
14 5.6412241176796165
15 5.396218580424969
16 5.589118269851658
17 6.161943631741091
18 6.771448570094792
19 7.143864749145312
20 5.730910551018506
21 6.331716959359525
22 5.652098997449974
23 6.088913671257114
24 7.0682447709664356
25 6.388834592070572
26 5.245544965650638
27 5.321619086353629
28 6.74375885915598
29 7.3182376708099985
30 6.453781376877563
31 3.2947942127265164
32 4.039741376903057
33 2.710554167215188
34 2.984031762140914
35 3.324034959372718
36 3.0755175037054006
37 3.038808316718604
38 3.1748067722822304
39 3.1422865794213917
40 3.476045911527918
41 3.573548524531717
42 3.306501779132
43 3.1305968177249364
44 3.1693937335594735
45 3.2264059017820346
46 3.0140699876230888
47 3.150850365698443
48 2.896471675374636
49 3.0994280093910587
50 3.2793292304554393
51 3.247700378203639
52 2.9235514701840066
53 3.525946266173155
54 3.2464726828141015
55 3.0865106127372783
56 3.1503000086829847
57 3.6454944191316883
58 3.469411154391395
59 3.4761103470947585
60 3.351125542342014
61 3.207410755520666
62 3.253264565390595
63 3.1895051776254277
64 2.9437954792246255
65 2.8940367057426846
66 2.9816639986095077
67 3.1763425177724685
68 3.32945695543422
69 3.325956910897842
70 3.1081967794669203
71 3.5753480616976594
72 3.4292731953725784
73 3.4152195429005716
74 3.0016429018498214
75 3.2927840753849353
76 3.512506206531073
77 3.4274227740283854
78 3.320623081105764
79 3.4122229753567983
80 7.108032188930983
81 6.395462467626779
82 6.419173685492895
83 5.370009038083821
84 7.348305232749445
85 6.146057223779309
86 6.352654502903862
87 6.322351523251171
88 6.156815815756732
89 6.524410873526939
90 5.997413650103943
91 6.800815307016123
92 6.306341379315085
93 6.470561577755746
94 6.370226823012282
95 5.794244750791233
96 6.3646917474386875
97 5.968567498070229
98 6.763749407554282
99 6.196564432743369
100 7.133150391765492
101 6.09833015993626
102 6.538328378014737
103 4.522226547506448
104 6.147395475566812
105 6.1801012419051595
106 3.7095489365424066
107 2.853276955226472
108 3.3368084147699886
109 3.2015432331274947
110 3.0589711143463805
111 3.5893234416904534
112 7.619355772946025
113 6.280171676267219
114 6.80232860258038
115 6.707493499804034
116 6.485536347039212
117 6.3245492257473
118 6.150770193080857
119 6.253603448745147
120 7.0062334675499045
121 5.761495880499369
122 6.214028167718781
123 3.1290185782225577
124 6.276738449342343
125 5.843132481792677
126 6.785690762928975
127 6.011578888665356
128 5.966943095821676
129 6.530100671226678
130 6.21925792617257
131 6.865717507705658
132 6.308862873165745
133 6.1715033325102215
134 6.567381081268479
135 6.871254772064342
136 6.322262932115806
137 6.254160935577603
138 6.017951349523985
139 6.124073151880007
140 6.605107425467364
141 6.528165661979349
142 6.780569593691448
143 6.97085760681151
144 5.443689879662373
145 6.508136230419349
146 6.38214498387768
147 6.17823318044382
148 7.485211783120119
149 4.990897626123205
150 5.999307930650421
151 6.064295013305682
152 5.024761532448904
153 6.741871284738759
154 5.073551231034676
155 7.034632842475756
156 5.985177685792112
157 6.13515179200477
158 5.904832412018644
159 6.664753421276607
160 7.102332176793975
161 5.610806195128362
162 7.014534114346275
163 7.319106233658101
164 5.074647980456389
165 6.590890966974234
166 5.817533233754239
167 5.772450082598885
168 7.299979999636043
169 6.711936343591776
170 7.06433508690649
171 6.762748429863581
172 7.249043030557862
173 7.367051206636334
174 5.609619768174249
175 6.657777387159702
176 7.394921286075719
177 6.454695027718044
178 6.514571627020449
179 6.793955037236256
180 6.5831217244712885
181 6.720742427099991
182 6.188154856366423
183 7.069617830794835
184 6.5328078718667175
185 6.7248180358790455
186 5.731206739329835
187 5.550226943649728
188 7.053343002368659
189 6.929730312151225
190 5.60284924991951
191 5.2133302317199215
192 6.670130723654406
193 7.525531903746218
194 8.078146348286465
195 7.342886605534144
196 6.415860031518623
197 6.943033836119091
198 7.394722582922229
199 7.308695950374119
200 7.143498738267822
201 6.872510312781941
202 7.289480543515273
203 7.14921897760355
204 7.520091953266374
205 7.468305644326143
206 7.31953595287884
207 6.550359109910904
208 6.7023670803035085
209 7.629458110085933
210 7.095145283916151
211 7.04500108328304
212 7.233168942986032
213 7.271244686694307
214 7.359583380934902
215 7.37807891877598
216 6.762889421070126
217 6.554756091353368
218 7.092560241221486
219 7.855444756048395
220 7.198767830641868
221 6.633701840115018
222 7.17654431606303
223 6.575983140329011
224 6.73924308905729
225 7.42264420847452
226 6.755665088462049
227 7.148543233637147
228 7.814126541217096
229 6.609940441295302
230 7.03482654547796
231 7.286491583158174
232 6.519616337976829
233 6.040619664879225
234 6.682226392415436
235 6.668897135142573
236 7.902356016268393
237 6.488676909870002
238 7.484670023692434
239 6.569917814332526
240 7.129847198652128
241 6.589914952841037
242 6.6448465848557365
243 7.750189019953638
244 7.3217128979873465
245 6.587210010127111
246 7.205238167281441
247 6.700629051800064
248 5.692700207103368
249 7.2836564186410575
250 6.361068546262569
251 7.3067898231387085
252 6.961102722282775
253 7.386584982557098
254 6.563487538501085
255 7.522770300122768
256 6.955985210062786
257 7.412073737616492
258 7.316234719351383
259 7.183134259682572
260 6.595758511527849
261 6.835619374676031
262 7.145248262338834
263 6.369708356270645
264 7.440619193707001
265 8.063372194861488
266 7.1095568403824005
267 7.091876305928482
268 7.4434795068482735
269 7.339314660881433
270 7.127968173317606
271 7.319741840116058
272 8.13712783509855
273 6.984436446751382
274 6.819546848535932
275 7.743577027265281
276 7.317998012707762
277 7.650771737027122
278 2.7123272046033158
279 7.431062566794737
280 7.525836061964816
281 7.140772217358584
282 6.954147893843618
283 8.171138827132522
284 6.996615404679201
285 7.156408846046495
286 4.150011535324847
287 8.205973989429637
288 6.778580343214139
289 7.370613740141539
290 7.558795820631201
291 8.033492711852677
292 6.848768457655172
293 6.793088730615309
294 6.831342502798971
295 7.842230541028424
296 7.584885043921893
297 6.772129012902031
298 8.078658571808747
299 4.178100900431356
300 6.435000094314626
301 7.261166208996131
302 5.951582196174593
303 6.932527549289693
304 7.481662794745989
305 7.372599009386948
306 6.408868626588838
307 7.8632572786827115
308 7.844897332817211
309 6.869373338970615
310 7.334152954808932
311 7.750371617216353
312 6.5636706312013855
313 6.888115113884826
314 7.117454476845862
315 8.466359513843571
316 6.9058407927078225
317 2.5814473708364747
318 2.6238763459423065
319 2.5096446314710232
320 2.7410914771264654
321 2.750715433128616
322 5.880322332234177
323 4.270484999574935
324 2.8008223849483054
325 3.3931998083247814
326 2.7205919556403195
327 3.4123546428165796
328 3.478863075561831
329 3.0399112855789294
330 3.1043902293856114
331 3.2138268193080397
332 3.0310718640387795
333 3.140569607581616
334 2.904382729186297
335 3.102097569185237
336 3.096546807066113
337 3.3757259844228162
338 3.1601790645371173
339 3.089359535676829
340 3.0158834491919486
341 3.30809221889026
342 3.156944403456515
343 3.7903496124168212
344 3.259086404241052
345 2.906776700222212
346 3.505840120154861
347 4.034902023071852
348 3.0504560151761373
349 3.243687920844535
350 3.316312503605104
351 3.472919937074697
352 3.2377855883864495
353 3.211999346945101
354 3.2115331920455787
355 3.330477022996759
356 2.861334471304859
357 3.592119973128104
358 3.4763748893503363
359 4.510124424737035
360 3.138565955084423
361 3.54268620628067
362 3.3165326297493483
363 3.488867338484242
364 2.8947800368379233
365 3.0360163367796082
366 3.2162531468272015
367 3.226825737561606
368 3.407917601788774
369 3.3839663023380395
370 3.3119155048165325
371 3.1136610602812196
372 3.1065706013468866
373 3.26204376636137
374 3.4552586284977616
375 3.3335398936325067
376 3.294241641221398
377 2.982777255478392
378 3.3185218973148385
379 3.0210973304442814
380 3.1811412483237382
381 3.291522608980196
382 3.3837452552109233
383 2.9943896418618623
384 3.3662382769195993
385 3.641197561969664
386 3.290333505096289
387 3.2830393217055307
388 3.3187298273194097
389 3.141624351198251
390 3.0507577542509554
391 2.8192081974470735
392 3.0093739689212917
393 3.183328763525201
394 3.3109231998171094
395 3.3867312391136717
396 3.33551699493197
397 4.007490265631136
398 3.566960263301513
399 5.767162330311097
400 6.034142167843349
401 3.1361004127598475
402 3.6529020417941744
403 3.307361645050421
404 4.24904308371446
405 4.40467670314746
406 3.2931885267645957
407 4.360033579602569
408 4.273949655735938
409 4.489503197099921
410 3.914111026465023
411 4.185838715342656
412 3.0752119925693955
413 3.219550022458974
414 4.361253584558967
415 3.299772665353931
416 3.1290555179719735
417 4.240286097781985
418 4.3375444744924865
419 3.4631862678912158
420 3.9592708671210257
421 3.5279279113171893
422 3.6577142644229284
423 3.7494302809006426
424 3.835657215968396
425 3.2501057040605312
426 3.897583962041602
427 3.3485503527456344
428 3.1993379381040308
429 4.081470788001086
430 2.8774308520217553
431 3.5923598892369277
432 3.3128040067320033
433 3.27112095247648
434 4.069810543321874
435 3.317979330600616
436 3.423326952104398
437 3.4713000447266498
438 3.234849596269019
439 3.332133360845769
440 3.5622239284668953
441 3.6199719331239035
442 3.410533823102385
443 3.507116321851209
444 3.6943774679206207
445 2.9618380446018966
446 3.546525898320969
447 3.8332742761767755
448 3.841319491231972
449 4.147925174371949
450 3.199255058231244
451 3.9085541638113668
452 3.2048021443709414
453 3.818085005140336
454 3.334256389163265
455 3.129186541136791
456 3.3433881973802158
457 3.1984233816092944
458 3.344256819420181
459 3.3440582706048665
460 3.471210632845262
461 3.0001926513397748
462 3.501709547776608
463 2.9248072514030263
464 3.45270803728296
465 3.4020778436074863
466 3.6445688832395837
467 3.307717847234909
468 3.601713739086145
469 3.1052335883672195
470 3.7106233322764637
471 3.896075291051113
472 3.637772698350619
473 3.4187406106933333
474 3.6577936511145586
475 3.1339268534663516
476 3.24925692618911
477 3.295687665072053
478 3.319454144174182
479 3.112944652975675
480 3.222010821343298
481 3.1372562703697895
482 3.0626832099691583
483 3.5649544980299592
484 3.4245906551879153
485 3.0529378374098797
486 3.0247473928951076
487 2.862025972188273
488 3.0817436436728656
489 3.1362860730468425
490 3.1667845123879994
491 3.2095899981535814
492 3.4463720664238613
493 3.152937754863796
494 3.291204397960515
495 3.0512652217330443
496 3.3547176125787037
497 3.1922064486820054
498 3.229799423650187
499 3.2772478609138416
500 3.2998293094056725
501 3.173733416866051
502 3.2285818569714015
503 3.336059172016662
504 3.6801114528613876
505 3.108101313700286
506 3.535630121670302
507 3.5724316539227714
508 3.663245989980915
509 3.316283971867799
510 3.359697371009832
511 3.3568576360215223
512 3.23384607666993
513 2.9582955317635125
