0 3.8872345989499593
1 3.76862675611724
2 3.8170847136903507
3 3.8763705262236683
4 4.075129171848806
5 4.327491305031109
6 4.43116377652228
7 4.734701775952194
8 5.268394074504462
9 4.864580268643763
10 5.610348145136164
11 5.452194615618977
12 3.7371802454928167
13 3.1147479208136817
14 2.9695363488065305
15 3.5504830871571693
16 3.0581431461146833
17 2.7099714078572053
18 2.819354420900146
19 3.6908496249083607
20 3.0695330845896285
21 3.3224824905454144
22 2.8419926014487182
23 3.534761472900807
24 3.15307772584651
25 2.9028107495622897
26 2.9023853273344202
27 3.384735532123819
28 3.389598875611511
29 2.9804716357681236
30 2.813307881931252
31 2.746000160756832
32 3.019289270672769
33 2.7770684908732077
34 3.3619898122437166
35 2.9508868144670743
36 2.8345322424230104
37 3.0715816563071656
38 3.0197665055906686
39 2.772132043368244
40 3.2323486334148854
41 3.005285681903214
42 2.8438648499881163
43 2.937411221154492
44 2.875472984872565
45 3.1251375456949666
46 2.851529349676247
47 3.416088809810228
48 2.637826642838039
49 3.032807512701232
50 2.8982444042609226
51 2.979419714405975
52 2.905337336415036
53 2.8712465716674003
54 2.898910914270396
55 2.907181548914492
56 3.0051615951561317
57 2.698664894712747
58 2.9227101096781944
59 2.638736481660205
60 2.81605581455063
61 2.73294026132053
62 3.041385559820031
63 3.658490821019375
64 2.9080607337360367
65 3.172259546096201
66 2.8335007896231437
67 2.832797887167481
68 2.776259983801592
69 2.71534328488855
70 2.7859896451842383
71 2.9697247175337878
72 3.296073856158686
73 2.8612117880038133
74 3.4243593530969285
75 2.8382893387664914
76 2.857740515187489
77 2.669377502597863
78 3.014743472208076
79 2.919834886379785
80 2.889451600955512
81 2.8941996184746257
82 3.093772257368257
83 2.7984344856807977
84 2.6322795590721006
85 2.7167180647139664
86 2.996578699199056
87 2.867142443807799
88 2.829386640368277
89 2.874194775331443
90 2.831214482264868
91 3.013021784461992
92 2.863778645944872
93 3.0170032458739717
94 2.9137815293724585
95 3.1895650019803634
96 3.2115554484962914
97 2.7081993221369083
98 2.9577744458444766
99 3.041223977309974
100 3.002548861932449
101 3.341451268987483
102 2.884545533850932
103 2.816009829926687
104 3.5214688672703733
105 3.0414049589691534
106 2.7810663549198114
107 3.2307497209236753
108 2.678877923047026
109 2.925743084030105
110 2.903062985293596
111 2.853478845066192
112 2.8280917517204993
113 3.328510583759087
114 3.8994722277674425
115 2.8180873798633774
116 2.9019515823534174
117 2.6986753166594672
118 2.7914113726502516
119 2.841855628304014
120 2.6830664154428687
121 2.7876512233466784
122 2.877885711271845
123 2.8934177873646316
124 2.860467679032183
125 3.000706479480288
126 2.727177481890479
127 2.7826011032467006
128 2.9863818301275247
129 2.966017401988845
130 2.950852590802621
131 2.862594212540223
132 3.8642972833415787
133 3.1221454497229524
134 3.0277872685187592
135 2.869526942679532
136 2.784538041288994
137 2.8370672436135402
138 2.8430863876684436
139 2.840964583306527
140 2.880523504502156
141 3.101680448065436
142 2.708022757721755
143 2.9498950197844724
144 3.0232280544438868
145 3.2010577662476134
146 2.836402744664107
147 2.8694720228054416
148 3.0812842168536223
149 2.9671738925598334
150 3.0791931163817314
151 2.7775014973363956
152 3.358059355818233
153 3.0238860505544163
154 2.8071732318832185
155 2.7763000398688735
156 2.9127357912926537
157 2.8206936979751296
158 2.9703595157066682
159 2.7504554366937075
160 3.3510775818251015
161 2.752084725360905
162 2.9786969035930944
163 3.0428815366323887
164 2.9619192948934434
165 2.990835735699441
166 2.7800712227896103
167 2.8908188327300737
168 2.985632682277707
169 2.916782097998572
170 2.684839206475148
171 2.7482467917599904
172 2.9089628273652806
173 2.915081559113859
174 2.868268023600597
175 2.7030788207589627
176 3.239825336347608
177 2.8397984156760865
178 2.8296378122801813
179 2.9837345648129316
180 2.964879335181669
181 2.7796979688481454
182 2.88993187650189
183 2.9069155778237548
184 2.8623365201713495
185 2.698947348319099
186 2.941427395575221
187 3.0160601563748233
188 3.1720083654104227
189 3.0058719125950852
190 2.652339192200102
191 2.880077729375987
192 2.7622941445828766
193 2.8044288719771053
194 2.8604251069510203
195 2.7935894312145657
196 2.8075570909065077
197 2.6722864298776052
198 2.806565192701719
199 2.6749806852607976
200 2.8254029316152236
201 2.8141353918202463
202 2.6586011989435354
203 2.8986577015101065
204 2.8177234454507833
205 2.9182450967952107
206 2.934728465714387
207 2.758781167080751
208 2.7608018690389553
209 3.038492648109687
210 2.935840742679921
211 2.7787161773664253
212 2.8301094210788103
213 2.967779625062217
214 2.992807659609002
215 2.7651517154005743
216 2.7581144616112074
217 2.6959116978141466
218 2.64588070978873
219 3.0149770227821753
220 2.6467640413692366
221 2.767652120185505
222 2.638591993962739
223 2.759969858157737
224 2.750510550782563
225 2.746807275376116
226 2.7282523913570134
227 2.9806194708120284
228 2.726354865825261
229 2.700406723970951
230 2.8090725132253014
231 2.795772884973356
232 2.899042324372768
233 2.8234534099061173
234 2.7379490899354106
235 2.8029655480025677
236 2.835948669947956
237 2.744126444965342
238 2.8569964311672087
239 2.7175469610678644
240 2.923583450467279
241 2.7004400828185493
242 2.772106135567256
243 2.7902026955262147
244 2.7930834737913623
245 2.7976687511962877
246 2.7194179944036603
247 2.8461479477744485
248 2.7872800338420314
249 2.720006322148133
250 2.789408126694444
251 2.7927452973683096
252 2.854932677829147
253 2.809643230067543
254 2.841939222719958
255 2.832497758697218
256 2.6818822856570677
257 2.7552811819587015
258 2.8823820266868383
259 2.6739691001798325
260 2.920935128893592
261 2.790009451819473
262 4.286120628293089
263 2.9174559041359767
264 2.893287898498129
265 2.7214208012684757
266 3.033684606084996
267 2.8461551713163615
268 3.121026491691255
269 2.906146075343229
270 3.0297318733721923
271 2.9553057758887764
272 2.770561572703039
273 2.951100358137983
274 2.6975692812501064
275 2.874400821761702
276 2.969295701173876
277 2.8624004473799682
278 3.8689036911239683
279 2.691296974114997
280 2.793508285169116
281 2.780025597869632
282 2.7016285682778958
283 3.1675270853339095
284 2.8287512485296786
285 2.8814523873665556
286 3.7277621298235624
287 3.322970260256678
288 3.2199339746884297
289 2.6871238926350207
290 3.267608296605857
291 3.076982992728158
292 5.470045929024674
293 5.140000192501202
294 5.670382771513299
295 4.075598615635304
296 2.7855526254548746
297 7.585498108206202
298 7.0891012018231985
299 3.7570796859036424
300 5.255077633217851
301 2.7184610806916303
302 2.7821545718654246
303 3.015378911227611
304 4.315151385808776
305 2.8180135438999887
306 2.7578515886776356
307 2.975221751522809
308 2.762248216235913
309 2.9691751548934513
310 4.977769221482264
311 4.138617103011083
312 3.2175307029958193
313 4.055336325302186
314 4.50649341378197
315 7.5847949330881335
316 6.230303421777315
317 5.493521437523909
318 5.2487175483080435
319 6.175828762179424
320 10.92362427777657
321 10.164342309486962
322 9.478148611812887
323 6.842224195621488
324 8.755660884269123
325 12.070533358390671
326 5.720512142833549
327 6.42218784775169
328 5.991288525437578
329 5.9137230682759006
330 5.4394734832399925
331 6.082440340693718
332 5.465452321483665
333 4.819753901369264
334 6.193734229226394
335 6.041885054158047
336 5.276230326749166
337 5.528690445373634
338 5.5801154375667315
339 5.253084415743456
340 5.202455367087332
341 5.90941108642752
342 5.283707794191447
343 4.58236429023958
344 5.726486477420347
345 5.751892654657169
346 5.082247257133323
347 5.758689242205268
348 5.2267565812205
349 5.401822004604444
350 5.0179924978692
351 5.285984040314555
352 5.499552090083882
353 5.2005311480454
354 4.716603061489937
355 4.237901262464832
356 5.346509755690161
357 5.082879224049891
358 5.284687421975678
359 5.637699017825255
360 4.35571601437073
361 5.629913112249978
362 5.660999035699776
363 4.581559699407515
364 3.6933348026208765
365 3.871846534396348
366 4.946642676869747
367 4.475367252219478
368 3.949841530617753
369 4.91115202605353
370 4.811552236112601
371 4.635599839819183
372 5.147495521550252
373 5.025025137980153
374 4.760247260593425
375 4.439285201858009
376 4.401368158388179
377 4.762313981685203
378 5.211588265022281
379 4.256954394087413
380 5.653131944830797
381 4.405568102232256
382 5.398582801764903
383 4.56532752111916
384 4.819536395358687
385 4.147736630612558
386 4.068241982443544
387 3.8660401748650193
388 3.4008070670638646
389 4.041623962992916
390 3.7520387718250703
391 4.597712855398065
392 4.704259092646608
393 3.258037335238055
394 4.564387541116719
395 4.605226343494839
396 5.093310866139661
397 6.1881755386080135
398 6.125726247283764
399 6.947151272199179
400 6.820998103581152
401 5.984896687568271
402 5.903268936443892
403 4.467743070610691
404 4.934973102407192
405 4.499013689673547
406 5.49582633012017
407 5.723210116027442
408 4.375603011410312
409 4.026366944840654
410 5.295195270569918
411 4.680269114335596
412 5.470082900739494
413 5.136938378399265
414 3.9840985649096803
415 5.016594885635347
416 5.957328777667459
417 4.695013266372694
418 5.353761080022315
419 5.60818013806535
420 4.695554610240144
421 4.990200133195473
422 4.9207373567052635
423 5.32440720948146
424 4.790551198258874
425 4.970360089053234
426 4.948442434775043
427 5.01553126224386
428 4.660860103788808
429 4.950482481577307
430 4.997349656026107
431 4.8072908280392035
432 5.588044047183392
433 5.244772781376464
434 5.498081765634746
435 4.99241899492206
436 4.478423742552404
437 4.733259795002888
438 3.664598703414546
439 4.8069400680200385
440 4.795524630678091
441 4.366218011002437
442 5.650554036562587
443 6.205750735582178
444 3.772630448900287
445 5.635452228042095
446 4.657031946931722
447 5.249572322401633
448 5.789035098324893
449 5.046678950282488
450 4.946056783035039
451 5.159176762566744
452 4.301350232066176
453 6.074219731952005
454 4.34054018243022
455 4.548737213503475
456 4.629352461203441
457 3.824487252842044
458 3.4463394796152707
459 4.4785062938968885
460 4.099917217097421
461 3.903469649679096
462 4.2126579847241405
463 4.882494862112688
464 4.201389281592558
465 4.135596910286001
466 5.10598349870537
467 5.930464022564681
468 5.862406674410058
469 5.121906408923905
470 6.1796918438211845
471 6.064059751221843
472 5.631636507166322
473 5.6276276774574585
474 5.25433787950553
475 5.5616732273701555
476 4.572816995415532
477 4.401096444114894
478 5.69102114667418
479 4.959541857827913
480 3.9353258518612475
481 3.9027728499289163
482 4.982270872630224
483 5.374039508763589
484 5.020878024862408
485 4.328047268339492
486 5.753450851222833
487 5.4994082102327155
488 4.939438599323469
489 4.773943782368319
490 4.529074326828625
491 5.141984444583353
492 4.171265460559755
493 4.103796674496149
494 5.989429308772373
495 4.2912740560449585
496 3.894877555946618
497 4.807303226447857
498 4.6113585488272815
499 4.313143891336667
500 4.205335104181278
501 3.8502711615407907
502 5.238762639413624
503 3.7709944602666488
504 3.6699658698448494
505 3.5534065834016597
506 3.8868240512965087
507 3.725034450195776
508 4.054773393376014
509 4.071294893080009
510 3.657475568483682
511 3.245854505336394
512 3.797058878952377
513 5.241701632504358
