0 3.1546443518528484
1 2.8891156383819734
2 3.005134051768805
3 2.846801037634132
4 2.774100891381015
5 2.5761197226448007
6 2.6838325840035355
7 2.6023226401771056
8 2.6266391330017913
9 2.705020507933754
10 2.5780003333971644
11 2.6060350782732495
12 2.7327274030148176
13 2.553962270232757
14 2.777396099662681
15 2.63773400278061
16 2.6460833700458073
17 2.781985479704712
18 2.6744602588741087
19 2.6481842324639815
20 2.609054319363693
21 2.7092247517269743
22 2.60395835003226
23 2.634449498032519
24 2.5912183707866325
25 2.470893650624863
26 2.7974411733443736
27 2.52015743373417
28 2.759300532762612
29 2.6505567526008402
30 2.6648124580478254
31 2.7829098669723367
32 2.5301031378395797
33 2.6369554272014044
34 2.5577888201917247
35 2.596157188521967
36 2.528071620738249
37 2.6100431652427276
38 2.523923180176597
39 2.6110405259714615
40 2.622508062879725
41 2.774631891721642
42 2.6554771511114867
43 2.6602936172092875
44 2.6965781544984537
45 2.60961871367303
46 2.620785822423036
47 2.582152780315298
48 2.668117671422872
49 2.6709475935021754
50 2.6268170401409043
51 2.537668483998836
52 2.6048293229094015
53 2.5062567932499555
54 2.5799167947340487
55 2.6614024387298936
56 2.5783851113186884
57 2.7378083726219296
58 2.552940169524276
59 2.6683310445967026
60 2.7058609697942093
61 2.812471075755721
62 2.7385896325302506
63 2.555837409877653
64 2.6093186854866346
65 2.5833952191042893
66 2.7137967903298184
67 2.6239737541541874
68 2.6542621037239975
69 2.644516094168759
70 2.6032944995534346
71 2.569308684972343
72 2.708608157450565
73 2.7211880659546726
74 2.6722590203054652
75 2.664324138730907
76 2.591492561510786
77 2.6846461446904364
78 2.5478772275619153
79 2.815611556291293
80 2.5773861626342818
81 2.7507600068616433
82 2.739688908323153
83 2.6715563263199127
84 2.684113226770305
85 2.656473743917779
86 2.695530028612296
87 2.6591166430971893
88 2.5315700966213055
89 2.6540236006232694
90 2.6941328613839346
91 2.6041549030342646
92 2.731508365889314
93 2.7193373835807324
94 2.5574797568699332
95 2.6241709510541633
96 2.7463221150313664
97 2.652239704480138
98 2.663410522920929
99 2.5660677328074426
100 2.696334495145822
101 2.6349651956284856
102 2.733889027268641
103 2.628738595459023
104 2.5515353730098997
105 2.625212764814128
106 2.5840838090000977
107 2.653610535492635
108 2.6966668115321477
109 2.544062411689894
110 2.6849921090563127
111 2.5854543020791505
112 2.6652599527241696
113 2.647027993208308
114 2.5115114783752506
115 2.5920076859047354
116 2.579270156877507
117 2.6546940817971363
118 2.5338411385949073
119 2.754644620991768
120 2.636224388895343
121 2.6462704429249544
122 2.484575192890589
123 2.6456192528907376
124 2.644850668401586
125 2.769316652562665
126 2.636516843501108
127 2.813741101078175
128 2.7202938698158317
129 2.7802148478512043
130 2.9874510190426586
131 2.699977623989261
132 2.675790742990873
133 2.7014350731908325
134 2.7791439882923727
135 2.6892790448669808
136 2.826446433359213
137 2.671946792342838
138 2.581247974493594
139 2.8912471909861424
140 2.629895684308064
141 2.5917982861743916
142 2.584217896474194
143 2.779027015137309
144 2.7008248002566804
145 2.5443650230040364
146 2.590160740940738
147 2.572467433285979
148 2.6604751779781113
149 2.75099604210823
150 2.561361365877904
151 2.6460897108292984
152 2.690245265135694
153 2.598245793264561
154 2.58398373606899
155 2.867441145208025
156 2.625871600404938
157 2.6089912137345066
158 2.6282394189769476
159 2.7362146697747973
160 2.5719530912376785
161 2.641331486757987
162 2.4841195400442047
163 2.7068311929435387
164 2.6644261520845944
165 2.615359711909285
166 2.5698441726948906
167 2.618085298024213
168 2.6182814344372156
169 2.567475868220197
170 2.884028396162557
171 2.463021004053624
172 2.5961642045667186
173 2.8544918742340384
174 2.632690616541021
175 2.5811244018413007
176 2.592671119455612
177 2.778537314706645
178 2.6439117038161366
179 2.6836173465282593
180 2.5720782447314
181 2.710448723457476
182 2.6772665538629803
183 2.6736917532490803
184 2.5017549089919915
185 2.573580281209839
186 2.6170413967697463
187 2.745181099190776
188 2.6015861283714625
189 2.4947715830407144
190 2.5237576697197874
191 2.7010346785745383
192 2.7825473650117996
193 2.5477103552984723
194 2.5846815327240105
195 2.706120498232047
196 2.7435766045097485
197 2.5771415016043084
198 2.5701052484968185
199 2.6282682288176313
200 2.6077875777431934
201 2.571057124480664
202 2.5274052795081348
203 2.76105270745301
204 2.7230110317268865
205 2.584084628341535
206 2.7427951311870187
207 2.767539615507147
208 2.7450162605516852
209 2.768960923464698
210 2.6315135943472034
211 2.7579339141363293
212 2.6272637275144195
213 2.5805950572542278
214 2.5979381512205744
215 2.5460850827556167
216 2.672538113937352
217 2.780478576863947
218 2.6012473391503073
219 2.7257813338434813
220 2.6477282703342917
221 2.8597049301924415
222 2.8752628658823243
223 2.765201402950058
224 2.5724784670261553
225 2.735693206995323
226 2.5562997902169977
227 2.713253294423867
228 2.626007936239217
229 2.6790077559047867
230 2.692391716435119
231 2.6656483099583546
232 2.6332135333925546
233 2.617060994371427
234 2.5279763990583772
235 2.7330635848363998
236 2.854622341452562
237 2.668316062956046
238 2.4997344718923595
239 2.6082125943866514
240 2.6572913434797667
241 2.768077753012828
242 2.781259262866581
243 2.6201295301595344
244 2.5879447195662406
245 2.5771854061857296
246 2.677644406831211
247 2.7012956774727788
248 2.6741963088812595
249 2.6376303531690803
250 2.6211130884914615
251 2.5683458390696225
252 2.6588906365111367
253 2.5612955074860433
254 2.7031695811880647
255 2.623663715950897
256 2.666887242610713
257 2.778586401761366
258 2.5467462025389307
259 3.057625569444629
260 2.6059420567070526
261 2.595410758168255
262 2.505074873930018
263 2.5738378422119697
264 2.8582017160782898
265 2.5604522590194
266 2.6321616440483697
267 2.5692368213442687
268 2.6212817889389037
269 2.5386718295601995
270 2.634913374931092
271 2.724024638650212
272 2.7085860523076333
273 2.7893256862316744
274 2.590439768915984
275 2.578678371855357
276 2.644920012822958
277 2.501152006403845
278 2.559188787575198
279 2.588270069914963
280 2.525804991595131
281 2.671982796779582
282 2.647609613859287
283 2.6270345063239624
284 2.568740636305563
285 2.4920572557373752
286 2.52761771898479
287 2.7210839499164607
288 2.480694943946023
289 2.6835680494462077
290 2.555910730782146
291 2.5623481862150252
292 2.878842641921615
293 2.633147986032496
294 2.5277722047983717
295 2.784397714348615
296 2.686892935895267
297 2.5641710726669777
298 2.7916534799398587
299 2.571251342118992
300 2.6343067852251885
301 2.719340856096803
302 2.6521811982861507
303 2.6168461376196133
304 2.535619480641562
305 2.631519223581431
306 2.560368561973798
307 2.5891408914019625
308 2.545362155107468
309 2.596120411598834
310 2.5724369357853094
311 2.5229775124357654
312 2.6328846388520857
313 2.685180984242689
314 2.6725863872521005
315 2.6991805144763177
316 2.6817248319332614
317 2.635040371309205
318 2.574465595219664
319 2.7300456260469153
320 2.6425662162746177
321 2.80553285903938
322 2.5228369167653235
323 5.370490170447564
324 2.5806926738273313
325 2.672419578333069
326 2.7133602783616317
327 2.5797455907440927
328 2.617599306053359
329 2.6936158273352087
330 2.678655738686982
331 2.8667920868585033
332 2.96870534462895
333 2.6433825903589163
334 2.667089499289021
335 2.6791540080146423
336 2.5509875888527427
337 2.528700956238071
338 2.629064774503498
339 2.7150301885117294
340 2.628121697006379
341 2.580351840926783
342 2.6181921828250823
343 2.848927332199191
344 2.648394321437299
345 2.587220342054588
346 2.595138581545234
347 2.6734418213846642
348 2.5741225067109683
349 2.6292719436708856
350 2.6698605291666313
351 2.5147685911272166
352 2.5217541553394556
353 2.6475908737426064
354 2.5660226854443797
355 2.649957369554263
356 2.6527289341929636
357 2.6606541821668497
358 2.688160848372786
359 2.6755271641381095
360 2.5584809890983227
361 2.5135758295413377
362 2.656346552589934
363 2.5998785543557625
364 2.6412878143854877
365 2.8001741132700757
366 2.5054408236107246
367 2.8099970030369508
368 2.802911169230134
369 2.5916808865834096
370 2.7023388350086543
371 2.7065594885225996
372 2.7664529855865996
373 2.8096633832830245
374 2.760773876825041
375 2.634041406457665
376 2.6925333345924165
377 2.542932365661976
378 2.597582991791682
379 2.673126029792591
380 2.586206192417321
381 2.5987327405895355
382 2.5226670760404906
383 2.6736042872982555
384 2.583105643697209
385 2.6403559260694593
386 2.6579984078721033
387 2.5813985637389116
388 2.511686563138033
389 2.596424384106722
390 2.722945362412533
391 2.614644527010539
392 2.5607442653280814
393 2.6047160431997867
394 2.64520559228243
395 2.7860577858720146
396 2.666471257116321
397 2.6771349999870235
398 2.622455786855368
399 2.76037203362334
400 2.726826540010524
401 2.6035371888534997
402 2.6861089185654112
403 2.689670247455205
404 2.6591635230128516
405 2.606909018772712
406 3.0902985080001177
407 2.562419312597705
408 2.6158227574460997
409 2.6518621757019383
410 2.590201319440794
411 2.6052233663942936
412 2.669516580447622
413 2.6599591723074654
414 2.7301661147044842
415 2.5560310764193477
416 2.5980226864881257
417 2.6100376932045193
418 2.703213018838055
419 2.925335766461106
420 2.670919844416936
421 2.7730768604559124
422 2.7007174411443313
423 2.5768178673134736
424 2.5768302112996246
425 2.8749921671920817
426 2.807294469160396
427 2.657906363461749
428 2.6021661844485546
429 2.600456294998717
430 2.630509037125115
431 2.817709769443065
432 2.681594717905074
433 2.6902972860707024
434 2.5094142853934343
435 2.6925172177882444
436 2.5757283638900024
437 2.6509879394909976
438 2.6256961802483674
439 2.7522967172540467
440 2.68411731791941
441 2.6830059846037804
442 2.666694425953412
443 2.7009002080995708
444 2.6255901895052713
445 2.6691786087813787
446 2.6462832366831974
447 2.5686380642638795
448 2.6388875763500623
449 2.6758418607630494
450 2.5772197594419346
451 2.618291343602147
452 2.5965673571795134
453 2.622170445004004
454 2.561673527645126
455 2.530968834670348
456 2.5605225621120336
457 2.716904647953837
458 2.6426528984873072
459 2.627150664356686
460 2.6665046037509983
461 2.6701466651526427
462 2.861477791779058
463 2.6421029177752455
464 2.555926226201
465 2.636515347685709
466 2.626717068390183
467 2.51889655291751
468 2.7199347604081456
469 2.4772087152603994
470 2.6167924245986596
471 2.6735684978802983
472 2.8029367325745627
473 2.6011355815256554
474 2.6019357620385772
475 2.7393535452603084
476 2.535850288749734
477 2.8612531943691217
478 2.692804054912286
479 2.7240379843754843
480 2.6602642942946457
481 2.589188870728219
482 2.5856947998756974
483 2.5964735429859447
484 2.5692366399661766
485 2.62138920004342
486 2.6778664463565462
487 2.612219525418741
488 2.6604655504240178
489 2.6690797253786367
490 2.6403195392706693
491 2.5739208010475823
492 2.712449029906764
493 2.6071933365710738
494 2.5993024319950857
495 2.755289979333457
496 2.740586219770882
497 2.696913016547257
498 2.792685541648083
499 2.483954329465789
500 2.7067440211074443
501 2.5559508554321706
502 2.633967827824582
503 2.5725790700927504
504 2.5616255720049943
505 2.5666648749325396
506 2.5386947089744947
507 2.4982371614558287
508 2.7287608643324424
509 2.634169587120419
510 2.7060499983953332
511 2.8468113897551124
512 2.5893956173998265
513 2.5835749368720307
