1 0.20385974645614624 0.06900294125080109 0.06900294125080109
2 0.5871649980545044 0.1348268836736679 0.1348268836736679
3 0.6586684584617615 0.16488754749298096 0.16488756239414215
4 0.7012935876846313 0.22131949663162231 0.22131949663162231
5 0.8072066307067871 0.30328652262687683 0.30328646302223206
6 0.8264194130897522 0.2897031605243683 0.2897031605243683
7 0.835158109664917 0.288796067237854 0.2887960374355316
8 0.8333713412284851 0.29575228691101074 0.2957521975040436
9 0.8159579634666443 0.28624218702316284 0.28624215722084045
10 0.9335730075836182 0.3691721558570862 0.3691720962524414
11 0.926483154296875 0.370388388633728 0.3703884780406952
12 0.9227598309516907 0.36960700154304504 0.36960700154304504
13 0.9422609806060791 0.36556777358055115 0.36556780338287354
14 0.952217161655426 0.3760744035243988 0.3760744333267212
15 1.1862154006958008 0.5534548163414001 0.5534548759460449
16 1.2545826435089111 0.5804851651191711 0.5804852247238159
17 1.2617295980453491 0.5659415125846863 0.5659414529800415
18 1.3226702213287354 0.5963113903999329 0.5963113903999329
19 1.305920958518982 0.5511203408241272 0.5511203408241272
20 1.6761703491210938 0.9550917148590088 0.955091655254364
21 1.981641411781311 1.1785155534744263 1.1785155534744263
22 2.2616138458251953 1.4368106126785278 1.4368106126785278
23 2.193073272705078 1.4391167163848877 1.4391167163848877
24 2.2587976455688477 1.4366134405136108 1.4366134405136108
25 2.32672119140625 1.4997369050979614 1.4997369050979614
26 2.3691916465759277 1.5213814973831177 1.5213818550109863
27 2.390284299850464 1.5458868741989136 1.5458868741989136
28 2.333745002746582 1.417279839515686 1.417279839515686
29 2.2793405055999756 1.3864028453826904 1.38640296459198
30 2.4154410362243652 1.5457167625427246 1.5457167625427246
31 2.513866424560547 1.6166068315505981 1.6166070699691772
32 2.452584981918335 1.6051287651062012 1.6051286458969116
33 2.4357590675354004 1.612091302871704 1.612091302871704
34 2.5379104614257813 1.7472779750823975 1.7472779750823975
35 2.4176948070526123 1.607800006866455 1.607800006866455
36 2.521634340286255 1.643428087234497 1.6434282064437866
37 2.5065410137176514 1.7305268049240112 1.7305269241333008
38 2.57448673248291 1.7049139738082886 1.7049139738082886
39 2.6247658729553223 1.8150568008422852 1.8150568008422852
40 2.545558214187622 1.6900814771652222 1.6900814771652222
41 2.622244119644165 1.8154593706130981 1.8154594898223877
42 2.5602147579193115 1.7329638004302979 1.7329638004302979
43 2.5992579460144043 1.7781637907028198 1.778164029121399
44 2.6139416694641113 1.7762012481689453 1.7762008905410767
45 2.585991621017456 1.7850273847579956 1.7850273847579956
46 2.759305477142334 1.9052224159240723 1.9052224159240723
47 2.546703338623047 1.726415753364563 1.726415753364563
48 2.519083261489868 1.7772830724716187 1.777282953262329
49 2.5713751316070557 1.7844877243041992 1.7844874858856201
50 2.568089485168457 1.8421884775161743 1.8421884775161743
51 2.623624324798584 1.8294847011566162 1.8294847011566162
52 2.5537264347076416 1.7359341382980347 1.7359341382980347
53 2.5658254623413086 1.7192163467407227 1.719215750694275
54 2.46868634223938 1.647567629814148 1.647567629814148
55 2.434913158416748 1.703055739402771 1.703055500984192
56 2.5087568759918213 1.7144086360931396 1.7144086360931396
57 2.7480051517486572 2.0076682567596436 2.0076682567596436
58 2.5851166248321533 1.72975754737854 1.72975754737854
59 2.7602508068084717 1.9876773357391357 1.9876770973205566
60 2.8456990718841553 2.1291816234588623 2.1291816234588623
61 2.8321378231048584 2.067624568939209 2.067624568939209
62 2.756666660308838 1.9797112941741943 1.9797112941741943
63 2.7951862812042236 1.9655530452728271 1.9655530452728271
64 2.7116947174072266 1.9362491369247437 1.9362491369247437
65 2.700728416442871 1.8930904865264893 1.8930904865264893
66 2.639417886734009 1.8672151565551758 1.8672151565551758
67 2.762651205062866 1.9872121810913086 1.987212061882019
68 2.7690343856811523 1.9633733034133911 1.9633733034133911
69 2.7105937004089355 1.960845708847046 1.9608455896377563
70 2.8187053203582764 2.062562942504883 2.062562942504883
71 2.758915662765503 1.9235386848449707 1.9235384464263916
72 2.7097854614257813 1.8456051349639893 1.8456051349639893
73 2.8403878211975098 2.0705833435058594 2.0705833435058594
74 2.9880709648132324 2.2048451900482178 2.204845428466797
75 2.8187928199768066 2.0293900966644287 2.0293900966644287
76 2.6664724349975586 1.8984978199005127 1.8984978199005127
77 2.7875747680664063 2.0428686141967773 2.0428686141967773
78 3.0829126834869385 2.3854403495788574 2.3854403495788574
79 2.9135446548461914 2.229320526123047 2.2293202877044678
80 2.7795441150665283 2.0048956871032715 2.0048956871032715
81 2.8943698406219482 2.138289451599121 2.138289451599121
82 2.819288730621338 1.9970839023590088 1.9970840215682983
83 2.87422776222229 2.1490261554718018 2.1490261554718018
84 2.85536527633667 2.0580575466156006 2.0580573081970215
85 2.759270191192627 1.9511003494262695 1.9511001110076904
86 2.695235252380371 1.8876776695251465 1.8876776695251465
87 2.7324979305267334 1.9279603958129883 1.9279603958129883
88 2.696972608566284 1.9682331085205078 1.9682331085205078
89 2.6927974224090576 1.9079381227493286 1.9079381227493286
90 2.6009926795959473 1.7616525888442993 1.7616519927978516
91 2.685985803604126 1.8818252086639404 1.8818252086639404
92 2.6620020866394043 1.857296347618103 1.857296347618103
93 2.718959331512451 1.9195512533187866 1.9195512533187866
94 2.768204689025879 1.961127758026123 1.961127758026123
95 2.64851975440979 1.8851277828216553 1.8851277828216553
96 2.709117889404297 1.9480698108673096 1.9480699300765991
97 2.87153959274292 2.2175920009613037 2.2175912857055664
98 2.8302109241485596 2.1143553256988525 2.1143553256988525
99 2.6768362522125244 1.9967857599258423 1.9967856407165527
100 2.7892870903015137 2.088463068008423 2.088463068008423
101 2.729151487350464 2.0426368713378906 2.0426371097564697
102 2.7341184616088867 2.017195224761963 2.017195224761963
103 2.883551597595215 2.1387124061584473 2.1387124061584473
104 2.7199978828430176 1.9760386943817139 1.9760386943817139
105 2.787687301635742 2.06225323677063 2.06225323677063
106 2.815444231033325 2.0911033153533936 2.0911035537719727
107 2.8081328868865967 2.0344228744506836 2.0344228744506836
108 2.916914463043213 2.1339969635009766 2.1339969635009766
109 2.860020875930786 2.0807061195373535 2.0807061195373535
110 2.794673204421997 1.9847731590270996 1.9847731590270996
111 2.7360167503356934 1.9262546300888062 1.9262546300888062
112 2.716871738433838 1.8908888101577759 1.8908888101577759
113 2.766112804412842 1.975786805152893 1.975786805152893
114 2.7853736877441406 1.9662647247314453 1.9662647247314453
115 2.824659824371338 1.9980816841125488 1.9980816841125488
116 2.830641269683838 2.014904022216797 2.014904022216797
117 2.776031017303467 1.9680829048156738 1.9680825471878052
118 2.8360519409179688 2.0456695556640625 2.0456695556640625
119 2.7792365550994873 1.9614297151565552 1.9614297151565552
120 2.7259316444396973 1.9265882968902588 1.9265882968902588
121 2.7596216201782227 1.9785127639770508 1.9785128831863403
122 2.8104424476623535 1.980949878692627 1.9809499979019165
123 2.7063796520233154 1.8055154085159302 1.8055154085159302
124 2.845306158065796 2.0206384658813477 2.0206384658813477
125 2.8981096744537354 2.111790180206299 2.111790180206299
126 2.8420419692993164 2.0218582153320313 2.0218582153320313
127 2.813424587249756 1.988126516342163 1.988126516342163
128 2.809354305267334 2.051739454269409 2.051739454269409
129 2.892224073410034 2.0799314975738525 2.0799314975738525
130 2.727534770965576 1.981763243675232 1.9817631244659424
131 2.7821919918060303 1.9934568405151367 1.9934568405151367
132 2.7909281253814697 1.9781508445739746 1.9781508445739746
133 2.8125388622283936 2.019040822982788 2.019040822982788
134 2.7467832565307617 1.986048936843872 1.986048936843872
135 2.6863272190093994 1.9059200286865234 1.9059200286865234
136 2.7414968013763428 1.973753809928894 1.973753809928894
137 2.7983012199401855 2.083339214324951 2.083338975906372
138 2.786118507385254 2.0216739177703857 2.0216739177703857
139 2.763894557952881 1.9882707595825195 1.9882707595825195
140 2.7828915119171143 2.060631036758423 2.060631036758423
141 2.7530200481414795 1.9722126722335815 1.9722126722335815
142 2.7047383785247803 1.9445860385894775 1.9445860385894775
143 2.6507809162139893 1.9039462804794312 1.9039462804794312
144 2.6061995029449463 1.8091241121292114 1.8091241121292114
145 2.742363214492798 1.9434077739715576 1.9434075355529785
146 2.831653356552124 2.0489799976348877 2.0489799976348877
147 2.797484874725342 2.0207135677337646 2.0207135677337646
148 2.76808500289917 2.0475313663482666 2.0475313663482666
149 2.684063673019409 1.8694525957107544 1.8694525957107544
150 2.8653066158294678 2.0778820514678955 2.0778820514678955
151 2.8016977310180664 2.013662338256836 2.013662338256836
152 2.9399800300598145 2.1320126056671143 2.132012367248535
153 2.8770251274108887 2.080019950866699 2.0800201892852783
154 2.896068572998047 2.115271806716919 2.115271806716919
155 2.822516679763794 1.972515344619751 1.972515344619751
156 2.741044044494629 1.9171637296676636 1.9171637296676636
157 2.8313241004943848 2.0069003105163574 2.0069005489349365
158 2.9108808040618896 2.1162149906158447 2.1162149906158447
159 2.7459495067596436 1.9261540174484253 1.9261540174484253
160 2.8574254512786865 1.9720906019210815 1.972090482711792
161 3.0235581398010254 2.2426793575286865 2.2426795959472656
162 2.966265916824341 2.047424554824829 2.047423839569092
163 2.97157883644104 2.126110315322876 2.126110315322876
164 2.9233133792877197 2.0765719413757324 2.0765717029571533
165 2.987785816192627 2.178340435028076 2.178340435028076
166 2.8969695568084717 2.0579802989959717 2.0579800605773926
167 3.058696746826172 2.1460623741149902 2.1460623741149902
168 3.055776834487915 2.23736310005188 2.23736310005188
169 2.886976718902588 2.030259132385254 2.030259132385254
170 2.9166574478149414 2.1408822536468506 2.1408822536468506
171 2.922198534011841 2.102328300476074 2.102328300476074
172 2.9900107383728027 2.1017324924468994 2.1017324924468994
173 2.9809865951538086 2.160886526107788 2.160886526107788
174 3.042034149169922 2.1639862060546875 2.1639866828918457
175 2.764469623565674 1.8841432332992554 1.8841431140899658
176 3.002260446548462 2.177875280380249 2.177875280380249
177 2.893958806991577 2.012329339981079 2.0123298168182373
178 3.0451366901397705 2.242232084274292 2.242232084274292
179 2.950899600982666 2.149357795715332 2.149357795715332
180 2.8970284461975098 2.0245096683502197 2.0245096683502197
181 2.924747943878174 2.110083818435669 2.110083818435669
182 2.9505248069763184 2.124173402786255 2.124173402786255
183 2.8248183727264404 2.0115957260131836 2.0115959644317627
184 2.824179172515869 1.9499036073684692 1.9499036073684692
185 2.8872270584106445 2.083707809448242 2.083707809448242
186 3.0550570487976074 2.2771222591400146 2.2771220207214355
187 2.8924148082733154 2.0514674186706543 2.0514674186706543
188 2.807987928390503 1.9765276908874512 1.9765276908874512
189 2.797389030456543 1.978746771812439 1.9787468910217285
190 2.830235004425049 2.073146343231201 2.073146343231201
191 2.9328136444091797 2.160879611968994 2.160879611968994
192 2.8960063457489014 2.054063558578491 2.054063558578491
193 2.974294424057007 2.195676803588867 2.195676803588867
194 2.879647970199585 2.0264804363250732 2.0264804363250732
195 2.9918887615203857 2.1410346031188965 2.1410343647003174
196 2.800610065460205 1.9555219411849976 1.955522060394287
197 2.819323778152466 1.9113129377365112 1.9113129377365112
198 2.820460557937622 1.970481514930725 1.970481514930725
199 2.765467643737793 1.917781114578247 1.917781114578247
200 2.875622034072876 2.1036810874938965 2.1036813259124756
201 2.753453254699707 1.9325621128082275 1.9325621128082275
202 2.8018088340759277 1.9653754234313965 1.9653754234313965
203 2.891145944595337 2.067403793334961 2.067403793334961
204 2.908693552017212 2.096433639526367 2.096433401107788
205 2.7664966583251953 1.928851842880249 1.928851842880249
206 2.785356044769287 1.9136319160461426 1.9136319160461426
207 2.904418468475342 2.1554157733917236 2.1554157733917236
208 2.9273695945739746 2.1298892498016357 2.1298892498016357
209 2.9813270568847656 2.220600128173828 2.220600128173828
210 2.911395311355591 2.1132123470306396 2.1132123470306396
211 2.919708490371704 2.13554310798645 2.1355433464050293
212 2.8947455883026123 2.091658592224121 2.091658592224121
213 2.8726019859313965 2.015838146209717 2.015838146209717
214 3.0113937854766846 2.243074893951416 2.243074893951416
215 3.289543390274048 2.5833935737609863 2.5833935737609863
216 3.0566394329071045 2.2453854084014893 2.2453854084014893
217 3.0518040657043457 2.1978065967559814 2.1978065967559814
218 2.9599714279174805 2.0944905281066895 2.0944905281066895
219 2.8391942977905273 2.046560525894165 2.046560764312744
220 2.99631404876709 2.209660768508911 2.2096610069274902
221 2.8724706172943115 2.0407097339630127 2.0407097339630127
222 2.877002477645874 2.032397985458374 2.032397985458374
223 3.0210397243499756 2.1810152530670166 2.1810152530670166
224 2.8449559211730957 1.998328447341919 1.9983283281326294
225 2.8769965171813965 2.0246851444244385 2.0246849060058594
226 2.966826915740967 2.096147298812866 2.096147298812866
227 2.9975438117980957 2.0943081378936768 2.0943081378936768
228 2.8635008335113525 2.0139315128326416 2.0139317512512207
229 2.822669744491577 1.9746874570846558 1.9746874570846558
230 2.939998149871826 2.066662549972534 2.066662549972534
231 2.9093430042266846 1.9879568815231323 1.9879568815231323
232 2.964667320251465 2.0824921131134033 2.0824921131134033
233 2.911728858947754 2.0187766551971436 2.0187766551971436
234 2.904994249343872 2.0317025184631348 2.031702756881714
235 2.8842365741729736 1.9598455429077148 1.9598455429077148
236 2.9714438915252686 2.109309673309326 2.109309673309326
237 2.7645468711853027 1.9078439474105835 1.9078439474105835
238 2.834273338317871 1.9460334777832031 1.946033239364624
239 2.7691829204559326 1.9060578346252441 1.9060578346252441
240 2.7085421085357666 1.829696536064148 1.829696536064148
241 2.671511173248291 1.741538405418396 1.741538405418396
242 2.694880247116089 1.837388277053833 1.837388277053833
243 2.8400728702545166 1.9256027936935425 1.9256024360656738
244 2.7462306022644043 1.8536657094955444 1.853665828704834
245 2.84761381149292 1.9586288928985596 1.9586286544799805
246 2.858259916305542 2.0174829959869385 2.0174829959869385
247 2.8536875247955322 1.9314874410629272 1.9314874410629272
248 2.9909863471984863 2.0752177238464355 2.0752177238464355
249 2.8961169719696045 2.0115973949432373 2.0115976333618164
250 2.891648292541504 2.010077953338623 2.010077953338623
251 2.905890941619873 2.0118443965911865 2.0118443965911865
252 2.9937384128570557 2.0742428302764893 2.0742428302764893
253 3.0022878646850586 2.041555404663086 2.041555643081665
254 2.9670753479003906 2.024726390838623 2.024726152420044
255 2.945294141769409 2.0307252407073975 2.0307252407073975
256 2.9628443717956543 2.0021862983703613 2.0021862983703613
257 2.867727041244507 1.9918031692504883 1.9918030500411987
258 2.909435749053955 2.0357580184936523 2.0357580184936523
259 3.0351860523223877 2.1205384731292725 2.1205384731292725
260 3.038853406906128 2.123647689819336 2.123647689819336
261 2.9933266639709473 2.0652427673339844 2.0652427673339844
262 2.9116051197052 2.0627853870391846 2.0627853870391846
263 2.77492356300354 1.829071283340454 1.829071283340454
264 2.7446038722991943 1.8292714357376099 1.8292714357376099
265 2.8505313396453857 1.902693510055542 1.902693748474121
266 2.9874465465545654 1.9580695629119873 1.9580698013305664
267 2.959771156311035 1.998218297958374 1.998218297958374
268 2.8482778072357178 1.967376947402954 1.9673770666122437
269 3.0326499938964844 2.1535441875457764 2.1535441875457764
270 2.9624922275543213 2.0594615936279297 2.0594615936279297
271 3.0009524822235107 2.1171438694000244 2.1171436309814453
272 2.9487712383270264 2.075207233428955 2.075207233428955
273 2.9144105911254883 1.9788466691970825 1.978846549987793
274 2.9500951766967773 2.0521955490112305 2.0521957874298096
275 3.013423204421997 2.1693971157073975 2.1693971157073975
276 2.9817044734954834 2.1443495750427246 2.1443493366241455
277 2.912515163421631 2.0935027599334717 2.0935027599334717
278 2.9691319465637207 2.1790146827697754 2.1790146827697754
279 2.913073778152466 2.04404616355896 2.04404616355896
280 2.898179769515991 2.0663094520568848 2.0663094520568848
281 2.843472719192505 1.9992698431015015 1.999269962310791
282 2.976372241973877 2.125731945037842 2.125731945037842
283 2.924476385116577 2.1107614040374756 2.1107614040374756
284 2.912062406539917 2.074584484100342 2.074584484100342
285 2.8567380905151367 2.101346731185913 2.101346731185913
286 2.9016075134277344 2.120000123977661 2.120000123977661
287 2.9339146614074707 2.143829822540283 2.1438302993774414
288 2.7188994884490967 1.9014517068862915 1.9014514684677124
289 2.8399817943573 2.031341791152954 2.031341791152954
290 3.008253574371338 2.2954275608062744 2.2954275608062744
291 3.0456905364990234 2.3413989543914795 2.3413989543914795
292 2.822887659072876 2.0431883335113525 2.0431883335113525
293 2.8822076320648193 2.103602647781372 2.103602647781372
294 2.991502046585083 2.228065252304077 2.228065252304077
295 3.003126382827759 2.33090877532959 2.33090877532959
296 3.0173802375793457 2.329319477081299 2.329319477081299
297 2.8785362243652344 2.0940587520599365 2.0940587520599365
298 3.0171432495117188 2.306401252746582 2.306401491165161
299 2.8822109699249268 2.0946855545043945 2.0946855545043945
300 2.8775627613067627 2.1385703086853027 2.1385703086853027
301 2.8595173358917236 2.0937135219573975 2.0937132835388184
302 3.050058364868164 2.2750449180603027 2.2750449180603027
303 3.0256507396698 2.264920234680176 2.264920234680176
304 3.1564524173736572 2.4246864318847656 2.4246861934661865
305 2.9734880924224854 2.162442445755005 2.162442445755005
306 3.0873889923095703 2.326089859008789 2.326089859008789
307 3.0966556072235107 2.32975697517395 2.32975697517395
308 2.7757315635681152 1.9299472570419312 1.9299476146697998
309 2.7807915210723877 1.9683473110198975 1.9683473110198975
310 3.0325303077697754 2.231245756149292 2.231245756149292
311 2.9745538234710693 2.165032148361206 2.165032148361206
312 2.8608901500701904 2.050765037536621 2.050765037536621
313 2.8668160438537598 2.0134546756744385 2.0134546756744385
314 2.786529779434204 1.8568364381790161 1.8568364381790161
315 2.8689374923706055 1.959128975868225 1.959128975868225
316 2.890577793121338 2.074841022491455 2.074841022491455
317 2.893512010574341 2.0267553329467773 2.0267555713653564
318 2.9933297634124756 2.1699934005737305 2.1699934005737305
319 2.857757091522217 1.9707353115081787 1.9707353115081787
320 2.9401564598083496 2.100353717803955 2.100353717803955
321 2.8121230602264404 1.9386624097824097 1.9386625289916992
322 2.965650796890259 2.1289637088775635 2.1289637088775635
323 2.93489146232605 2.077915906906128 2.077915906906128
324 2.998911142349243 2.19651460647583 2.19651460647583
325 2.9214985370635986 2.087242364883423 2.0872418880462646
326 2.9232239723205566 2.0734667778015137 2.0734667778015137
327 3.121885061264038 2.3338277339935303 2.3338277339935303
328 3.385845184326172 2.697403907775879 2.6974036693573
329 3.119062662124634 2.3682701587677 2.3682701587677
330 3.059650182723999 2.2652666568756104 2.2652668952941895
331 3.2550787925720215 2.5034372806549072 2.503437042236328
332 3.1515653133392334 2.407546281814575 2.407546281814575
333 3.4046738147735596 2.6573147773742676 2.6573147773742676
334 3.0593388080596924 2.2052950859069824 2.2052955627441406
335 3.2255425453186035 2.4651951789855957 2.4651951789855957
336 3.081393241882324 2.2847647666931152 2.2847647666931152
337 3.2148890495300293 2.4509568214416504 2.4509570598602295
338 3.1016695499420166 2.2674763202667236 2.2674763202667236
339 3.183515787124634 2.3545126914978027 2.3545126914978027
340 3.0349884033203125 2.1368768215179443 2.1368768215179443
341 3.0401270389556885 2.2500743865966797 2.2500743865966797
342 3.0058529376983643 2.1239748001098633 2.1239748001098633
343 3.154594898223877 2.391651153564453 2.391651153564453
344 3.172834634780884 2.3486990928649902 2.3486993312835693
345 3.147472381591797 2.3043251037597656 2.3043251037597656
346 3.2916715145111084 2.4854159355163574 2.4854159355163574
347 3.1491518020629883 2.3226802349090576 2.3226797580718994
348 3.4132235050201416 2.750340461730957 2.750340700149536
349 3.174748420715332 2.362457513809204 2.362457513809204
350 3.0988528728485107 2.2312958240509033 2.2312958240509033
351 3.115280866622925 2.219644546508789 2.21964430809021
352 3.1067185401916504 2.194343328475952 2.194343328475952
353 3.2112009525299072 2.4000802040100098 2.4000802040100098
354 3.113405704498291 2.300784111022949 2.300784111022949
355 3.1183362007141113 2.3086109161376953 2.3086109161376953
356 3.0878241062164307 2.269260883331299 2.269260883331299
357 2.9731485843658447 2.149298906326294 2.149298906326294
358 3.098037004470825 2.350390672683716 2.350390672683716
359 3.2010867595672607 2.466918706893921 2.466918706893921
360 3.0683882236480713 2.2015464305877686 2.2015469074249268
361 2.8745296001434326 2.0029408931732178 2.002941370010376
362 3.0334811210632324 2.18972110748291 2.18972110748291
363 3.083676338195801 2.293100118637085 2.293100118637085
364 3.160242795944214 2.4144015312194824 2.4144015312194824
365 3.3179123401641846 2.641815185546875 2.641815185546875
366 3.1601173877716064 2.4651176929473877 2.4651174545288086
367 3.281987190246582 2.6967415809631348 2.696742057800293
368 3.011577606201172 2.256946086883545 2.256946086883545
369 3.141235589981079 2.472456932067871 2.472456932067871
370 3.2874879837036133 2.708200693130493 2.708200693130493
371 3.22271990776062 2.6391162872314453 2.6391162872314453
372 3.1467232704162598 2.437893867492676 2.437893867492676
373 2.9210777282714844 2.115415096282959 2.115415334701538
374 2.9968760013580322 2.1486356258392334 2.1486356258392334
375 3.0143425464630127 2.1757662296295166 2.1757664680480957
376 3.064274787902832 2.2439286708831787 2.2439284324645996
377 2.9302902221679688 2.0289103984832764 2.0289103984832764
378 2.909102439880371 2.063894271850586 2.063894271850586
379 2.8431789875030518 1.9580951929092407 1.9580951929092407
380 2.8589372634887695 2.0158464908599854 2.0158464908599854
381 2.949078321456909 2.0902864933013916 2.0902864933013916
382 3.1380462646484375 2.306417226791382 2.306417226791382
383 2.9230470657348633 2.0610196590423584 2.0610196590423584
384 3.143700361251831 2.319101095199585 2.319101095199585
385 3.059577226638794 2.2289867401123047 2.2289867401123047
386 3.1524102687835693 2.3539764881134033 2.3539764881134033
387 3.105217695236206 2.2957403659820557 2.2957406044006348
388 3.2448763847351074 2.3816161155700684 2.3816161155700684
389 3.061548948287964 2.23433780670166 2.23433780670166
390 3.0865232944488525 2.2421417236328125 2.2421417236328125
391 3.1935391426086426 2.3435134887695313 2.343513250350952
392 3.2600183486938477 2.4516360759735107 2.4516360759735107
393 3.1443605422973633 2.2860679626464844 2.286067485809326
394 3.1242008209228516 2.2351348400115967 2.2351348400115967
395 3.1920981407165527 2.35880184173584 2.358802080154419
396 2.983180046081543 2.12907338142395 2.12907338142395
397 3.1747243404388428 2.338243007659912 2.338243007659912
398 3.1058919429779053 2.286098003387451 2.286098003387451
399 2.998464345932007 2.1111538410186768 2.111154079437256
400 3.239072799682617 2.431842803955078 2.431842803955078
401 3.1005094051361084 2.1954941749572754 2.1954941749572754
402 3.2216715812683105 2.4147212505340576 2.4147210121154785
403 3.0634613037109375 2.215951681137085 2.215951681137085
404 3.2284231185913086 2.414923667907715 2.414923667907715
405 3.153134822845459 2.286677360534668 2.286677360534668
406 3.051504135131836 2.159714937210083 2.159714937210083
407 3.0586066246032715 2.2154605388641357 2.2154605388641357
408 3.1493940353393555 2.3016068935394287 2.3016066551208496
409 3.0509865283966064 2.216158390045166 2.216158390045166
410 2.964341640472412 2.123626470565796 2.123626470565796
411 2.994117021560669 2.203294038772583 2.203294038772583
412 3.080730676651001 2.248466730117798 2.248466730117798
413 3.063143253326416 2.259946346282959 2.259946346282959
414 3.0897271633148193 2.246701955795288 2.246701955795288
415 3.031034231185913 2.19716215133667 2.19716215133667
416 3.0038042068481445 2.1168642044067383 2.1168644428253174
417 2.8524086475372314 1.997071623802185 1.9970718622207642
418 3.033998966217041 2.149803876876831 2.149803876876831
419 2.9590249061584473 2.0043160915374756 2.0043160915374756
420 3.01693058013916 2.1147212982177734 2.1147212982177734
421 3.0563623905181885 2.183854341506958 2.183854341506958
422 3.1041409969329834 2.280728578567505 2.280728816986084
423 3.0912442207336426 2.2774221897125244 2.2774221897125244
424 3.0464224815368652 2.2338366508483887 2.2338366508483887
425 2.967954158782959 2.114821195602417 2.114821195602417
426 3.069998025894165 2.2671523094177246 2.2671523094177246
427 3.072862386703491 2.2829067707061768 2.282907009124756
428 3.008011817932129 2.1877501010894775 2.1877501010894775
429 2.9928059577941895 2.177565574645996 2.177565574645996
430 2.9760634899139404 2.1694693565368652 2.1694693565368652
431 3.013902425765991 2.202223777770996 2.202223777770996
432 2.998676061630249 2.1413731575012207 2.1413731575012207
433 2.9282329082489014 2.105497360229492 2.105497360229492
434 3.072035789489746 2.198857069015503 2.198857069015503
435 2.9954586029052734 2.099320888519287 2.099320888519287
436 2.834243059158325 1.9492665529251099 1.9492665529251099
437 2.9457247257232666 2.1066763401031494 2.1066763401031494
438 2.9932732582092285 2.1994876861572266 2.1994876861572266
439 3.072627067565918 2.299128770828247 2.299128532409668
440 3.06872820854187 2.2573482990264893 2.2573487758636475
441 3.10866117477417 2.3041269779205322 2.3041269779205322
442 3.2481625080108643 2.4917678833007813 2.4917678833007813
443 3.145400285720825 2.253661870956421 2.253661870956421
444 3.101749897003174 2.2037646770477295 2.2037646770477295
445 2.9425113201141357 2.030728340148926 2.030728340148926
446 2.9230804443359375 2.0115697383880615 2.0115697383880615
447 3.1172854900360107 2.2529006004333496 2.2529003620147705
448 3.2195589542388916 2.2816479206085205 2.2816479206085205
449 3.2405033111572266 2.37996244430542 2.37996244430542
450 3.165062189102173 2.3403520584106445 2.3403518199920654
451 3.2445414066314697 2.4672365188598633 2.4672365188598633
452 3.276665449142456 2.4495296478271484 2.4495296478271484
453 3.218693256378174 2.381564140319824 2.3815643787384033
454 3.2233164310455322 2.3933780193328857 2.3933780193328857
455 3.5749378204345703 2.851461887359619 2.851461410522461
456 3.418405055999756 2.780735492706299 2.7807352542877197
457 3.6828315258026123 3.0777878761291504 3.0777878761291504
458 3.6679558753967285 2.9778037071228027 2.9778037071228027
459 3.6770577430725098 3.0608060359954834 3.0608060359954834
460 3.6987574100494385 3.0962419509887695 3.0962419509887695
461 3.749751091003418 3.17683482170105 3.1768345832824707
462 3.549132823944092 2.9593544006347656 2.9593544006347656
463 3.384951114654541 2.743914842605591 2.743914842605591
464 3.518554210662842 2.850696563720703 2.850696563720703
465 3.5982978343963623 2.9288015365600586 2.9288015365600586
466 3.5517587661743164 2.9287214279174805 2.9287214279174805
467 3.489711284637451 2.8992552757263184 2.8992552757263184
468 3.5556654930114746 2.8709309101104736 2.8709309101104736
469 3.5601305961608887 2.8903238773345947 2.8903238773345947
470 3.593432664871216 2.9698486328125 2.9698486328125
471 3.499250888824463 2.814220905303955 2.814220905303955
472 3.521644115447998 2.8206231594085693 2.8206231594085693
473 3.5690722465515137 2.868093490600586 2.868093967437744
474 3.485356092453003 2.8060853481292725 2.8060853481292725
475 3.4589977264404297 2.7558515071868896 2.7558512687683105
476 3.4465115070343018 2.7942652702331543 2.7942652702331543
477 3.3568384647369385 2.7026047706604004 2.7026047706604004
478 3.453841209411621 2.796281099319458 2.796281099319458
479 3.415729284286499 2.8360848426818848 2.8360848426818848
480 3.4223194122314453 2.8088839054107666 2.8088839054107666
481 3.342836856842041 2.746002197265625 2.746002197265625
482 3.3536407947540283 2.719533681869507 2.719533920288086
483 3.3790807723999023 2.8254175186157227 2.8254172801971436
484 3.34136962890625 2.755958318710327 2.755958080291748
485 3.432945728302002 2.8047237396240234 2.8047237396240234
486 3.4247212409973145 2.7672393321990967 2.767239809036255
487 3.45996356010437 2.826741933822632 2.826741933822632
488 3.4067983627319336 2.7862842082977295 2.7862842082977295
489 3.433849573135376 2.794037342071533 2.794037342071533
490 3.5435471534729004 2.869832754135132 2.869832754135132
491 3.650240898132324 3.006819486618042 3.006819486618042
492 3.406873941421509 2.7266793251037598 2.7266793251037598
493 3.34037184715271 2.652226686477661 2.6522269248962402
494 3.449650526046753 2.814526081085205 2.814526081085205
495 3.3832459449768066 2.7309036254882813 2.7309036254882813
496 3.438551902770996 2.8319525718688965 2.8319528102874756
497 3.400770425796509 2.7842764854431152 2.7842764854431152
498 3.361647367477417 2.748549222946167 2.748549222946167
499 3.4128432273864746 2.7770485877990723 2.7770485877990723
500 3.438866138458252 2.8275861740112305 2.8275864124298096
501 3.4502339363098145 2.846904754638672 2.846904993057251
502 3.4374215602874756 2.8343796730041504 2.8343796730041504
503 3.4592580795288086 2.82521915435791 2.82521915435791
504 3.4411513805389404 2.8185973167419434 2.8185980319976807
505 3.3943164348602295 2.81337571144104 2.81337571144104
506 3.444326877593994 2.87570858001709 2.87570858001709
507 3.4381103515625 2.8625056743621826 2.8625056743621826
508 3.4850852489471436 2.9230403900146484 2.9230403900146484
509 3.6430649757385254 3.1338956356048584 3.1338956356048584
510 3.602703332901001 3.033104181289673 3.033104181289673
511 3.8921051025390625 3.3854575157165527 3.3854575157165527
512 3.7885568141937256 3.2468414306640625 3.2468414306640625
513 3.8102996349334717 3.235280990600586 3.235280752182007
514 4.003811359405518 3.4748942852020264 3.4748942852020264
515 3.8074073791503906 3.184558391571045 3.184558391571045
516 3.7656829357147217 3.10723614692688 3.1072356700897217
517 3.8982465267181396 3.1830825805664063 3.1830825805664063
518 3.59222674369812 2.9254322052001953 2.9254322052001953
519 3.596592903137207 3.007589101791382 3.007589101791382
520 3.4927620887756348 2.760784149169922 2.760784149169922
521 3.456089496612549 2.678307056427002 2.678307056427002
522 3.432098150253296 2.6360864639282227 2.6360859870910645
523 3.443516731262207 2.7010178565979004 2.7010178565979004
524 3.721238613128662 2.9829320907592773 2.9829320907592773
525 3.4827098846435547 2.7187302112579346 2.7187304496765137
526 3.4224066734313965 2.7186355590820313 2.718635320663452
527 3.3365554809570313 2.585026741027832 2.585026741027832
528 3.621781349182129 2.9216363430023193 2.9216363430023193
529 3.418099880218506 2.686032772064209 2.686033010482788
530 3.6282308101654053 2.9453341960906982 2.9453341960906982
531 3.538616418838501 2.8440582752227783 2.8440582752227783
532 3.6491494178771973 2.8524608612060547 2.8524608612060547
533 3.841867446899414 3.17641544342041 3.176415205001831
534 3.9493396282196045 3.2602150440216064 3.2602150440216064
535 3.7559587955474854 3.033292293548584 3.033292293548584
536 3.644665241241455 2.9597747325897217 2.9597747325897217
537 3.776085138320923 3.0960748195648193 3.0960748195648193
538 3.679828643798828 2.964385747909546 2.964385747909546
539 3.6681199073791504 2.9121930599212646 2.9121930599212646
540 3.7760918140411377 3.138339042663574 3.138339042663574
541 3.889479398727417 3.245697498321533 3.2456977367401123
542 3.8094534873962402 3.091728448867798 3.091728448867798
543 3.6683242321014404 3.0113234519958496 3.0113234519958496
544 3.7855098247528076 3.1193814277648926 3.1193814277648926
545 3.8074100017547607 3.1178128719329834 3.1178128719329834
546 3.8641719818115234 3.2722136974334717 3.2722136974334717
547 4.003574848175049 3.3421740531921387 3.3421740531921387
548 4.0103759765625 3.321903705596924 3.321903705596924
549 3.807746648788452 3.09940505027771 3.099405288696289
550 3.768312931060791 3.049006462097168 3.049006462097168
551 3.9407742023468018 3.264993190765381 3.2649924755096436
552 3.7049360275268555 2.9705982208251953 2.9705986976623535
553 3.883474349975586 3.2108631134033203 3.2108633518218994
554 3.740393877029419 3.016981840133667 3.016981840133667
555 3.786099672317505 3.1600546836853027 3.160054922103882
556 3.674851894378662 2.9779491424560547 2.9779491424560547
557 3.693767547607422 2.9825944900512695 2.9825944900512695
558 3.6320204734802246 2.918253183364868 2.918253183364868
559 3.6281378269195557 2.935898780822754 2.935898780822754
560 3.569025993347168 2.8528378009796143 2.852837562561035
561 3.6178486347198486 2.937775135040283 2.9377753734588623
562 3.481804847717285 2.772404193878174 2.772404193878174
563 3.6281890869140625 2.9054369926452637 2.9054369926452637
564 3.6716790199279785 2.9514358043670654 2.9514358043670654
565 3.598043203353882 2.9065091609954834 2.9065091609954834
566 3.5811073780059814 2.860783815383911 2.860783576965332
567 3.4291505813598633 2.6676106452941895 2.6676106452941895
568 3.445478916168213 2.7388174533843994 2.7388174533843994
569 3.5702078342437744 2.846431016921997 2.846431016921997
570 3.4339687824249268 2.7407453060150146 2.7407455444335938
571 3.479442596435547 2.7277143001556396 2.7277143001556396
572 3.293132781982422 2.507591962814331 2.507591962814331
573 3.370910167694092 2.538700580596924 2.5387003421783447
574 3.3285489082336426 2.533686399459839 2.533686399459839
575 3.211251735687256 2.4212467670440674 2.4212467670440674
576 3.4440340995788574 2.729442596435547 2.729442596435547
577 3.34429669380188 2.5468313694000244 2.5468311309814453
578 3.2140088081359863 2.4248056411743164 2.4248056411743164
