5 	 9.051319122314453
6 	 6.629775047302246
7 	 4.90397834777832
8 	 3.5571305751800537
9 	 1.6389951705932617
10 	 1.37143075466156
11 	 0.9792916774749756
12 	 1.4233802556991577
13 	 1.414854645729065
14 	 1.3407444953918457
15 	 1.1063956022262573
16 	 0.9289976954460144
17 	 0.6107930541038513
18 	 0.5668343901634216
19 	 0.5158538222312927
20 	 0.5026571750640869
21 	 0.6015912890434265
22 	 0.729755163192749
23 	 0.8630104660987854
24 	 1.0499584674835205
25 	 1.0977097749710083
26 	 1.4267218112945557
27 	 1.5614408254623413
28 	 1.291778326034546
29 	 1.2715791463851929
30 	 0.8775564432144165
31 	 0.9097444415092468
32 	 1.1205531358718872
33 	 0.9521849751472473
34 	 0.7361310124397278
35 	 0.9432705640792847
36 	 1.1249130964279175
37 	 1.0460712909698486
38 	 0.7653416395187378
39 	 0.7943019866943359
40 	 0.9408676028251648
41 	 0.8386906385421753
42 	 0.757460355758667
43 	 0.9163991212844849
44 	 1.0060194730758667
45 	 0.9092938303947449
46 	 0.9563571214675903
47 	 0.8265557885169983
48 	 0.8732273578643799
49 	 0.7970607876777649
50 	 0.7633278965950012
51 	 0.702234148979187
52 	 0.6831435561180115
53 	 0.7307109236717224
54 	 0.786886990070343
55 	 0.9050447344779968
56 	 0.9734320044517517
57 	 1.1879810094833374
58 	 0.992747962474823
59 	 0.9066681861877441
60 	 0.7889309525489807
61 	 0.820721447467804
62 	 0.9170780181884766
63 	 0.8105985522270203
64 	 0.7232464551925659
65 	 0.9339759349822998
66 	 1.114916443824768
67 	 1.0056830644607544
68 	 1.0487374067306519
69 	 1.158797264099121
70 	 1.064449429512024
71 	 1.3609381914138794
72 	 0.8474838733673096
73 	 0.8425339460372925
74 	 0.5755647420883179
75 	 0.4831744134426117
76 	 0.44292718172073364
77 	 0.4587790071964264
78 	 0.571162760257721
79 	 0.8151293396949768
80 	 1.507633924484253
81 	 1.201147437095642
82 	 0.7178411483764648
83 	 0.5547183156013489
84 	 0.5450676679611206
85 	 0.5894896984100342
86 	 0.6231016516685486
87 	 0.5974364876747131
88 	 0.6156877875328064
89 	 0.6564627885818481
90 	 0.7128518223762512
91 	 0.6897563338279724
92 	 0.7967346906661987
93 	 0.9706034064292908
94 	 0.9283660054206848
95 	 1.1807810068130493
96 	 1.0357733964920044
97 	 0.8842195272445679
98 	 0.9853546023368835
99 	 0.9694969654083252
100 	 0.8075923919677734
101 	 0.7870475053787231
102 	 0.8681049942970276
103 	 0.7456220388412476
104 	 0.6242013573646545
105 	 0.5582537055015564
106 	 0.5204500555992126
107 	 0.5865219831466675
108 	 0.5834822058677673
109 	 0.6833667755126953
110 	 0.9099217057228088
111 	 1.733540415763855
112 	 2.042205810546875
113 	 1.8896106481552124
114 	 1.0619468688964844
115 	 0.7065228819847107
116 	 0.7461345791816711
117 	 0.9205910563468933
118 	 0.7475425601005554
119 	 0.7377915382385254
120 	 0.948110818862915
121 	 0.9066815376281738
122 	 0.8474471569061279
123 	 1.058218002319336
124 	 1.2001242637634277
125 	 1.1487013101577759
126 	 1.108933925628662
127 	 1.2727434635162354
128 	 1.2911757230758667
129 	 1.340598225593567
130 	 1.9800657033920288
131 	 1.3541463613510132
132 	 1.1969897747039795
133 	 1.0898574590682983
134 	 0.9083601236343384
135 	 0.7564660310745239
136 	 0.7860978841781616
137 	 0.726028323173523
138 	 0.6490750312805176
139 	 0.6048552393913269
140 	 0.7079439759254456
141 	 0.6932854056358337
142 	 0.6520482301712036
143 	 0.6560846567153931
144 	 0.7239403128623962
145 	 0.7410993576049805
146 	 0.6494941115379333
147 	 0.6222274303436279
148 	 0.6629006862640381
149 	 0.6980984210968018
150 	 0.6186654567718506
151 	 0.63941490650177
152 	 0.5824961066246033
153 	 0.5251947045326233
154 	 0.529521644115448
155 	 0.4902670085430145
156 	 0.5346726179122925
157 	 0.6045435667037964
158 	 0.7428205013275146
159 	 1.4578725099563599
160 	 1.3211544752120972
161 	 1.0901626348495483
162 	 1.246649980545044
163 	 0.7020660638809204
164 	 0.5682238936424255
165 	 0.5548474788665771
166 	 0.6902003288269043
167 	 0.568790078163147
168 	 0.5678596496582031
169 	 0.5473835468292236
170 	 0.5057415962219238
171 	 0.4436558485031128
172 	 0.4827992916107178
173 	 0.49646976590156555
174 	 0.5473100543022156
175 	 0.5496589541435242
176 	 0.590293824672699
177 	 0.6459680795669556
178 	 0.6880210638046265
179 	 0.7186462879180908
180 	 0.8270008563995361
181 	 0.9154525995254517
182 	 1.0561165809631348
183 	 1.3435004949569702
184 	 1.2582162618637085
185 	 1.4132232666015625
186 	 1.8228304386138916
187 	 1.9060773849487305
188 	 1.9203685522079468
189 	 1.7354826927185059
190 	 1.398258090019226
191 	 1.0779975652694702
192 	 0.9717574715614319
193 	 1.0472432374954224
194 	 1.0326920747756958
195 	 0.8388984799385071
196 	 0.7785478830337524
197 	 0.9259768128395081
198 	 0.9100783467292786
199 	 0.7550120949745178
200 	 0.8339729309082031
201 	 1.0068447589874268
202 	 0.990568995475769
203 	 0.8994188904762268
204 	 0.9929264187812805
205 	 0.7424482107162476
206 	 0.5829274654388428
207 	 0.5777400135993958
208 	 0.5845886468887329
209 	 0.5305750370025635
210 	 0.4651297330856323
211 	 0.4640197455883026
212 	 0.47881847620010376
213 	 0.5479698777198792
214 	 0.6774114966392517
215 	 0.7569358348846436
216 	 1.0877058506011963
217 	 1.0411561727523804
218 	 1.1119952201843262
219 	 1.8938487768173218
220 	 2.8989720344543457
221 	 3.8573391437530518
222 	 4.3922224044799805
223 	 4.895487308502197
224 	 4.522248268127441
225 	 3.7701730728149414
226 	 4.128547668457031
227 	 3.9888813495635986
228 	 3.1307692527770996
229 	 3.485353708267212
230 	 3.0722012519836426
231 	 1.9443902969360352
232 	 1.4587805271148682
233 	 1.2013696432113647
234 	 1.099547028541565
235 	 0.8355081677436829
236 	 1.3146356344223022
237 	 1.2832554578781128
238 	 0.9223480224609375
239 	 0.8189390301704407
240 	 0.9138867259025574
241 	 0.8600273728370667
242 	 1.040928840637207
243 	 0.8876442909240723
244 	 0.8093401193618774
245 	 0.7443484663963318
246 	 0.8754274845123291
247 	 0.9898266196250916
248 	 0.8497176766395569
249 	 0.6320410966873169
250 	 0.6300398111343384
251 	 0.6279851794242859
252 	 0.6478999853134155
253 	 0.9084023833274841
254 	 0.8140016794204712
255 	 0.7774624824523926
256 	 0.7208759784698486
257 	 0.54530268907547
258 	 0.5169062614440918
259 	 0.47263965010643005
260 	 0.4348469078540802
261 	 0.4903244078159332
262 	 0.5906553864479065
263 	 0.6460141539573669
264 	 0.6145010590553284
265 	 0.730013370513916
266 	 0.9460434913635254
267 	 0.7124563455581665
268 	 1.0093495845794678
269 	 1.250934362411499
270 	 1.466541051864624
271 	 1.20217764377594
272 	 0.9750651121139526
273 	 1.1041679382324219
274 	 1.6914008855819702
275 	 1.7441680431365967
276 	 1.7791223526000977
277 	 1.5393515825271606
278 	 1.829835295677185
279 	 1.5838696956634521
280 	 1.5582855939865112
281 	 1.1037235260009766
282 	 0.9900972247123718
283 	 0.809674859046936
284 	 0.6509199738502502
285 	 0.6345027685165405
286 	 0.5929649472236633
287 	 0.5077235102653503
288 	 0.5261654257774353
289 	 0.5159056186676025
290 	 0.5671654939651489
291 	 0.6938827633857727
292 	 0.7562379837036133
293 	 0.9601704478263855
294 	 0.8507614135742188
295 	 0.927064061164856
296 	 0.9046633839607239
297 	 1.0141255855560303
298 	 1.001721739768982
299 	 0.8580045104026794
300 	 0.8706215023994446
301 	 1.0076056718826294
302 	 0.9546763300895691
303 	 0.8505006432533264
304 	 1.0085866451263428
305 	 1.0957034826278687
306 	 1.020561695098877
307 	 1.360919713973999
308 	 2.1830129623413086
309 	 3.0000100135803223
310 	 2.0661282539367676
311 	 2.3076727390289307
312 	 2.657709836959839
313 	 2.27115535736084
314 	 2.0424723625183105
315 	 1.8334184885025024
316 	 1.2829887866973877
317 	 1.2840821743011475
318 	 0.8903913497924805
319 	 0.7053475379943848
320 	 0.635703444480896
321 	 0.647281289100647
322 	 0.6035340428352356
323 	 0.5950649976730347
324 	 0.5217421650886536
325 	 0.5067513585090637
326 	 0.48159703612327576
327 	 0.447250634431839
328 	 0.41392982006073
329 	 0.4287203550338745
330 	 0.48456665873527527
331 	 0.5572730898857117
332 	 0.6900612711906433
333 	 1.6455880403518677
334 	 2.4511711597442627
335 	 1.7573349475860596
336 	 0.8804627060890198
337 	 0.6257272362709045
338 	 0.5389879941940308
339 	 0.5344125628471375
340 	 0.5503759980201721
341 	 0.5807061195373535
342 	 0.7067902088165283
343 	 0.6740145683288574
344 	 0.6817670464515686
345 	 0.7503049969673157
346 	 0.7031776905059814
347 	 0.6998852491378784
348 	 0.6978557109832764
349 	 0.5357547402381897
350 	 0.47411417961120605
351 	 0.44250577688217163
352 	 0.5217490196228027
353 	 0.5294753313064575
354 	 0.5617880821228027
355 	 0.6145257949829102
356 	 0.7368216514587402
357 	 1.2413289546966553
358 	 0.9143600463867188
359 	 0.7273735404014587
360 	 0.6581904888153076
361 	 0.546315610408783
362 	 0.5654202103614807
363 	 0.7105790376663208
364 	 1.2137638330459595
