0 2.637594737010109
1 2.6687668390817287
2 2.7412826006084337
3 2.7285213573570912
4 2.7777442813313997
5 2.660908587651531
6 2.851777451242697
7 2.981009782114294
8 2.904343431047782
9 2.7457234230053262
10 2.831429544813605
11 2.789896102135228
12 2.757241620421205
13 2.6926641342986652
14 2.725942392628274
15 2.726154696817328
16 2.736393918773277
17 2.6244385238936787
18 2.7169804806790774
19 2.6988584077209787
20 4.750831467000929
21 5.699014725291854
22 5.3481885285044894
23 5.1106272720255195
24 5.119462821874497
25 7.605648384036353
26 5.213103815792715
27 4.843460929914553
28 4.694355957289821
29 5.354123520440442
30 6.223644492840115
31 4.829836014435018
32 4.488159581006834
33 3.7863674792298436
34 5.249653982597757
35 4.640628680158891
36 4.052096020010245
37 2.8085562144935405
38 2.713920099932488
39 4.582076401817192
40 5.2342750331223735
41 4.134672413710675
42 3.3618808376151015
43 2.82173540115096
44 2.6295180163817533
45 3.066245666357276
46 4.119360950257693
47 3.3428453712023307
48 4.38594084750477
49 4.792412789062323
50 3.0403583791102133
51 2.645357286338068
52 4.3439136590302745
53 2.6400588799470897
54 5.114506814399444
55 4.380729384791436
56 5.466093642774586
57 3.751223973137575
58 2.976867746544732
59 2.8768719246068466
60 5.742598790208395
61 3.16715551114411
62 3.5682885794375356
63 2.7967449938085758
64 2.934126332199215
65 4.016751643852885
66 4.125579723837449
67 5.044859569759508
68 4.779162164759184
69 4.65628198696558
70 4.052788796054091
71 3.5922306894193383
72 4.015986252824092
73 5.428033248365704
74 4.831179150148401
75 6.320000853013864
76 5.8842743540268
77 3.5934999060003214
78 2.913511546159362
79 5.355570657973994
80 5.0128272554511
81 5.183011617868731
82 3.765607063667988
83 5.546733510258491
84 3.8772219261304475
85 3.0050109560177343
86 2.813839394368491
87 2.7382595366183238
88 2.741943001855905
89 2.8497616855053867
90 2.837549998473595
91 2.9402358971891536
92 2.937894431779709
93 2.947673065408992
94 5.2033416123121325
95 3.5070358133908424
96 5.080903795359464
97 3.3013031756127957
98 5.487572796136647
99 2.860971145600849
100 4.799190867694864
101 5.887015134332751
102 2.8708118220371657
103 3.0052736716111106
104 4.970186731692269
105 4.406166583147429
106 2.830127174017166
107 4.170216569552351
108 5.124167191219891
109 4.757892757010928
110 4.8757588253166
111 2.7213780955935425
112 5.323252383461481
113 2.847186132601901
114 5.45828758015017
115 4.767136534528004
116 4.153224685493833
117 4.094694232588442
118 4.59522530877878
119 3.7663762328792783
120 3.6464465574146776
121 4.284575128739866
122 3.958699807230955
123 4.268452348483359
124 4.059616679431464
125 2.7477473287968106
126 5.333325020502838
127 5.821218975481318
128 3.8444792179621934
129 3.908448597821534
130 2.7254647958019187
131 4.853023079167428
132 3.9627966693347156
133 2.8010499674869185
134 4.722621538406246
135 3.9218511593905476
136 4.045328538473622
137 2.956185398464966
138 4.307505127001236
139 3.8521730811056334
140 4.763463907168079
141 5.623942618911338
142 4.120224211612883
143 4.004414388559762
144 4.7739041709616234
145 4.090707368761697
146 4.616754670887463
147 6.062490409333354
148 2.8176140064768065
149 2.918653377134053
150 4.3237643300127395
151 4.149999548322973
152 3.5350324975369545
153 4.129516556745812
154 3.6899000313182007
155 4.549988154357725
156 3.741977580982064
157 3.041426293316407
158 5.121357833325135
159 4.680405725049046
160 4.3694337267863315
161 3.67189207369693
162 4.3255788347599085
163 4.204532607121193
164 2.6930208704397343
165 2.6352741592164204
166 2.8291298806752008
167 4.76093992700486
168 4.141716335480507
169 4.46051303522493
170 4.775501952844923
171 2.707000565220033
172 2.949163119249017
173 2.67165189923882
174 3.4349252785524174
175 3.3823025245946203
176 6.389815320824239
177 2.7933912819636655
178 3.104930271597614
179 2.8166302513875987
180 2.7443438717538626
181 4.920764227557173
182 4.368890769020269
183 4.621857451844991
184 4.582565143767971
185 3.8901296558886993
186 4.713980167447916
187 4.12226598137743
188 4.974576418638514
189 5.424053422288202
190 4.1952762229454175
191 4.278183340848992
192 4.4041313986660215
193 4.724272077301474
194 5.467017752632999
195 4.116888230891567
196 3.8574939257005654
197 4.574742080281872
198 2.812945280740581
199 3.935088016488483
200 3.9241937986409074
201 2.878874251754545
202 2.8616270167171014
203 4.299972029380647
204 4.2682139193425535
205 6.1603689468316745
206 4.190256149485673
207 5.501394940346545
208 2.7869781684534636
209 4.680985602977434
210 3.7598456430589935
211 2.636746934904572
212 4.396064403586507
213 2.8078985951104576
214 4.316685027644865
215 3.835796011602918
216 4.813637639235135
217 5.79492248985618
218 4.349825650029775
219 2.744333919417319
220 3.735627682654426
221 3.0079778605151093
222 2.6544215097198984
223 4.655958389296633
224 4.059577231050912
225 2.806067871674701
226 2.894357560443458
227 4.18458512233625
228 4.976837097831314
229 5.3746948004429544
230 3.0643187548859494
231 2.8222225420240066
232 4.0890401871615625
233 4.788921699898186
234 3.0470071390393167
235 2.7517352424569745
236 2.823483164322598
237 2.9947045142927973
238 5.679474198468778
239 4.5904872415588
240 3.310621682276322
241 4.65086843473934
242 5.543897770691267
243 5.076784605859147
244 5.048609537747365
245 4.436555775863796
246 4.837899670086626
247 4.527839683816577
248 3.6992688244566456
249 4.8363659556649266
250 2.958704371669861
251 4.687388622283525
252 5.180633517900194
253 3.95206498893991
254 3.4505469185374364
255 4.5730453421252975
256 3.9271649326391964
257 3.874666630288263
258 3.560345788109305
259 3.8867644802958106
260 4.431278310594782
261 3.489343144157262
262 4.169936329445044
263 2.835132375408989
264 3.5156591940933026
265 3.7631867308713844
266 4.4131352159238535
267 4.322845524514095
268 4.22553111275557
269 4.670626766969051
270 4.956765933374218
271 4.40990604157311
272 3.622058874297977
273 3.7539422700273484
274 4.452372217390642
275 5.0038908946744405
276 5.254175221211591
277 3.143642497518031
278 4.938073590805806
279 2.7221649863698256
280 4.448141530214598
281 3.715218215892555
282 3.476758040775385
283 5.56201533916587
284 8.037891128102421
285 3.451087718059581
286 4.756470719693718
287 4.727268170093922
288 4.156298966023121
289 8.24538076257394
290 6.221067618432751
291 6.88222836052364
292 9.287255532903254
293 3.999983526757845
294 4.24103036680583
295 2.7694195055614625
296 2.6985190480481824
297 3.902871545575621
298 4.6282675661259045
299 5.103554035227381
300 3.5713197057569546
301 4.5536414920260935
302 5.374482639039691
303 4.589345038947895
304 4.809770421141044
305 4.332293304163539
306 4.183674108821807
307 4.848461021803999
308 4.473169901046678
309 4.2496624802682765
310 3.946238756567167
311 3.2240026788965976
312 4.368392831137349
313 5.189542554686813
314 3.860147185038564
315 3.577886972803241
316 4.083334203964033
317 2.776284352960375
318 2.7498231698468323
319 2.9607117036932733
320 2.7986188325312367
321 2.932047727823513
322 4.5200794264029875
323 5.2540352685648575
324 2.637675166058645
325 4.577580030362073
326 4.009899500959519
327 2.778037591970424
328 5.258483736093441
329 2.723871060886696
330 2.7394034342352405
331 5.1276716170394545
332 5.93196195560442
333 7.030613051781534
334 3.53252759648051
335 4.497290290622963
336 3.241603247782197
337 9.12192161551023
338 7.3261404303788185
339 6.425115374092343
340 7.6651957816565846
341 2.923692660663686
342 4.57368657357303
343 2.943541379586439
344 7.111925983912736
345 4.394968420327501
346 6.351005763659772
347 2.727135695138217
348 2.9019122900973855
349 7.524659101468531
350 6.537024422827869
351 5.694400719428914
352 4.414553336832193
353 5.316086568866424
354 5.2560868947235075
355 4.015428484031842
356 3.690922505075444
357 4.015702009205516
358 4.15093826533827
359 5.142322123884545
360 4.303124285203845
361 4.397380063438963
362 4.388233441052827
363 4.721128834369232
364 4.307776635064524
365 2.705885457502007
366 2.9050945301828235
367 3.459617922189267
368 2.871682206902969
369 5.470461379063634
370 4.765670890405777
371 5.113256489328506
372 4.463346793783257
373 3.9655358582339075
374 2.7480130362244637
375 2.678245526484436
376 4.224870055469949
377 5.1822943594502515
378 4.820252919308563
379 5.027186397239499
380 4.8428666132881375
381 5.460593816644356
382 4.317115460375858
383 4.9626599475643065
384 4.116822727850329
385 6.016164760230123
386 6.9652098370493825
387 5.043477560407724
388 5.301329971433046
389 5.462701076225459
390 5.41435354174508
391 6.4972644838202305
392 4.819067251650574
393 8.815004597241503
394 8.746595129382511
395 6.031563550172235
396 6.482906070357496
397 5.417267802172359
398 6.298221909609173
399 3.079170056917621
400 5.960234160152221
401 3.84127219058054
402 4.259575583835224
403 3.110963145648345
404 3.9149058478036123
405 5.494018991181221
406 4.101749782895177
407 2.8379387426003393
408 5.01498381478003
409 4.921947870350448
410 4.126502961484841
411 4.82169122854726
412 3.2768591592333176
413 5.446825104115961
414 2.6592808592666604
415 2.9072987817525293
416 2.65888500043808
417 2.751848817358988
418 2.7701820098812
419 2.788659520294545
420 4.615680752408711
421 5.91138919677853
422 2.7177930386352083
423 5.160204572366979
424 4.653401909500362
425 4.424217182069308
426 4.402348026097349
427 2.6802750016063404
428 2.79602917253188
429 2.9166682102375217
430 2.7021845336066788
431 2.7166522164526303
432 2.969701877288614
433 3.745881214638551
434 3.327620351888708
435 3.288083674067271
436 4.177167516820865
437 3.9724751064700548
438 5.34394643561583
439 6.228106526922557
440 3.3316457909957773
441 3.9298236816354364
442 3.4733451494885026
443 3.199576431083268
444 4.337561903900222
445 3.8356208223612174
446 4.575445830491551
447 4.5091986814717
448 3.5975527434294663
449 3.4968010213231677
450 4.682850726287566
451 4.856902266797126
452 2.7048460008927107
453 2.7692725864521393
454 2.8924907981105443
455 2.799441482724121
456 2.9000301825580053
457 2.5603886345575075
458 2.684707052209143
459 2.884255489377484
460 2.7333664820392154
461 3.5845071925989025
462 3.8056988468534736
463 2.6482762999175824
464 5.319618598807797
465 4.2212809464072505
466 4.683161853281226
467 6.194547370295805
468 2.7175967305010094
469 2.7379956247594377
470 3.1479949778564067
471 2.7163035392676704
472 4.3507866640103225
473 4.338180262250128
474 4.706461702394579
475 2.9056200115942556
476 2.903658843288907
477 3.993706563302011
478 4.637321051685351
479 5.5400339968212755
480 5.312682496801912
481 5.1493736320009305
482 3.0796883202121386
483 6.8361543584681925
484 4.144290464663938
485 2.8127526498179862
486 4.54766901188263
487 3.636727776325177
488 6.684930146262081
489 3.92979728788911
490 4.822397846708355
491 4.87567118990396
492 6.8961110364562
493 3.5626661247224947
494 6.308155319616729
495 5.845427126949854
496 4.6197641770313105
497 5.410535637806865
498 5.508456133895143
499 4.777245162239299
500 4.329765633137538
501 5.1288643685124296
502 4.956168283393292
503 4.362897204938103
504 5.271475759197043
505 3.4723737871485936
506 3.133256861326559
507 3.581247699199266
508 2.9076186082839834
509 3.9105720481096062
510 3.5143693251528534
511 2.7927395417966574
512 3.7359977570974414
513 5.1267897047851285
514 4.22408185659179
515 5.326373607036912
516 2.7465324680147956
517 4.4936918994085815
518 3.6036997992858812
519 4.056638606222177
520 4.087105938388098
521 4.0253714743811795
522 3.5552566766687623
523 3.3722310889598943
524 4.905407696832261
525 4.252477487709441
526 3.927709098436829
527 4.654101536587525
528 6.318739495930328
529 3.7924713489866506
530 3.818434577578859
531 4.267093290943577
532 5.58061449873282
533 4.151378250034069
534 2.9283016169404865
535 4.808660050269915
536 4.1535050997651695
537 2.7694032602150864
538 2.6837990272043197
539 7.438074494281192
540 2.7349162809849235
541 2.7142212973514273
542 2.835227096243188
543 4.7675262426790725
544 3.8862790076211544
545 4.137237876617826
546 4.834329825622089
547 4.935968914340677
548 2.8686462945367057
549 4.870580058249657
550 4.634620005263773
551 5.38710336277416
552 4.8716313526594925
553 2.6639172958890236
554 2.799301664019099
555 4.493889155580142
556 2.7277661570955782
557 2.691131500450354
558 2.7611760145083992
559 2.9650178893063526
560 6.221338331008827
561 2.866844431393081
562 2.5912315418811813
563 2.622849650181656
564 4.557485789532387
565 4.6827598303148825
566 2.7676086240386346
567 2.7677675844083356
568 5.290688191165307
569 2.7795717719855477
570 2.8181696864123866
571 4.258980414315776
572 2.8877065928157286
573 2.8778039199146983
574 3.9573582579765816
575 4.770648917831482
576 3.9650641437382483
577 4.819532309718704
578 3.228894268532993
