0 17.164735700730226
1 16.91132885504993
2 17.099873140396866
3 17.002866282329503
4 16.98388545706547
5 17.293650817677563
6 17.417124719226486
7 17.29723762375412
8 15.948745784091157
9 16.77503137687821
10 17.092500424491284
11 16.94329422993059
12 17.294036956898033
13 16.91568005102605
14 16.495727343287665
15 17.271530833596067
16 17.20413181215078
17 16.452877724832604
18 15.62656372587638
19 16.3820751524223
20 16.896323760044186
21 16.494375118193876
22 17.16386332201584
23 16.709168649346616
24 16.72279790933427
25 17.65500405747557
26 16.585661162992274
27 17.267645649720944
28 17.443411121320704
29 17.54503711631891
30 16.1721504678713
31 16.453452039533943
32 17.167598890263317
33 16.48880545507536
34 16.93072591651837
35 17.623333904772256
36 17.640077384441692
37 17.34089009324207
38 16.94326116893204
39 16.53211161193792
40 16.80780001703707
41 16.41097692817907
42 15.891367235377801
43 14.818146074543263
44 16.391097200449973
45 16.483219379316814
46 14.539911399896011
47 14.727742521310944
48 15.486387063466783
49 15.423061130052364
50 14.820365431636768
51 14.003536089813233
52 15.733574019797105
53 16.79159357478303
54 15.442967805356304
55 17.640848511528038
56 16.251195459146825
57 17.612657489350415
58 14.828775699537694
59 16.570978620038687
60 17.085618256996828
61 17.142805058412776
62 16.463825290029682
63 15.557913988255965
64 15.13794859336979
65 15.826623935774492
66 14.237392807621415
67 16.34124260431753
68 16.957917753248832
69 16.3826639411509
70 16.47639434453714
71 17.04046076067498
72 14.590713811730527
73 16.099519605664284
74 14.337443930327176
75 16.892906172865302
76 16.90716631838712
77 16.881964383883886
78 16.324956531703716
79 16.294557998344278
80 16.819056301334566
81 15.39566219906478
82 17.67544866927748
83 14.210206878379216
84 15.12904436172474
85 16.885177993324284
86 17.469404069644455
87 17.11372616580038
88 17.81926337520788
89 15.80472700112064
90 16.19489974042818
91 15.156924303258267
92 16.928818116624207
93 14.873205756461262
94 18.239514290597363
95 15.491638516446054
96 15.138516949230224
97 15.559465759515723
98 16.05743173859218
99 14.861955343372
100 16.631160573541337
101 16.640721269428102
102 14.470437743455177
103 15.080687525484317
104 15.231279462496513
105 16.18400883075463
106 16.65239129124889
107 16.886435139383355
108 17.014012012273444
109 15.351463665876592
110 16.628131104745176
111 15.661130430337769
112 15.421890548884903
113 16.976662108260705
114 14.60820502529298
115 16.85792978845737
116 17.08345226255356
117 15.330598853648645
118 17.323967146728062
119 16.142611564793715
120 16.306616948007257
121 17.58841648657393
122 16.897532313674112
123 15.37317595551608
124 15.911850541423629
125 16.63412549575055
126 16.792152439923225
127 14.988258729395444
128 16.090077614441807
129 17.616937739872164
130 15.973646235207472
131 15.088625958029203
132 15.269419091862803
133 16.370328335784833
134 17.39509537247011
135 15.428381507473999
136 17.19471605186534
137 16.302450323435814
138 14.922934177094472
139 16.451334918563003
140 17.27560038549674
141 15.655583817910255
142 15.239124533468313
143 17.72956368275339
144 17.454759932554406
145 16.316932408171454
146 16.687164370241295
147 15.588387969490205
148 14.434378358461403
149 15.00690232771444
150 14.394714557234375
151 15.38296862491043
152 16.330409750434843
153 15.314431093335116
154 14.67281714090322
155 15.211315523133173
156 16.759698071687296
157 16.582301995330486
158 15.444377321421474
159 16.719075096373874
160 15.958782354433541
161 17.429291048944247
162 16.091595340705926
163 17.076204240619102
164 16.91235530057076
165 15.521047547619956
166 17.48328107437903
167 16.59532563573389
168 14.972972333954273
169 13.890609237006057
170 15.149149361537523
171 14.930233604718063
172 15.682376438111218
173 15.600138162883141
174 17.7849116610126
175 15.9761130178335
176 16.3011517868976
177 16.049330307006795
178 16.32791517041017
179 14.865364405089574
180 14.889179208371493
181 16.71856399004484
182 16.092639199131877
183 15.395273762835307
184 17.10138927293233
185 15.362777830723784
186 16.01545454279284
187 16.559766449688176
188 16.765602299191734
189 15.054762163388414
190 14.855527514265958
191 15.612295449696358
192 14.151406890482878
193 15.64636719608965
194 14.794769842170066
195 17.8581099888684
196 14.717156329486475
197 14.558814322157946
198 16.960007038751435
199 17.010222088314446
200 16.389378568170848
201 14.93207559594844
202 14.184655700777851
203 15.177649417063002
204 15.359500362752875
205 15.650022178819587
206 15.176195184929826
207 15.07042687999719
208 14.69234325786208
209 17.383411067793272
210 16.631131370569943
211 16.25844798930089
212 15.36335753338422
213 14.884089562886519
214 15.040901656795983
215 14.644894163802796
216 15.278011434192017
217 14.007856105493396
218 14.641390841392708
219 15.253235159684781
220 17.330053843699105
221 15.683633106615499
222 14.935065600830994
223 15.617178162025024
224 15.923680483710513
225 15.722013243521236
226 17.431787402235635
227 15.455386570229404
228 16.035297826558494
229 16.30809087810233
230 15.05698443259114
231 14.548074402576157
232 14.545970095034987
233 15.073302783391508
234 16.884445707242612
235 16.753015853290353
236 15.281977615236947
237 14.452802880273774
238 15.449347381094073
239 14.537658001853679
240 15.04992459437728
241 15.614870640583876
242 14.392035449894776
243 13.201568704647135
244 14.054315236483463
245 15.123812257029927
246 16.521673781019647
247 15.93201830246043
248 16.481849055974156
249 14.805245880491677
250 15.35524948807687
251 16.53096800186903
252 14.236242899721598
253 16.719871505121155
254 15.460409759365444
255 14.201322465414977
256 13.927792164663856
257 13.792282146102302
258 14.620682060146176
259 15.817450690444076
260 16.213823441256267
261 16.797940418497326
262 16.33456644487104
263 14.611820894676251
264 14.777404891102556
265 16.320968946068543
266 17.919567920507365
267 16.734214292585335
268 16.057997361875884
269 14.285612839456084
270 15.070418988422935
271 14.76004681947332
272 16.12445659820069
273 16.71787374106712
274 16.003842222845652
275 15.453182253011837
276 14.074265196388385
277 13.762493089866025
278 14.747993566606429
279 14.506414757129628
280 14.518108160313611
281 15.522730295456835
282 16.158441083533358
283 14.277484866171818
284 14.390944159255024
285 14.45598072805372
286 15.64238824618154
287 14.81139655424834
288 13.779363612453585
289 14.312625487411214
290 14.812910503518646
291 13.933358281043018
292 14.44948152951324
293 15.083455877553074
294 15.421737093395913
295 15.808966003033142
296 16.500191185974487
297 16.29701931505568
298 16.620341001836895
299 15.764210133663857
300 16.355137598660622
301 15.30993365200691
302 14.023930608648463
303 14.35977146513545
304 13.740520476128378
305 13.755822143247938
306 13.550994316128502
307 13.434166816952372
308 14.224931997433007
309 14.291629298133874
310 16.302528665863992
311 12.799570107629489
312 12.187023429182412
313 14.835924275604418
314 14.194877639992034
315 14.534222021519655
316 15.314685275306372
317 15.167489640774841
318 14.025450322085565
319 14.23144090392181
320 12.164168081023181
321 12.827701776804656
322 13.523845807313167
323 12.40033722211866
324 12.426783726875728
325 13.250960330980451
326 15.561055850534903
327 15.368082955802484
328 15.206720629168032
329 16.9336004124402
330 13.09183834088277
331 15.075771234570327
332 14.493987606982651
333 12.780342209393332
334 13.741271296208366
335 9.365377557322095
336 13.044054558560948
337 9.14463055221212
338 10.120847743776766
339 14.460672982815305
340 10.33064561761886
341 15.80301556817513
342 13.993551679936774
343 12.828658260501749
344 15.778133768537652
345 13.560508577674998
346 10.323068223421634
347 9.458727703056674
348 12.087579851520779
349 15.953502179142474
350 17.0349806744349
351 11.922687513052503
352 13.58313084290347
353 12.828682112177567
354 15.034175648234216
355 15.411676008451758
356 14.707484556895363
357 16.252171046550504
358 15.643577199435285
359 15.021734521475075
360 13.080524715132636
361 10.719659053501088
362 9.93943943549597
363 12.838959782923382
364 14.437565161169866
365 8.48413516439832
366 12.242941492055255
367 18.36498317746555
368 16.109470334930844
369 17.3700700755024
370 15.007920935644428
371 18.855263967021536
372 16.736349875264345
373 17.015998400116892
374 11.663084604124231
375 8.230896430119023
376 14.4227625744835
377 10.16664282125718
378 13.977748000936561
379 15.382088043128373
380 15.711625182376107
381 12.635446824883394
382 14.511337733138744
383 11.92007196397421
384 13.057802098799575
385 13.248163545739322
386 12.405769324923467
387 12.070751320284621
388 13.190948616132024
389 12.471075559584893
390 13.412893540433743
391 12.917857130313724
392 8.518163692043297
393 8.704128720602988
394 12.932225855904258
395 12.251846989871902
396 13.443443197077988
397 9.543139043808388
398 14.061499638588915
399 12.379151219884951
400 13.46360991571268
401 16.048733963613167
402 10.226121636790337
403 9.562825624258146
404 15.54833657807113
405 16.051941631706452
406 12.503507193826291
407 13.854601060674472
408 10.644614716069523
409 12.042919241847613
410 10.169045994275875
411 12.432833401571848
412 10.99299365933915
413 13.961987741110928
414 12.397691136958018
415 12.778044430552935
416 12.296314199469824
417 14.608785294788156
418 12.210498480697776
419 15.265776231909651
420 11.097554461844009
421 16.890904940756595
422 16.96169886181006
423 13.826527935875355
424 10.500387366175582
425 11.026046919929561
426 10.87730140339991
427 12.091638719066623
428 12.523452030181652
429 13.47410653403758
430 13.230074145736724
431 10.692336124240306
432 10.750452405578432
433 11.470815519223406
434 10.523505384163531
435 10.008407555623982
436 8.45393151513973
437 12.854069282785858
438 8.421800745566763
439 12.138623295849563
440 15.542768317619203
441 12.10891296760055
442 11.203570621499116
443 9.091649178638965
444 9.022661369105904
445 11.810393413870948
446 10.557858114882837
447 10.154984315391857
448 9.113883386149922
449 11.745014303831868
450 9.417448416278411
451 11.394753603351813
452 10.563208752439301
453 17.662727211055188
454 13.652730336514544
455 15.402861555119827
456 10.999195649310337
457 9.894289084305553
458 10.287606745278177
459 12.461880393982742
460 15.397504882126942
461 16.46077820763101
462 13.563115427210153
463 9.58992537761651
464 9.028146318885494
465 9.538185211088656
466 6.911513630689902
467 7.890304004921535
468 8.272407733977639
469 8.188087565570008
470 7.700440283727566
471 8.13228855229199
472 9.016980152797577
473 7.839079287236656
474 8.645777256365706
475 9.822481615181344
476 10.517082208818984
477 8.855020817873012
478 8.333537165158774
479 8.08820420378206
480 8.430163083013747
481 9.008571654529826
482 8.916027604040536
483 8.755263366264705
484 8.862691073507632
485 9.391583007175978
486 9.053198446297783
487 9.131252777655005
488 11.278703330962628
489 10.74380130637724
490 13.391023361761876
491 10.506838782490554
492 11.218388339282534
493 11.253454407248473
494 14.276339261480583
495 14.317334356089653
496 14.720851359593707
497 15.161739704794456
498 13.586912509421486
499 13.883563556248546
500 14.784483813908972
501 15.139518829013982
502 12.697249524855291
503 14.382746077663617
504 12.583172105733897
505 10.027641944693684
506 12.140073498961943
507 12.943259098510012
508 15.81441677767955
509 12.627520341581606
510 12.9229302928422
511 13.54069169063741
512 17.440610565077847
513 17.567150003143098
514 15.053709896188646
515 17.060353469802365
516 14.376243057913024
517 16.884560166031363
518 13.855052155298207
519 13.918365576646599
520 13.730749929363489
521 14.25645593575883
522 14.106450228742442
523 14.280425136566668
524 17.803967178789826
525 15.05548952956634
526 14.097141717326116
527 14.176428263693978
528 14.872027614442127
529 10.38615905775329
530 12.973540647958425
531 11.96554341709676
532 12.160162543406033
533 13.226400998671647
534 12.251648640683207
535 12.755963333218203
536 13.082805510081633
537 14.904505363655238
538 12.430066922946047
539 13.259036121171068
540 11.83049378275166
541 10.672477667732988
542 10.714943526764191
543 11.051906336427324
544 11.715171866665232
545 11.547021118688225
546 12.02713121841915
547 15.425164269381591
548 15.49503776682244
549 13.23221749226899
550 12.381895522885308
551 12.320536751636826
552 13.350498304442594
553 12.414170103464464
554 13.431425185348212
555 13.303583931173213
556 14.394526933606578
557 13.637516208506728
558 14.727861023469968
559 13.170955111626823
560 15.361727248545263
561 14.297021818745607
562 13.72600874189724
563 12.97114013171071
564 12.793783658230085
565 15.04908367457831
566 13.928556510971601
567 13.829387591301076
568 14.042308431236405
569 13.60287771685874
570 16.492486569349303
571 12.99029014391792
572 13.498633935340758
573 14.218358890523163
574 13.063633182193799
575 12.879222874256962
576 15.183454224745988
577 13.269814351037683
578 13.249238421063655
