0 3.027221821347973
1 2.9722251688123875
2 2.90420292738615
3 3.057222044273908
4 3.0161193902905024
5 3.1010605286468857
6 2.846857091539739
7 3.072882564640984
8 3.468080956614394
9 2.639613329152224
10 2.800111689926492
11 2.9032708581972586
12 3.246163911883732
13 2.9033322187890738
14 3.3553134683125134
15 2.7964498304398737
16 2.8090649044926126
17 2.7506763255530395
18 2.7050135583748425
19 2.7082084912916393
20 2.83192794230116
21 3.120807682583333
22 3.0730623327739734
23 3.0067562484555554
24 2.880598386011274
25 2.9022880496594996
26 3.0537650192607515
27 3.341714318629715
28 2.8322667439821347
29 2.6638206259292874
30 2.9934745320246003
31 2.6376518009297287
32 2.894958102869701
33 2.9507261125250115
34 2.8017574138043155
35 2.867459021543533
36 3.1020460666273793
37 2.6607004839558726
38 4.255181100112013
39 2.921558388972986
40 2.7999395816222794
41 3.3603238244910485
42 2.9306616430712937
43 2.9621845512501292
44 2.6927343889186193
45 2.8772718992843735
46 2.9670127371300725
47 3.1620000925191345
48 3.112059713466632
49 2.972580200826239
50 2.933477742935262
51 2.9488281616070346
52 2.815727669755148
53 2.9169062734851643
54 2.9523615335679083
55 2.8491239388386504
56 2.9370003878529656
57 2.9189583580336613
58 3.4468001628470417
59 3.0795128305240116
60 3.038869437262674
61 3.396464932086599
62 2.9282069417021512
63 3.026460634773285
64 2.737691451666795
65 2.853615546480168
66 2.9459316327117646
67 3.3359043159719013
68 2.7317286941781784
69 2.8124809110018716
70 2.8038426483911465
71 2.8259480661799854
72 2.812795871251239
73 2.5867097882258614
74 2.988884605312767
75 3.1636677719763115
76 3.015603676143379
77 2.754092875724244
78 2.97112302743588
79 3.063919785966639
80 3.0158229524665754
81 3.0581125714683854
82 3.007772745664716
83 3.0865965530079085
84 2.9142743125805843
85 3.144777214618685
86 2.8582866890107126
87 2.855101017218333
88 3.1542744374990366
89 3.099109444567501
90 2.8464861527189154
91 2.664257962178943
92 2.673422116993349
93 2.793799149319502
94 3.1637559885063786
95 2.883694986087221
96 2.8409324195276553
97 3.060626604504937
98 3.6766299660418764
99 2.9836452600962637
100 2.7461031834097707
101 2.7909287113414636
102 3.006992216190621
103 3.031094483536721
104 3.058142106755259
105 2.883573431365894
106 2.666663349575233
107 3.3087615244822093
108 2.863613682652189
109 3.558153105376062
110 2.676259275153406
111 3.180466698878292
112 3.159427182721081
113 2.8036452069730586
114 2.8613743506350606
115 2.926554869776475
116 2.8607161490368815
117 3.1248828940596307
118 3.221877097627179
119 2.9026386596867844
120 2.661868772246985
121 2.8504248662520775
122 2.9300344449385562
123 3.0124297588797746
124 2.6729943551387954
125 2.8742487899130484
126 2.6841486016589267
127 2.8569804902048674
128 2.9494723750650227
129 2.7153576896287492
130 2.97862826612173
131 2.720436313442875
132 2.9393506035993724
133 3.2002075607149556
134 3.190413889675798
135 2.5879284965723155
136 2.776473733687612
137 2.804842458435783
138 3.2185937082087097
139 3.1237575186500957
140 2.6447852165999786
141 3.1543518836931406
142 7.7569815529302675
143 6.069537186613962
144 5.5003031661895525
145 9.408814630401851
146 9.172365121693543
147 9.064575558250896
148 9.917020718023366
149 8.801331074939453
150 8.572781864881328
151 9.035252536014385
152 10.468148225223686
153 11.242517728544305
154 9.109976842552816
155 9.952382810880406
156 11.340217251849296
157 12.61845426896893
158 11.253177064680152
159 11.924449087057706
160 10.900049332748598
161 11.546068610348229
162 9.944720639090464
163 9.415589908627178
164 10.533871798109601
165 7.962397230691819
166 9.042310048488885
167 12.516502621642882
168 9.921109308249516
169 11.361571042293297
170 10.115142085781484
171 10.958992682338447
172 11.777755246956247
173 10.318113580299082
174 11.103149120625757
175 7.54795506348037
176 9.168533106046818
177 8.041978271862606
178 6.958411823435076
179 7.290783011202217
180 9.016790883848554
181 10.194646500713388
182 8.775472290181042
183 10.764748542965817
184 8.224688309056015
185 8.998247128034382
186 8.596004486040815
187 10.800531279571914
188 6.364592254319186
189 5.213110615351393
190 5.5383434828991085
191 7.050765416412856
192 9.531518503076766
193 5.805557511678986
194 6.546045824215358
195 10.408905889541108
196 11.44485914241578
197 10.488386049939692
198 10.585720498277732
199 8.57997138866934
200 12.809785172968953
201 9.440255395284622
202 9.76676653644463
203 9.849283125270425
204 11.357211042628883
205 11.758087933612206
206 12.21847672090216
207 12.268823732043066
208 10.095541149287063
209 11.60532249293806
210 9.14280325708971
211 9.471546510915422
212 11.040319321819878
213 9.065377952117895
214 7.6376224094946
215 8.624980646126744
216 8.781899754098832
217 9.385560507250128
218 8.466893585255947
219 8.005988654861154
220 8.964893814187489
221 8.584092740460283
222 8.5435971429443
223 8.558567656217885
224 8.800529935457764
225 8.806738052516932
226 8.337032255886271
227 8.760219553476192
228 8.551465079412319
229 8.030497441856612
230 8.43472352274393
231 9.11541502453691
232 8.98221239514377
233 8.138757836317884
234 8.634685975307995
235 8.428914803635577
236 8.898781901909834
237 8.39701484616814
238 8.404388139443501
239 8.80818560888802
240 8.285343554974016
241 9.105509287965829
242 8.677150734335441
243 9.268767004199107
244 8.831580360072161
245 8.608498760163076
246 8.633051319526198
247 8.374356596883871
248 8.334344184384843
249 8.443081327964393
250 8.549283717706194
251 7.6532141148903206
252 8.297974634288318
253 8.157088225411417
254 8.416816075773124
255 8.256886592361674
256 8.589897831930712
257 8.742005084932861
258 8.049722142771346
259 9.036188859455407
260 9.065541128784012
261 8.567640276396025
262 8.934109599002314
263 8.89192495305336
264 8.651350064308776
265 8.591373184454838
266 7.867036880791213
267 8.308633267912485
268 9.377883971099301
269 9.055978153862762
270 8.718897555128418
271 9.537649491819009
272 10.7981419472025
273 9.272930594984471
274 9.719233357960679
275 8.69025756058044
276 9.629906544566337
277 8.796360412271
278 9.779795928342523
279 9.711911440817703
280 9.10580500622102
281 8.687199517857016
282 8.688043300391527
283 8.45461900975347
284 8.629991713129336
285 8.948054652804752
286 9.636406609557913
287 8.931869759659808
288 9.036762359180564
289 8.307683962325866
290 8.248888915328987
291 9.03240025614225
292 8.05373118551934
293 8.029875090740182
294 8.316594558022535
295 8.291162671132199
296 7.629078299370645
297 8.883564322598916
298 8.088721984807039
299 9.069196063703478
300 8.405783559474337
301 9.038557378218906
302 8.397196441250674
303 8.439935144544394
304 8.787853789520883
305 8.483878577425708
306 8.389467934426019
307 8.722593352283798
308 7.945045078437544
309 8.142367769818353
310 8.590848843056524
311 9.86706875908835
312 9.059207678775355
313 6.956103200784851
314 7.305627556421282
315 7.553711481564782
316 7.556030292605662
317 9.148715547263926
318 8.161655562796346
319 6.892953137462777
320 8.27841203230237
321 7.858223422523026
322 8.665980268473039
323 8.637848524990085
324 9.283224067918873
325 8.705160369961716
326 8.708527954071254
327 7.332920632691574
328 6.440767310867826
329 4.294236665992965
330 5.885500601891692
331 6.1902172574439085
332 7.830212684076198
333 8.848674191230723
334 6.486513247081315
335 9.251236857784052
336 7.705663075167269
337 8.564576177849066
338 6.838538129435466
339 6.6109232305370655
340 9.129339785458138
341 8.802868447924029
342 7.697152746010328
343 6.7899477855704795
344 6.809820652025536
345 8.60170350648979
346 8.035260108498994
347 7.426584288464001
348 6.739833347744777
349 6.8548396126464075
350 9.70394753721469
351 5.753758379078517
352 6.303483837308332
353 8.336722125075637
354 9.462609464441936
355 8.622674147729109
356 7.432515152597088
357 7.616705593463184
358 7.184000315495339
359 7.987417459047079
360 7.207194705829394
361 7.45759682500093
362 7.492723037622258
363 8.779514809871182
364 7.55153708419766
365 6.91600103546536
366 7.92327989281463
367 6.722285439376691
368 6.550607768709704
369 7.080993062367945
370 7.225152458689556
371 6.367784504560863
372 9.049438295167851
373 3.3046319277613074
374 4.729846895282398
375 4.646123692409198
376 4.264076827128861
377 4.573227441119418
378 4.713816758893112
379 4.766279438683268
380 4.88793000080343
381 3.551498487691937
382 3.948892153712072
383 8.038351515392751
384 8.466512390205006
385 9.056330970891818
386 6.278564588810046
387 8.441602648437618
388 8.939891378517196
389 7.298771900958994
390 8.98985234236327
391 9.536093954900839
392 10.07649944354786
393 8.393852102774149
394 6.850667406330924
395 8.102435886252593
396 7.891262783335268
397 5.887150792010482
398 7.720938837122181
399 8.774651426320254
400 8.200569071040194
401 9.021079712983155
402 9.115115254974455
403 7.361275951497091
404 8.294117630954005
405 8.059171118818245
406 6.637412324843791
407 8.411459929137017
408 7.38691763789721
409 8.02452309983972
410 6.951632422430198
411 8.109150455887923
412 7.050746470326403
413 7.634248370375648
414 8.510215946427156
415 6.63996698510405
416 7.500770232076231
417 7.057977807356933
418 8.30885082893683
419 7.234250272079006
420 8.263423661395807
421 8.356121588759478
422 6.300154436980719
423 8.075981388140598
424 9.515585525312256
425 7.663245562874896
426 6.636924808114967
427 7.985263285093043
428 7.421969821514008
429 7.707069423948307
430 8.401119927929871
431 4.79330937814494
432 5.414030218824009
433 7.25492324302764
434 7.600781139725394
435 11.070354006389636
436 7.949050395607656
437 8.651730121274063
438 8.458973789136083
439 8.460963685328764
440 9.179296033689177
441 6.212402483982598
442 5.001497051579167
443 8.900987398697932
444 8.817534370200176
445 6.103455880080115
446 8.201089608317707
447 7.0372261131674
448 6.069775944390143
449 10.048444524149046
450 8.905822761073898
451 9.407006118370237
452 7.3330214236701785
453 7.740368426964125
454 7.950702103095833
455 9.7076568920752
456 7.6282564150651275
457 8.695845577066857
458 6.633240401184024
459 7.36361620020892
460 9.28756996626734
461 7.563268135393469
462 7.295895114658972
463 8.446270296094962
464 7.15512876885434
465 8.119960439543487
466 10.065684335186367
467 9.285665680223149
468 8.931380837113341
469 7.788186687790166
470 10.177480355464217
471 7.258902645454939
472 7.919700668278737
473 8.289387347815959
474 7.24365989608346
475 8.948084473872317
476 7.444533382857753
477 9.246314471010246
478 9.073129683650558
479 8.047200122790528
480 8.297336043371827
481 9.950630992409769
482 7.888273126940404
483 8.667382857512482
484 8.536799727049123
485 7.580786893828929
486 9.65679653747119
487 9.395607901655069
488 9.117386613675436
489 8.467003998808242
490 8.385626390673364
491 9.519373087956865
492 7.127294387981689
493 7.836987345137842
494 7.4514206054497585
495 9.196697036695365
496 7.011757267502376
497 8.659721369181657
498 6.954462934465828
499 6.793038455195689
500 8.22771459400005
501 9.624674392900667
502 9.033470617125149
503 8.72602269998142
504 5.021952611749301
505 5.253522753346723
506 5.338078930500377
507 5.757331446747942
508 4.936128189146942
509 5.601949768334029
510 5.665548688641392
511 8.965227182255829
512 7.904484713391026
513 9.336012607153043
514 6.820481414255175
515 9.41264266644054
516 10.861560519154763
517 9.945982008325313
518 12.207379184671593
519 12.611583932531602
520 12.85202747694517
521 11.682266879602293
522 12.85006275265733
523 12.122754016527235
524 12.075316612815257
525 11.930127386675244
526 12.75286274717872
527 12.206773907181043
528 11.464952002547404
529 8.576952690617567
530 7.205721341866067
531 6.203774072624923
532 11.915223409209865
533 8.528857633483208
534 8.2381344912542
535 8.960284623084746
536 7.91339577118613
537 10.32817002644024
538 9.077430886542187
539 9.385027021068518
540 7.744949725200995
541 9.680985769620793
542 7.700571758148098
543 8.431107376547748
544 7.989007380134416
545 9.306880641230023
546 10.58831708341593
547 7.144466711068464
548 9.482078744640706
549 9.35021654922516
550 8.023937090299365
551 8.720551302611906
552 9.043139557479345
553 7.2696772950430395
554 8.312310073584364
555 7.29187840063216
556 9.041383535005092
557 9.168253341108386
558 5.29638319554016
559 5.450784282057942
560 7.789405439124055
561 5.019804065908368
562 7.984113533734207
563 5.51723276874761
564 7.685449759951023
565 8.927715205932184
566 8.791296334501498
567 7.520447453641776
568 9.299412905921137
569 9.289880194286125
570 8.51748755149056
571 6.622949602552874
572 7.575838324691716
573 8.884727357155322
574 9.917081153355623
575 8.427321643761175
576 8.494942555631045
577 7.492077577289991
578 7.510582424708247
