0 2.54456503332424
1 2.55658756010873
2 2.6050189100825984
3 2.5704659856130285
4 2.6518514061295297
5 2.652198598459257
6 2.5195545251315834
7 2.591040726259499
8 2.6002958050436566
9 2.619852434606822
10 2.5778415979469727
11 2.6119965285571536
12 2.584637567167637
13 2.65538732861945
14 2.5677325172615784
15 2.717199893196488
16 2.655153601271463
17 2.5331749820971825
18 2.650967599310246
19 2.6077391403357733
20 2.55047173905872
21 2.700422505392879
22 2.603287615346981
23 2.585938244959474
24 2.728658650665758
25 2.728705292088717
26 2.6531495531594533
27 2.6344518080873827
28 2.556703078105804
29 2.4897949541898092
30 2.7268314589063394
31 2.767042722256314
32 2.6314112630275046
33 2.6467572395115555
34 2.55304170413689
35 2.576881269798076
36 2.6773434466742807
37 2.6362811660093617
38 2.742976472664356
39 2.5840987974922545
40 2.638465059615592
41 2.5926043186583474
42 2.7616011091945745
43 2.4963786946957267
44 2.644427247372115
45 2.608158907925969
46 2.71494769129867
47 2.521548842361712
48 2.5297739476096837
49 2.575069177195552
50 2.6333960193863497
51 2.5776656588584164
52 2.756809282492817
53 2.5046261762753197
54 2.6283412612141457
55 2.66965612879212
56 2.6933381274406725
57 2.602700889058525
58 2.7557378625024294
59 2.5784752023861426
60 2.675885561492732
61 2.56888164722791
62 2.586382580813804
63 2.570360076230024
64 2.7212781198724674
65 2.5297710562148583
66 2.658953861382976
67 2.531499099020692
68 2.6919149465256424
69 2.495430027985065
70 2.6177962895062072
71 2.63652070733618
72 2.6476022211814456
73 2.5689825837804183
74 2.598668830356137
75 2.6599240642235626
76 2.5587045883682262
77 2.5898362903791856
78 2.6824283037772467
79 2.573305614531669
80 2.6801490470299676
81 2.6614078914192465
82 2.6333857258074773
83 2.6922420556732924
84 2.642954431195805
85 2.653944799756694
86 2.5749691663820453
87 2.635172898054499
88 2.6909612050911997
89 2.5753204418876305
90 2.5469502734661105
91 2.574040601926176
92 2.662910878043658
93 2.645996557756555
94 2.5406554947198714
95 2.6289228860891694
96 2.587506052102803
97 2.5806991472886835
98 2.559651497312489
99 2.4946543019168836
100 2.6486797841778307
101 2.5880880367050394
102 2.5632726770707017
103 2.587147831254806
104 2.6556655784574805
105 2.8317584401100278
106 2.6253887926200195
107 2.624417820745046
108 2.675655088783659
109 2.6573669313371115
110 2.604493063089738
111 2.591381638633837
112 2.631783188923154
113 2.4993612630423483
114 2.6248377522459365
115 2.632746419988008
116 2.6252637930559026
117 2.6236710650450643
118 2.620807655703389
119 2.622833216503116
120 2.62084266842297
121 2.6801732042898863
122 2.5786295211338754
123 2.5752869590032503
124 2.5366918049556157
125 2.640299411918233
126 2.5961409665905273
127 2.565552833685046
128 2.691372415870897
129 2.642904024379207
130 2.5771980386263547
131 2.731258425268497
132 2.574202675350438
133 2.560936896258677
134 2.6464625059654754
135 2.763689853745371
136 2.6238352228091326
137 2.6312874367223054
138 2.57811293714313
139 2.6828388306862716
140 2.5480742479296024
141 2.6173907319185696
142 2.6514443861062182
143 2.749409005731307
144 2.8235120148939594
145 2.6718575285764623
146 2.513332357375568
147 2.7280639476348068
148 2.8195875583999372
149 2.7043229321176905
150 2.7398249633190295
151 2.7187344828423945
152 2.521485703286389
153 2.585680139429446
154 2.6217696440859672
155 2.7312952190458706
156 2.6957717657503397
157 2.8891100803794774
158 2.860767069500304
159 2.6844484323390763
160 2.554534589955033
161 2.608224672094304
162 2.499716486666414
163 2.602675275401097
164 2.5036536983869953
165 2.7012544903291924
166 2.6055941000821936
167 2.598517462403005
168 2.6140984403410217
169 2.627496035972533
170 2.6209299678136357
171 2.7859499193384294
172 2.792331087648526
173 2.617277538970697
174 2.5767236986742645
175 2.646655193451911
176 2.56885095225955
177 2.7319125876021793
178 2.683908467707084
179 2.6876703453367465
180 2.578116652528139
181 2.6332139844625435
182 2.6223712720479715
183 2.562076036128331
184 2.6144727339093863
185 2.5058126292845095
186 2.605560657202536
187 2.54567076739373
188 2.784388215156785
189 2.5886198758755996
190 2.6976525045719777
191 2.8075237183379955
192 2.710165244653826
193 2.635262316226108
194 2.692352637387605
195 2.531302093903358
196 2.546024459588523
197 2.6268729195218468
198 2.6027783535018596
199 2.614891691502392
200 2.783876739497486
201 2.5910036902621743
202 2.605132654472454
203 2.5333143799716185
204 2.53690383612806
205 2.6358375418252766
206 2.862288130652946
207 2.695108140862215
208 2.623778918116212
209 2.6357190607218333
210 2.6445942685186665
211 2.5498722436303196
212 2.789856450736939
213 2.648309482670318
214 2.713042756550759
215 2.7403953768309797
216 2.7176503408859762
217 2.548541545468896
218 2.660295828438949
219 2.683872924190697
220 2.4829473734863594
221 2.5975770713724478
222 2.5856175549354816
223 2.6739963764074495
224 2.6165408608809178
225 2.5791665515779756
226 2.6555456927067778
227 2.7468758938199023
228 2.680260777214326
229 2.894076342982692
230 2.636157918913385
231 2.6186316983084454
232 2.602060002298144
233 2.678184745974172
234 2.6918003902516925
235 2.7585615750269796
236 2.730990886616923
237 2.643804052418241
238 2.625134084940567
239 2.7072563788696087
240 2.5350200097091493
241 2.678164348528857
242 2.5624729038583767
243 2.6980032943142835
244 2.6844355568059823
245 2.6082580971938265
246 2.666019302282007
247 2.5925349695538067
248 2.6505948997739193
249 2.6414689037464103
250 2.554629164107481
251 2.6412293902318114
252 2.541733060001185
253 2.862948842653804
254 2.6488051559219143
255 2.6840062999160352
256 2.6049409721254038
257 2.68558941526478
258 2.6247337740120305
259 2.7906274939068085
260 2.6712480532195144
261 2.721450912066337
262 2.5829350266765885
263 2.7704536774653956
264 2.540349590907614
265 2.6990525841313464
266 2.657570443810934
267 2.585544351272574
268 2.6121974155675214
269 2.5714727052013395
270 2.5545943214223716
271 2.69807983976885
272 2.6535878065322556
273 2.7877399960828715
274 2.6746499399811694
275 2.6603871141351743
276 2.785355233327641
277 2.8715257871220463
278 2.554380639249391
279 2.6745526161272406
280 2.6128955118430786
281 2.846135397870822
282 2.61266145562219
283 2.809790014118058
284 2.6301930172608374
285 2.638094549584971
286 2.590514207418091
287 2.64756960958113
288 2.7326291266621743
289 2.8191165337006256
290 2.6840750888830014
291 2.646986775476954
292 2.663992962987635
293 2.550760890477042
294 2.5276630973262053
295 2.613548591317501
296 2.646687982498512
297 2.546829659642418
298 2.6320501242045267
299 2.641036745289494
300 2.550685582779657
301 2.654999052941505
302 2.684829407353223
303 2.673018988764103
304 2.702090500714493
305 2.744168234851476
306 2.678717073061034
307 2.7521458251699626
308 2.5917343926589096
309 2.6851698140090408
310 2.7509496956122006
311 2.588879734913402
312 2.5948087848793615
313 2.484465879453875
314 2.671237665818116
315 2.612419170924802
316 2.677640402370707
317 2.5651337586804726
318 2.549582051216082
319 3.0516219954404393
320 2.62198092934133
321 2.54497901298697
322 2.697050711751041
323 2.6905755022203075
324 2.6420289981879295
325 2.6130347329317756
326 2.6477788079093694
327 2.614274832044932
328 2.666393380494194
329 2.552487637218867
330 2.880992832024857
331 2.7085904323874517
332 2.7263126457377935
333 2.607104396269159
334 2.536326348801733
335 2.5359881843873073
336 2.727002579254811
337 2.574319319785274
338 2.560687837883578
339 2.7882815030451074
340 2.650989142350456
341 2.581949655973983
342 2.6101418719392355
343 2.532323159960645
344 2.631550368323683
345 2.6988852959901832
346 2.667621889467182
347 2.641354592840033
348 2.6281400776765484
349 2.7151670607966323
350 2.5244339830084805
351 2.673052541395063
352 2.637962275735778
353 2.5665626821956233
354 2.6562358123830125
355 2.668916554391387
356 2.6448544962122043
357 2.5907532376408975
358 2.6239746051529074
359 2.6976940556081983
360 2.803480079782482
361 2.6427250184146103
362 2.5980501756444276
363 2.6557375064581383
364 2.8752701648759764
365 2.6907160336936813
366 2.595178263726392
367 2.7171088736507776
368 2.526014078587472
369 2.8053396221644027
370 2.6051165411365376
371 2.593544107311601
372 2.6518513434079183
373 2.624613370382281
374 2.4820836806055175
375 2.517951203202716
376 2.5691712561796054
377 2.7879996088807646
378 2.7102067901512323
379 2.643228515000836
380 2.8030387288197747
381 2.548475051880759
382 2.611217917904716
383 2.59349104352177
384 2.5642981968256744
385 2.5591803810812372
386 2.5462917773560494
387 2.587265971368914
388 2.6777338833628512
389 2.5943988514188603
390 2.56226627289013
391 2.5980324956651915
392 2.675237831530151
393 2.576913486339782
394 2.6845717567827347
395 2.6742490769780134
396 2.616422445402532
397 2.6243779469874653
398 2.759790921912072
399 2.647964151370221
400 2.7626024096228075
401 2.549092146297537
402 2.584302784373566
403 2.7291304518007045
404 2.6373303141560247
405 2.5670137859366275
406 2.5746793146478044
407 2.8223951685510653
408 2.5915101447551288
409 2.7215322707984817
410 2.6843017872899346
411 2.609894597917473
412 2.715373711432051
413 2.6178587290633413
414 2.622814548648671
415 2.651389292419483
416 2.571067630858544
417 2.6668898014055578
418 2.613275949371495
419 2.536375758042698
420 2.714352682170444
421 2.7288665185526506
422 2.6456992319950987
423 2.6390454818802516
424 2.5851877988255367
425 2.6103386670294513
426 2.653225095950092
427 2.729182412681002
428 2.6819897661733796
429 2.51692218832089
430 2.6439824561955394
431 2.706707618790651
432 2.593635983529247
433 2.6487229194790656
434 2.7259697499891398
435 2.721001606254628
436 2.6556108467231057
437 2.7015589389692796
438 2.5796922549504293
439 2.7723126573021992
440 2.755169682584433
441 2.6552914655996265
442 2.6531232835915755
443 2.707945788874016
444 2.5315447488399174
445 2.7601787866376264
446 2.596727874699334
447 2.755983134156672
448 2.5808461128584868
449 2.6346498543970003
450 2.863307796971541
451 2.643521010917852
452 2.6255805377569357
453 2.5019325441085187
454 2.532095719393994
455 2.561169898187157
456 2.5470840042965244
457 2.576083273343823
458 2.6609654780533294
459 2.606034892672512
460 2.8208381267639666
461 2.6773210188110648
462 2.6721923718540412
463 2.6118203857157254
464 2.776084572310779
465 2.610823740832397
466 2.624020885679064
467 2.5586701154495577
468 2.6156593532434758
469 2.5957853839676144
470 2.48887305122643
471 2.601637020661342
472 2.5929742321893525
473 2.6219130567598907
474 2.543335067856816
475 2.7866379665139007
476 2.554144542087615
477 2.648192089667865
478 2.703504719799805
479 2.618526930657063
480 2.6643636648456472
481 2.5635084596228968
482 2.657710726520794
483 2.6646062584007857
484 2.6571418745115056
485 2.7394306552549095
486 2.643056209412937
487 2.7490283997410034
488 2.633133739975685
489 2.6360055714152915
490 2.5863369945652037
491 2.6666080179902263
492 2.675110538770327
493 2.584642818587767
494 2.6558322836462738
495 2.7141994100210356
496 2.5429784569148968
497 2.4810055207559354
498 2.6159890052050585
499 2.761075742069311
500 2.6559746551198566
501 2.9702159799369903
502 2.736656748731562
503 2.649726001956124
504 2.636827319883154
505 2.9896038914415755
506 2.8044483055164333
507 2.6470024293557888
508 2.673426852775367
509 2.628763511607798
510 2.6475259440873793
511 2.571327168202909
512 2.7617520216529092
513 2.6876643622812417
514 2.7555958123862707
515 2.7635196268350954
516 2.503228964759385
517 2.597413849567849
518 2.5844828499416943
519 2.6541567203640763
520 2.6431846100837446
521 2.7500025460019097
522 2.7316672478194897
523 2.7526268252698376
524 2.8142454120295493
525 2.8530032209683793
526 2.7093255197233073
527 2.7349187138192996
528 2.6916711491505514
529 2.6050565848390264
530 2.6924984788009967
531 2.79802948788437
532 2.516376391665528
533 2.571436668863294
534 2.477190257890434
535 2.62236142226944
536 2.8457229671743987
537 2.678406571384493
538 2.6248662574072843
539 2.851443455815164
540 2.641099917679071
541 2.7723850558752026
542 2.7051422716645814
543 2.6507325085695794
544 2.5941197281308486
545 2.5502274327579304
546 2.6338472059709503
547 2.5513226267810087
548 2.6281419410474594
549 2.723127726058247
550 2.6591434501470257
551 2.5921881632150985
552 2.5669449103826043
553 2.7505132279636286
554 2.6271045254918852
555 2.6582278112598865
556 2.800357492610145
557 2.558867852319324
558 2.7216640973707533
559 2.6934720695524166
560 2.610872613641857
561 2.5677579405999045
562 2.6873950256104777
563 2.6631767384290486
564 2.645703290177293
565 2.60828389360343
566 2.6523540111667763
567 2.614260131744756
568 2.585742485900294
569 2.7143295619283023
570 2.893580989551844
571 2.656915287526228
572 2.9353494353984013
573 2.5689197796964574
574 2.564568824793972
575 2.6443967990401243
576 2.6748532212080036
577 2.5887686871912963
578 2.6388860604208535
