0 2.8981480250963516
1 2.809721771267933
2 3.067164980103267
3 3.0261496290184455
4 2.8035931954177284
5 2.9562025058239514
6 3.028149232469416
7 2.896379052403767
8 2.8624448155150737
9 2.6769961491347694
10 3.912602812857311
11 2.9364356278241726
12 3.0148578021569894
13 2.8706681693355542
14 2.6557983463708013
15 2.838073020071127
16 2.9707981490228033
17 3.0844265843296728
18 2.758814240676734
19 2.7918011008769845
20 2.9104009944738385
21 4.6975180973640205
22 5.61196108157429
23 4.845438622560281
24 4.579349067862684
25 4.753944657497526
26 5.039503323343189
27 2.8472872481429556
28 2.834786981153
29 4.339037425523339
30 4.029408257646875
31 4.3963048287187805
32 2.775199165291079
33 4.674198020580589
34 4.9958280049733395
35 5.262793017923528
36 4.563591156885236
37 5.092078645922651
38 5.124451986006081
39 5.119058210178504
40 3.195873161553847
41 4.79499734370718
42 4.802401280968311
43 3.2844537015907638
44 2.812304003723413
45 2.801328631618839
46 4.543715243053915
47 2.770276940014701
48 2.789448487895113
49 4.614450611152987
50 5.320870009513279
51 5.298490963994527
52 4.904835778563663
53 5.1410565827690915
54 4.631255400488926
55 2.9451367574676457
56 2.9702622178576905
57 4.74152112437463
58 4.913595672953182
59 5.236714705575086
60 5.326354960308888
61 4.564867423173489
62 5.422320023788803
63 5.104680888292115
64 3.3024617263135863
65 2.6549375544762093
66 2.7904107495107584
67 5.9684501361290305
68 4.923412830460582
69 4.974309818251683
70 4.535439071779346
71 2.655543544153006
72 4.8465283079729105
73 4.4441228927955745
74 2.7954417329935017
75 7.0309868289618835
76 4.50826858587951
77 4.955750788061815
78 2.9642920593527746
79 4.824662694890429
80 3.026908528264725
81 2.7642359191484327
82 5.122267774457051
83 2.9271326385443093
84 2.8428510215356306
85 4.951464844992807
86 2.7025579601276926
87 4.925143368542996
88 4.810558922735576
89 5.084261075974005
90 4.961952241996294
91 4.687510183976455
92 4.747106194202674
93 4.528612952704271
94 2.8346387555666452
95 4.622080251535495
96 2.845396263493186
97 2.757255019411752
98 3.206561802321563
99 2.989179455788253
100 2.7628251392586143
101 5.5072343501295595
102 2.9338264909677783
103 2.915302355315798
104 4.971250078455364
105 5.398157820990698
106 2.9782228854640236
107 2.7275460870493267
108 3.1749825571606203
109 4.693546739343052
110 4.758405045723758
111 2.681350462109344
112 2.6543542412328343
113 2.7193150038357974
114 2.7384944996993226
115 2.847847141754433
116 3.7626319449679406
117 2.809023794289733
118 2.685314289831467
119 2.9548090816139627
120 4.120689486647342
121 2.70263115788937
122 5.279546358315295
123 2.7762447619785986
124 2.720650170384301
125 4.8632658847720265
126 3.1173111049245783
127 4.696273683872241
128 5.302695227348075
129 4.82333610367783
130 4.414266441943433
131 4.496536482541663
132 2.9037742210127298
133 4.880444317338327
134 5.472137546492236
135 4.691057063333546
136 5.389525785638864
137 3.068307235450899
138 2.935455867116807
139 2.756195425481688
140 2.714253565786474
141 5.148103555252414
142 4.697116737153907
143 2.873645050734025
144 6.194410977950654
145 4.491889602306461
146 5.1577429425503425
147 5.199028689454351
148 2.691167273864049
149 2.978339153308166
150 2.803134476466941
151 2.7745371879448455
152 2.9690102757805255
153 2.842877540327262
154 2.6471041882531443
155 4.120250165697048
156 5.100491395122471
157 3.0195062908494346
158 3.0796094715007563
159 2.828040211906498
160 2.9354541860734362
161 2.8547393950761952
162 5.703786787236922
163 2.830275875568825
164 2.6997388518170795
165 2.7687940444684016
166 4.73872189845467
167 3.174042754738087
168 2.9424208143501818
169 3.2502180217674006
170 2.982340579767902
171 4.987215491082521
172 5.567610679407493
173 5.217435326416834
174 2.756973695459655
175 4.85654188647936
176 2.6588255068383924
177 2.711277928571013
178 2.8504910175750187
179 2.806927796481441
180 4.838846142738253
181 2.7877828829386115
182 2.6700879319299586
183 5.244281484550865
184 4.434929978194309
185 2.8171494505168027
186 5.125204307455262
187 3.7808845209700563
188 4.927263505632321
189 2.9313248261990115
190 2.7849215774341953
191 2.8840462835018976
192 3.099212305838426
193 2.841531896386241
194 2.8351388429023814
195 2.851373527921116
196 2.7814676513430086
197 2.9368260802270685
198 5.233639590880988
199 5.261959629612751
200 3.0396683619920926
201 2.727313805658634
202 2.898106641059398
203 2.8483803197331685
204 2.7024266160156487
205 3.249811046916853
206 6.109722066506763
207 4.826019126315272
208 5.532022386726508
209 5.268399075981422
210 3.017832164001341
211 3.0598122680073843
212 2.7024749988348633
213 2.9319126806169877
214 2.815517235660464
215 2.7239053320857343
216 5.799811886153922
217 5.906450872669446
218 2.8264893929096653
219 4.545743707982432
220 2.672684375704905
221 3.2585107389990813
222 2.749136508748264
223 2.780199000427361
224 2.7897521612053837
225 3.5822447667808754
226 2.766796163677106
227 2.8237597149372986
228 2.8143692750099736
229 2.804567445644281
230 3.032964783069433
231 5.543934203741446
232 2.904091857858681
233 2.760896331835077
234 3.8705668551409835
235 5.148465903680177
236 3.069595084611258
237 3.151767616154282
238 2.9791069105399277
239 2.7557265444769374
240 4.0444959667557345
241 2.741984791271653
242 2.96643954573975
243 3.0328419515876326
244 2.981016135218063
245 2.736312841580276
246 2.918907103880399
247 2.9836751564188955
248 2.738262491215191
249 3.066388665563815
250 2.751943543602771
251 2.7870236854716066
252 2.6406891611876038
253 2.6037683899361506
254 3.02081201382048
255 2.753882871640705
256 2.8364435994351704
257 2.7377298379757593
258 2.8531983783314274
259 4.663630447141648
260 2.822242619869699
261 2.7604939335584042
262 2.95169713329056
263 2.8142169106000487
264 3.196728673699347
265 3.119008045790762
266 2.7023168317592536
267 2.5933113579035165
268 2.864598453946749
269 2.7821810718904096
270 2.730648866039514
271 2.865374907860934
272 2.6567224553097297
273 2.6198283998467473
274 4.920812259892514
275 5.6398131117540675
276 2.8852047616303613
277 4.9215617134387895
278 4.771271109642741
279 2.8950056144776117
280 2.8821113238212206
281 2.7336835045226
282 4.357315619775691
283 2.765511527276466
284 2.9157012922559993
285 2.69526345709235
286 4.823403907709743
287 2.824145520107204
288 2.727396272303925
289 5.380097208084144
290 5.83161968321122
291 4.130140864623773
292 5.09728463495228
293 2.7297332081684367
294 2.7919624462734545
295 2.7981376435635883
296 2.770703340444354
297 2.797954041827586
298 2.7735246228877712
299 2.8384859048447924
300 2.8199058115211613
301 2.9470791075438756
302 2.7547365621380635
303 2.701688623334385
304 3.0179933195136583
305 3.0154366900646488
306 2.8300293124936196
307 2.9142581726154346
308 2.900366909772738
309 2.790072788889153
310 2.7402112286646307
311 2.678720654690933
312 4.439760689633753
313 2.7415173187579542
314 3.683027223855453
315 2.7422405028862884
316 2.6809513229038577
317 2.8517738322992643
318 2.876512902777987
319 3.168003008918742
320 2.8378695790623527
321 4.892815919091343
322 2.9240074990416707
323 2.672749662097235
324 2.700881183171901
325 2.754906031113154
326 2.6750867854692397
327 2.766611084491302
328 2.7117092022964107
329 2.7155610474637344
330 3.181259149137064
331 3.033979381455427
332 2.856984157811899
333 4.550072485509045
334 2.648874984797477
335 2.8096556102298718
336 4.2901437527802715
337 4.710233424327177
338 4.1906242581055935
339 5.1831220233633655
340 5.351440403479349
341 3.3074605957085645
342 2.8078764776377447
343 3.0424147137205955
344 4.656058374969867
345 3.0017504460539803
346 2.678582492517075
347 2.775234375199563
348 2.944160418110985
349 2.7295177778505626
350 4.753503761782537
351 4.638871375464977
352 2.758937376353534
353 2.9393539587356727
354 4.146908702459173
355 6.411746737133285
356 3.013253264904116
357 3.0228900503436864
358 2.7013660273164137
359 5.317725363612352
360 2.725697302849063
361 2.7642277048415953
362 4.041049254342969
363 5.124332387940626
364 2.8356450294875772
365 4.804032655692744
366 3.061469854435131
367 5.572507825713483
368 2.795786766490963
369 4.072193168248819
370 5.005412311285285
371 2.6085873316096766
372 2.934966781368849
373 2.8735924511905178
374 2.8017459252253603
375 3.035719761144257
376 2.9711490528074416
377 7.182807156662435
378 4.641263439540464
379 4.432374187561
380 2.809097282872143
381 5.707511799880091
382 2.908164653522513
383 5.641616120379189
384 4.402671008881112
385 5.127645126912615
386 4.5312063829913365
387 5.276595759810344
388 4.339597564415443
389 4.608000600534827
390 2.8248283249479487
391 6.106610147060992
392 4.4129336080293005
393 5.442213674940856
394 5.4837089153289424
395 6.752100898256668
396 6.6669790433379825
397 3.016450371580363
398 6.767747802581421
399 3.019962158283712
400 6.0630987888387065
401 4.68107292534899
402 6.998405922531786
403 3.0269990971092366
404 4.601806714951745
405 6.657472343924668
406 4.952215327618874
407 5.0053097914569
408 5.325222261132644
409 2.6858372119753287
410 4.73668899496362
411 4.959533339898964
412 4.726605580545025
413 3.9761822227458556
414 5.153593539969796
415 2.795639414290559
416 2.695673693948098
417 2.9476409573347118
418 4.634834848038136
419 6.043117756108567
420 3.76806520972393
421 6.399713850223285
422 5.366097791994968
423 3.0351654189084383
424 3.7591014642320366
425 4.513749702947242
426 6.3074948024517585
427 5.254075126128941
428 2.981315932269101
429 3.0661581945044065
430 2.841681873811597
431 5.454318281440467
432 2.730634077942881
433 2.733665263590213
434 3.9931544914351598
435 2.9745173804443055
436 2.846024070391439
437 4.935424382416046
438 4.534148526375404
439 2.9099309669277944
440 5.202720019104053
441 2.80801387602915
442 2.8080517698099223
443 4.533790408934973
444 3.033828307623865
445 3.3026287363198255
446 2.861372670960093
447 4.3982413727321035
448 2.8503030692457196
449 2.800552153581228
450 6.334563109205345
451 2.6207506173773853
452 2.7787545413659283
453 5.192138618429249
454 2.6998127920255595
455 2.8515576920495342
456 4.985681917262752
457 5.2339840025255056
458 5.047421195875777
459 2.707507005675777
460 2.8685072228724984
461 2.807475618905988
462 4.846202815670592
463 4.830039426707109
464 5.40071699879324
465 5.315616526073871
466 5.341884773852592
467 5.206142317924083
468 2.7009698288615938
469 5.15551483481746
470 2.6976623344091255
471 4.849483498068158
472 2.8314801414425936
473 5.289379656033732
474 2.621487124785815
475 2.813321800560685
476 2.92133765817385
477 2.986890384717373
478 2.7569767129084912
479 2.840308545708637
480 2.5742620025520915
481 4.992550129464949
482 2.704724461404289
483 6.371459955094086
484 2.8969891636581035
485 5.365322404281691
486 8.939773958001743
487 6.246264169647524
488 7.631308491130731
489 8.463845089302698
490 9.723252417646165
491 8.162308694578506
492 9.076515245889858
493 6.611768426006245
494 8.505816064961554
495 8.654020372795124
496 8.654301548177425
497 8.617040205569648
498 8.143120251253098
499 10.319815700207032
500 9.090151326575485
501 8.584667978081011
502 7.740792211003035
503 5.705790534069709
504 3.9663264963862095
505 2.6987063702159944
506 2.9935642944199277
507 5.212323467829841
508 5.564182130054828
509 5.730498654015636
510 2.772352925987692
511 2.7431119805003514
512 2.613928472001412
513 2.9849197756440518
514 5.039326992369099
515 5.896491131747269
516 2.862195852313998
517 2.9705267529244836
518 5.09834448330787
519 2.855180326610622
520 2.6196044831773935
521 2.724820863352352
522 2.6914579947931943
523 2.643886652467364
524 2.9877693880771026
525 2.7653997508860764
526 2.652989031768918
527 2.748629725976902
528 2.7165357987661567
529 4.886301547480712
530 4.928301576592498
531 4.460941697393841
532 4.381280741585612
533 3.0573569244019683
534 2.8972240803304277
535 7.023879715329138
536 2.7982667855906973
537 2.77928231351415
538 5.426525010670038
539 6.47721377167148
540 2.8615091851958425
541 5.281105972340823
542 5.23656668791919
543 4.633255623644331
544 5.014476452926535
545 4.724276988005622
546 2.660387332832711
547 5.349231844193897
548 4.7891788003734
549 6.910871685994844
550 3.917835801285229
551 6.023233560512911
552 9.399214223348197
553 5.452518869668915
554 4.677754667803709
555 3.9109975645027615
556 5.0196588746492266
557 4.30184817076665
558 2.7496520024483897
559 5.392953158737191
560 4.939488499150277
561 2.7837783198770194
562 5.161150486861088
563 4.929717429772541
564 5.136161996619282
565 4.397492685543637
566 5.137676442734909
567 5.061395522038959
568 5.675034619956109
569 2.8293352180833176
570 4.846355604616831
571 4.933386737109222
572 4.532481553416013
573 4.446780275120124
574 5.2303384254831
575 6.948034245925131
576 6.961775813505779
577 4.501888617716496
578 4.7717620817170285
