0 14.825355233711084
1 14.855709891572484
2 14.666505172880397
3 14.428945394673086
4 14.886982855953589
5 13.786269293339588
6 14.179907628038654
7 15.065341720223024
8 14.845950246727352
9 15.42045686570943
10 13.92440951018774
11 15.057248256562573
12 15.077973743345142
13 15.43247340948573
14 15.42647470375521
15 15.806381038642158
16 16.428602930207912
17 15.093555349964866
18 16.281879076581408
19 15.287864310300145
20 13.783196391778704
21 15.31910919281132
22 13.945176365758407
23 17.90698593351277
24 15.068054978121967
25 13.681970478799089
26 15.414629048970694
27 18.29351929368108
28 17.49604627001742
29 14.882374656487382
30 13.520037557500258
31 15.012986388431734
32 14.281859956180993
33 13.453556826776564
34 12.916613247425062
35 15.233549519938897
36 14.960304253667742
37 15.98331340667127
38 17.003576940266896
39 17.42416114005441
40 15.421358127816493
41 14.144888705307475
42 17.613343750636858
43 17.27833451885176
44 16.522174533074594
45 17.282318985674543
46 15.952061112493691
47 17.924927797597945
48 17.48178672601686
49 14.997615172804117
50 18.417542541311835
51 16.22506300431355
52 14.393328181213034
53 16.89383466014229
54 16.781900496467767
55 16.299826608512873
56 16.453235576194512
57 17.857708049738292
58 19.212955580401538
59 17.537899267408402
60 17.13955711566736
61 17.164070980195667
62 18.041681731506443
63 16.522711972431132
64 16.805698416720983
65 17.21308539856281
66 17.627448419257785
67 15.230697664657459
68 16.10276610116638
69 17.02978784908363
70 18.272301789526054
71 18.121527062334813
72 14.960708191275247
73 16.39610531487149
74 16.41804800508947
75 15.01304788300719
76 16.007391738197118
77 18.60363906898321
78 18.049602892800934
79 16.31282246351469
80 17.59093267375441
81 17.60266178701109
82 15.79597211103305
83 16.200138734026506
84 16.488800249038746
85 18.423441466735127
86 17.403877244768843
87 17.65226876471834
88 17.46045935084368
89 18.132356936062315
90 19.014155808052323
91 18.917512975894255
92 18.4808227020964
93 17.21927276262671
94 16.687677938097476
95 15.746961287112274
96 17.525775167429387
97 16.890121704700594
98 15.61857545404601
99 16.56839929355415
100 16.538546257223768
101 15.699772482219416
102 17.224871627454917
103 16.211975187712746
104 18.241158149200114
105 19.72150059589307
106 17.439875406465344
107 17.148023928676476
108 16.069256131725595
109 16.36869736625067
110 16.10096060520504
111 16.857373972967025
112 17.12909571879091
113 17.323708923429493
114 17.78495393127949
115 17.209845139640137
116 15.826230165287837
117 17.52889703602335
118 17.74244215872235
119 16.416358384762837
120 15.623047378648156
121 16.766655921617485
122 19.134600967124268
123 16.193438344163155
124 16.496846742637892
125 17.193543626787108
126 15.653088999605998
127 14.715804569995734
128 15.649546532379434
129 13.9136781073524
130 14.77455509136183
131 13.385661582213752
132 16.740677925690726
133 15.32170532796449
134 12.54440006010384
135 16.796898162303073
136 17.261858504341763
137 17.960540018179667
138 17.753596055094455
139 17.684696276620965
140 17.096961094629904
141 17.403933457437027
142 15.086726614077937
143 17.831596983933878
144 14.505112046518663
145 16.136855040735067
146 15.402558921628401
147 15.4329161917193
148 17.937961520385254
149 18.189535963755326
150 17.415848326529815
151 17.144681940844272
152 18.50580544285933
153 19.529372589597305
154 17.885963283585287
155 17.592830667122154
156 18.227205844909204
157 18.12185831287288
158 18.749783993690368
159 17.96213545295267
160 17.102062524270163
161 18.30926005358091
162 14.69218613696263
163 18.217959910670906
164 17.80515052467759
165 17.36709342605092
166 18.72692733910825
167 18.716704408999398
168 17.20772306205271
169 17.619369410386817
170 18.055279536903498
171 19.78251339846953
172 17.956742151919563
173 18.596869683481238
174 18.367976666686673
175 18.015859404452062
176 17.264670370249334
177 18.02362640059293
178 16.617091741931244
179 18.68709286462978
180 16.302042414705046
181 16.59972213244893
182 18.232669660287325
183 17.728310855215938
184 14.826581311034406
185 17.774885982189705
186 17.3694118290114
187 16.220807859358622
188 16.17108416407372
189 18.16778675860208
190 16.739068151431844
191 17.770503827709835
192 17.00396235257609
193 16.329093371721928
194 17.368261636274877
195 17.807777440829135
196 18.116504252353675
197 17.370874386558558
198 18.553986560358418
199 16.820239899915247
200 17.76411888982137
201 17.96656688598547
202 18.404117335169694
203 17.17932506275064
204 16.619632741666692
205 15.456630735411958
206 15.174979330878475
207 16.562223390415607
208 17.864718297694797
209 17.52591165874378
210 17.20362609969709
211 17.002340025241324
212 17.20750171125538
213 18.183164013135666
214 17.35744596379646
215 18.401679775715856
216 14.586572514631081
217 14.672721926689018
218 16.92086315355514
219 16.941775341781035
220 16.928697852147906
221 17.523836298474443
222 17.58275263982595
223 16.670427642030933
224 17.4897438550741
225 17.79652218357919
226 18.16911479195416
227 17.2053596633356
228 17.922494334278724
229 17.39222895597705
230 17.111802551920704
231 18.57934568857649
232 17.58912032256784
233 17.95953750743923
234 17.03317775680329
235 18.515655585809377
236 19.3199446294744
237 18.11961415946918
238 17.62293480548917
239 18.43540655957566
240 15.672913135314115
241 16.519136421841093
242 16.493626653651667
243 17.494931799951566
244 17.44654172466205
245 17.619233377243496
246 16.402649025698615
247 17.06908526281378
248 17.37879428322303
249 17.651838405855326
250 16.730175897220047
251 17.450274091434935
252 17.326238566605102
253 17.127258370409674
254 16.82519308400953
255 17.14199846424133
256 17.290109099637903
257 17.58198720602593
258 18.321397334989882
259 17.888351865105335
260 17.60288132552752
261 18.066238016087485
262 18.2120662260267
263 17.058133756468635
264 18.07533067061563
265 17.37272256951069
266 17.888518679890815
267 18.44817597515601
268 18.05499947864674
269 17.517292721984916
270 17.84441935023459
271 19.221417953996685
272 18.271550973767287
273 18.612159581238185
274 14.017736330234962
275 14.578034747355751
276 17.86763305166046
277 16.89452779384036
278 15.31850543993575
279 18.481241044340667
280 19.265677177697683
281 17.90349112620707
282 16.375356381079268
283 17.97383495450468
284 17.317852048581244
285 18.499495100844626
286 16.475604709093087
287 18.531102022993696
288 18.197815688352573
289 13.340401889295185
290 14.125235916872196
291 14.097965888662742
292 13.73620651226929
293 17.33989722072793
294 17.29988002093657
295 18.911848455948217
296 18.422036228220673
297 17.984805612807268
298 17.383584316818116
299 17.464757662832127
300 18.16702498093957
301 17.13352920161007
302 17.42208452759264
303 16.703364657192413
304 17.81049713640114
305 17.296904547814307
306 16.997217239681138
307 17.91776623640417
308 16.587610058534523
309 17.665356430247744
310 17.388048157206157
311 18.028811674854477
312 15.38013211303977
313 16.832299626458692
314 16.540939147546013
315 17.08622352563605
316 17.441325669282122
317 18.10377868040437
318 17.362977129062216
319 18.004367436946456
320 18.388376732403994
321 16.966680779887948
322 17.88050027919999
323 17.502960465156267
324 18.04849108001876
325 17.211938325319537
326 16.642381467578012
327 18.435353104988437
328 16.516373697136338
329 17.38359641844886
330 18.19350331653231
331 16.51130665971363
332 19.222043947379376
333 18.32343319677194
334 16.775832483910474
335 17.246180997865224
336 17.460194820954968
337 13.800623533813194
338 17.015318005271993
339 15.065864680008328
340 15.737192762967496
341 18.057523062512278
342 17.14324511047641
343 18.184430793188753
344 16.413600850546917
345 17.781828772316956
346 18.309584040410748
347 17.926449474811466
348 18.082378619643197
349 17.68028120580255
350 15.33887360202401
351 15.544606115500693
352 17.033241983084157
353 17.967827465853276
354 15.66796048509997
355 13.90414868618895
356 17.56986531794111
357 17.324727787549268
358 18.170235148845105
359 14.962611188783141
360 17.77704972057872
361 18.632370572245517
362 17.107440099977214
363 14.13612512615464
364 18.661976307877797
365 18.575225910127962
366 17.287681575536816
367 15.104016949484677
368 18.287746255996414
369 14.797093917316072
370 15.071130029371
371 16.883186137888707
372 17.437423773934714
373 17.585023315261306
374 18.51196454108756
375 17.403427626984495
376 18.635576233114115
377 15.49909259174718
378 18.012095009216633
379 15.630533453130269
380 17.916156275024477
381 14.416643627973201
382 17.62200708535797
383 15.206093012225807
384 17.490211940938828
385 15.232430148650646
386 15.122252335888067
387 17.016290774825446
388 16.644533275964164
389 15.501869742821453
390 17.83685212427479
391 15.859662284541795
392 15.04511717843591
393 14.399384739710984
394 13.57516346653299
395 14.208620548712677
396 14.154450272819714
397 17.81342691239767
398 14.032050488900943
399 15.977296143840302
400 14.678702074146294
401 15.860827597629543
402 14.981793326185972
403 17.997131296083015
404 15.855564649300582
405 14.25261587918563
406 17.846112324543533
407 18.03482131055795
408 16.326959388500143
409 17.96839204405467
410 14.511032643001602
411 14.650843369820846
412 16.420360602956
413 15.950415063244002
414 18.79175227584889
415 17.97645584852222
416 17.93936312991543
417 18.128744248303093
418 16.55458297398532
419 19.296703924219372
420 16.723339246512737
421 14.989335187968189
422 16.638497995518378
423 16.78030771092891
424 16.64259560931272
425 16.861537428957266
426 19.329811607670248
427 18.258728629463604
428 16.81980487433947
429 19.622716199269526
430 18.555631847978205
431 17.9664516428737
432 17.25341627682069
433 18.147788452602455
434 17.095868363937722
435 17.58832787978358
436 17.11803030976112
437 17.400743516495176
438 15.636075533303828
439 18.277092003152188
440 16.349473975909515
441 18.19175319238991
442 16.08646984603194
443 17.238332024562016
444 17.09059423615003
445 18.289440574510934
446 18.597972386783745
447 15.263058860435597
448 17.12625549641291
449 18.445693852258486
450 14.131765017954683
451 18.138833840377146
452 17.451470325534466
453 18.802808365060788
454 18.832776487433332
455 18.14275682182284
456 17.998181187497032
457 18.50394485344245
458 17.414289765786812
459 16.867761365324863
460 17.112754668544344
461 15.679131244767172
462 16.01149579558899
463 17.55699318772879
464 14.100189599225377
465 16.61009171716255
466 14.717424206924033
467 14.670201997732773
468 18.314877201495207
469 17.995114354822856
470 17.52760995226055
471 17.32042192614893
472 17.318137571564538
473 15.182569480666437
474 17.688490616816278
475 18.57796806937488
476 18.624357100236235
477 17.189182591083295
478 19.349838294950242
479 18.70081545505817
480 18.13862145458434
481 15.028960622218897
482 18.222746313908566
483 13.555375072433291
484 18.257040922967626
485 18.382925854998717
486 14.853039240924746
487 15.206266037505115
488 14.57849024999243
489 14.991947386110612
490 13.019858792383125
491 15.330456834268512
492 13.019754793015439
493 15.911641643581657
494 15.284466902167617
495 15.31683527467966
496 14.708623371452685
497 13.882536413142375
498 14.861214728658819
499 12.795569025216802
500 14.090038169489086
501 14.868562771550609
502 14.225934085719306
503 14.034664317380246
504 14.797339128256612
505 18.2625603849751
506 17.83290903948413
507 18.130559407682473
508 17.681694313649604
509 15.461335697230982
510 17.279048774846206
511 20.288840059697723
512 17.63164534351271
513 16.58764226329799
514 13.153008874103127
515 15.07509336987818
516 16.784667765477028
517 17.16923884466046
518 18.02990762645288
519 17.372288847981736
520 16.918194094235705
521 16.682067607450612
522 17.13601318984164
523 16.84342936122296
524 16.231412737307874
525 17.331646511704044
526 17.325081270166677
527 16.424539496288894
528 17.777104808388255
529 17.104132350537824
530 16.231237623863574
531 14.794792637132192
532 15.212704709863047
533 17.305753577474032
534 17.684137446471375
535 14.450540117662221
536 17.111889218473486
537 18.732905633906473
538 17.78690954836346
539 13.09233807643468
540 18.532728241767664
541 17.67643170290047
542 18.121837218508926
543 14.729504713827883
544 17.403147680017888
545 16.06512336895339
546 15.55723841318913
547 16.580044707373784
548 18.332804107977207
549 15.330912656854155
550 15.942346504025153
551 13.394427487380257
552 13.659366279783827
553 17.934290115612672
554 17.628488194477193
555 16.742807848600883
556 16.27088480612841
557 17.98112048362846
558 16.472322341028335
559 16.516766719078053
560 16.0060859628289
561 15.07350188219284
562 18.088297906430046
563 16.46010164739817
564 14.688833002327971
565 14.842808375193579
566 17.86248579243524
567 18.1182660965017
568 15.663168562343381
569 17.198265255829515
570 17.205754171543422
571 17.183549168742786
572 16.97851303619774
573 17.435230244337
574 14.641614394576216
575 12.913899428942237
576 13.389328388532403
577 17.574408059643815
578 16.17803781982808
