0 16.42831618490896
1 16.07679599478557
2 16.398901718252915
3 16.11778662678744
4 16.02073017197608
5 15.94608444286803
6 16.62945766035789
7 16.798030576686845
8 14.851729611473228
9 15.730169461442719
10 15.984869764720843
11 16.395211004366967
12 16.0025002571169
13 15.97876173521692
14 16.152719757360124
15 15.9703490326418
16 16.20788000933252
17 14.90717035179791
18 14.895803177242072
19 15.377255785923104
20 16.226316703038307
21 15.537899964214821
22 17.242843281181145
23 16.565925724357445
24 16.6654391054122
25 16.65223798386672
26 16.118417856712803
27 17.211844732256935
28 16.573764437164833
29 16.684118836606125
30 15.432668443646145
31 15.398188416289694
32 16.492277465963998
33 15.20463167284881
34 16.123428311040897
35 16.539504832586147
36 17.30723046876643
37 16.6387075120207
38 16.95122909515681
39 15.48254134485176
40 16.535620929821864
41 15.981213115310924
42 14.623293890713674
43 13.85660458234992
44 14.545047083045771
45 15.05611482370438
46 13.402510914985598
47 14.587398706775874
48 15.271774653646258
49 14.694169376664927
50 14.939003577063698
51 13.455251138614596
52 15.124527284456006
53 16.829614554902424
54 14.878888842387978
55 17.62609714768205
56 15.252994690922403
57 17.282083702036584
58 14.496488355957155
59 15.267904287566326
60 16.214187988715274
61 16.978361508391217
62 15.53102616472657
63 15.136682378534873
64 13.546042942736426
65 14.495540568390824
66 13.58609767433236
67 15.898544594360311
68 17.102517643173492
69 15.72944912145973
70 15.954530800928683
71 16.196189668327214
72 13.868372418594848
73 15.209836947110707
74 13.317772637711034
75 17.36405587692375
76 16.578841070964756
77 16.876975835560216
78 15.991762289580056
79 16.002466759215526
80 15.92529098198123
81 14.52401163101994
82 16.80171306097863
83 14.332984409243744
84 14.285684544352048
85 16.755909874905342
86 16.878619584765453
87 16.4761536195946
88 17.055834125587076
89 14.917747835411046
90 15.151034631752314
91 14.71704062540694
92 16.748936714081648
93 14.036996312436099
94 17.686267539863344
95 14.842912966898915
96 14.568244418081562
97 14.914755838282263
98 16.658958797941494
99 14.613582159929358
100 15.034907935577149
101 16.036618624783067
102 14.081374270494866
103 14.442811692567119
104 15.399070574317214
105 15.889112082482482
106 16.1274015829971
107 17.273039884670087
108 16.216176130399255
109 15.429023828217785
110 15.749536924414267
111 15.259726566272514
112 14.804516011895776
113 16.78737735573144
114 13.855645509363175
115 15.772327838398386
116 16.940021023218858
117 14.12721457434692
118 16.469513251301407
119 15.803817850759568
120 15.271928259381285
121 17.40995129781638
122 16.534711361638372
123 14.161489403896764
124 15.245719832378946
125 15.855263553778457
126 16.377372668480593
127 14.846573900505625
128 15.848808355678283
129 17.45882629193473
130 16.669156153498225
131 14.340367765985627
132 14.697715589916724
133 16.33129298808415
134 17.51250141283771
135 14.049476281968264
136 16.079210008880295
137 15.857804079058623
138 13.7059467209964
139 16.061783942887672
140 16.82592801917595
141 14.92660370672894
142 18.05463737931137
143 19.245286679343597
144 17.41946694620337
145 18.673800370763615
146 18.63061173833469
147 19.469077990523896
148 16.93424506010149
149 17.874705087050064
150 14.231169957002514
151 17.377738387381605
152 18.320121767451347
153 19.80816731552793
154 17.234915736380756
155 18.86692331376868
156 23.30509393814482
157 22.57294598019733
158 19.768514964673628
159 22.588255313826547
160 21.858974693170296
161 22.838005142131042
162 18.257923275330242
163 20.03943030151002
164 20.873908302002498
165 15.903349538861763
166 20.600735837749827
167 21.34585236726682
168 18.850801523399536
169 20.679824939339937
170 18.102711526087493
171 19.884247672841088
172 20.846979404154926
173 18.141541590595722
174 21.009540869356698
175 12.69584736781939
176 17.045024404355214
177 13.628460517539656
178 14.261593715992895
179 13.643318829942771
180 16.439542907232763
181 20.414159549379097
182 18.939481679216435
183 20.394953371682277
184 20.717490316537827
185 19.301590672383867
186 20.34601549120872
187 20.355764255645802
188 18.60861115944398
189 14.604741941532655
190 14.515827845453948
191 20.276317225532583
192 19.73703548889811
193 15.648936839775866
194 14.989305128645826
195 20.389157493309867
196 17.69034325080543
197 15.805314536915942
198 19.831765012883473
199 17.591493628002027
200 23.417827928888133
201 15.71680641969036
202 16.909197642702523
203 16.86533541234525
204 18.625360965610827
205 19.13260658688568
206 20.16634819778753
207 20.56271434654465
208 19.01623594610984
209 22.817240509003206
210 18.54380453548291
211 20.390863310583608
212 20.724019307326945
213 17.829572096886267
214 18.333692521883364
215 18.546119895111023
216 18.93551082416642
217 17.829960288138487
218 16.972293571085643
219 18.097797026887125
220 20.584053400440386
221 18.84435271147123
222 19.009467031333283
223 18.462110854209897
224 19.343171101445456
225 20.00377745028629
226 20.75053298486671
227 18.786435481826345
228 19.41529977028385
229 19.322837816867448
230 18.32435315554027
231 18.124235544853974
232 19.087456257550365
233 17.992283774954455
234 19.918006515096426
235 20.640211790898697
236 18.633295054891526
237 17.740161583738438
238 19.05881043417246
239 18.447262678243074
240 18.430641973937234
241 18.690887332127833
242 18.71361319755809
243 17.457645509926806
244 18.037181000601286
245 18.769263517895034
246 19.511560681335126
247 20.470058560240084
248 20.5258265607095
249 18.015461400793303
250 18.65993715474753
251 19.896890889968724
252 17.837897461314792
253 20.040508479279133
254 18.72624835166596
255 17.882931088658296
256 17.773598940956212
257 18.74030932716173
258 19.13531484257995
259 18.88843167367135
260 20.92858542815806
261 21.148160178893104
262 20.23714267767422
263 18.136853127828825
264 18.00057065605531
265 18.43899081079558
266 20.165592026240837
267 20.735140651259577
268 20.181764227046884
269 18.426974773839046
270 18.37740396062197
271 18.861205290662802
272 21.05957791105824
273 21.40532585419228
274 20.518484380380524
275 18.858555872700602
276 17.840306935161763
277 18.117440672976194
278 20.054718287624706
279 18.22169944319119
280 19.01661765951102
281 19.28348249951674
282 20.110258632165298
283 18.14325907713703
284 18.979589367156283
285 17.934430457916086
286 21.281700095828963
287 19.496405010729177
288 17.59264443222279
289 17.752006859733903
290 19.92886287285261
291 18.639824180496355
292 18.480767900309427
293 18.714079647341574
294 19.151363067314808
295 18.692360903848808
296 20.09503051065657
297 19.292559654435188
298 19.323991521274554
299 19.506223177181592
300 19.65191337153222
301 20.07911481237393
302 19.463359406807083
303 18.37045121148367
304 18.490843497845507
305 18.15670353829526
306 17.044309826010238
307 16.736003666503038
308 16.030591282898722
309 16.691197898543976
310 19.340446686997883
311 16.526133460640818
312 15.251287096221134
313 15.995348593521207
314 14.964110733116636
315 15.11001523327796
316 17.209552961824595
317 19.492781993112942
318 16.19673814335918
319 14.394868653596626
320 12.723760223667295
321 13.1720252340634
322 16.899835119180878
323 16.42592272094472
324 15.942754991857395
325 16.623365383183604
326 18.665656551364282
327 18.74229353007913
328 18.12347237375089
329 18.132144030580644
330 14.482461334960389
331 14.797412386745718
332 14.262004199764885
333 16.723589445356364
334 17.506538084476798
335 14.376820836218938
336 16.655286152437128
337 13.795931969355479
338 14.254172095902494
339 15.53254863625127
340 12.323922732607242
341 17.025803228595603
342 15.436576685962486
343 17.419657899972307
344 18.921092407962377
345 18.27597383808382
346 13.71402353168721
347 13.929670957971803
348 16.799628028487003
349 14.383686874924749
350 20.12200300018264
351 11.301264160769794
352 14.614375313243832
353 16.21045983649422
354 20.83701458531783
355 21.30417338658841
356 20.185957771874428
357 19.119258084841295
358 20.838214856993815
359 18.591820431529445
360 16.61247663507433
361 13.09917432973571
362 13.03817328888521
363 18.063096503745452
364 18.019508342961792
365 15.044285958221764
366 17.377210956594833
367 19.55636470635378
368 19.351790857524065
369 19.317133015838742
370 17.823507791222237
371 20.7370554404456
372 22.0093415929822
373 16.31506519791483
374 12.102648911896086
375 9.263890064293577
376 12.605349191772834
377 11.913751480399094
378 15.134259382391768
379 14.717678201849719
380 17.070076985363357
381 10.938890290004826
382 11.070642424493073
383 13.871271309443976
384 16.102633549131376
385 16.029501285669348
386 11.43085940851196
387 12.391569112485083
388 13.986506293443933
389 11.686696398996238
390 13.091374423563256
391 15.477173667630849
392 11.451712033455083
393 11.087124844429676
394 15.261434041750606
395 13.009359893499381
396 15.943703385787483
397 11.422737274471265
398 14.565260631952627
399 13.988318474760463
400 15.12013958297541
401 14.9563051144859
402 14.213596316672051
403 10.178115908925541
404 16.116583319824795
405 16.492204970712063
406 12.047772854486425
407 13.426500030159144
408 11.869877761859192
409 13.50345114412069
410 11.873618953094175
411 12.681497772111447
412 11.207345871470144
413 13.201219664240528
414 13.165452062031699
415 12.405261001729428
416 12.719383153913231
417 15.06826436323467
418 13.18111084785669
419 15.423346648138239
420 12.202181881280023
421 16.714279782011047
422 14.457398419766264
423 13.081215680421538
424 13.8188291140664
425 10.950243139938873
426 9.481801448396501
427 12.162562079208254
428 10.25048368207048
429 12.296269522724394
430 13.961140432720908
431 9.810166555103937
432 10.615188810350848
433 13.082623603266558
434 13.285575224165113
435 16.666048379969894
436 12.671503379986772
437 14.428388590300731
438 11.872463784872314
439 12.827327825159017
440 15.31555984672053
441 11.351434807259626
442 9.418494174288261
443 12.816266920006079
444 12.911210714316763
445 12.128377796752252
446 13.153733677182375
447 10.23096967280689
448 9.411383458992574
449 13.064977896401848
450 10.274321002109817
451 11.17594193022835
452 10.67737768945821
453 16.347336416444723
454 15.746711359868078
455 17.974377761780573
456 15.701797882266142
457 11.467271348671066
458 10.614161213080513
459 11.454497093632837
460 15.345411894080227
461 15.504792417795462
462 12.171643231343008
463 12.354395336324721
464 10.789328898388257
465 9.685778637563944
466 11.382797546088128
467 11.063067740657935
468 10.868883440724472
469 10.140753657613574
470 11.741690019785608
471 11.054228730579979
472 11.54836817534639
473 11.788890845517187
474 10.158621279002023
475 12.257033939824302
476 12.336501912253906
477 12.787924363516888
478 12.502936360922098
479 12.130386043761572
480 12.499176883869467
481 13.946834779832407
482 11.967191252256168
483 13.40127436944387
484 12.537328466430273
485 12.815672861280948
486 14.401634567093224
487 13.711301728056501
488 16.169318430798935
489 14.29517078583066
490 15.739843366001113
491 15.18556397074524
492 14.366126517692614
493 13.315291443573518
494 16.284001239388942
495 17.663335455650575
496 17.33646415281525
497 19.787239559779593
498 15.687995389881564
499 12.852721107586907
500 18.430143935098066
501 16.65171421887164
502 14.625658592757247
503 14.627256820361104
504 10.36645906322574
505 11.152205499742973
506 11.275660997306986
507 11.87025602354395
508 15.898167595209692
509 13.181579765129294
510 14.2913667012572
511 16.597139425281473
512 13.439262926695486
513 14.758020902471792
514 15.679255461996402
515 15.514681745384578
516 14.095936933795013
517 15.315094512974733
518 16.122083387322224
519 16.915143646606044
520 16.078092661352894
521 15.61075228359018
522 17.748947025143853
523 16.96740471058352
524 17.922857156576747
525 16.581701593380647
526 17.45940818626019
527 16.567097432217217
528 16.65344188905928
529 13.261307189716268
530 14.807420990902585
531 14.271598133001294
532 17.144866058559117
533 14.851485212928507
534 13.444390407051749
535 16.030208578186162
536 14.55862978645677
537 19.632102696140514
538 16.775809373982536
539 15.544970430879452
540 14.311236666228307
541 13.849195190140858
542 12.140448516233334
543 12.418021415051578
544 14.253111080856026
545 14.90815179367491
546 16.27406046974929
547 16.3303743262354
548 17.96977633005701
549 16.53967403809358
550 14.694908452308013
551 15.642228270251243
552 16.641932564081827
553 12.321583581219512
554 15.162066660572318
555 14.412015554208834
556 16.186373035056604
557 16.009913991655683
558 14.441690367203293
559 12.692543774470494
560 17.197030198888925
561 13.982425571631248
562 16.048305472247844
563 12.545022040010348
564 12.745109250784674
565 15.184087106656916
566 16.15928846139273
567 15.52419489786092
568 16.854106759138404
569 18.690404308856483
570 17.977603067090726
571 13.457514931152188
572 15.102666666890608
573 16.256399735984655
574 16.851650981690735
575 14.842082972312767
576 19.714863511270416
577 15.708715629252229
578 15.328998912837163
