0 10.068020468733696
1 10.018739607103509
2 9.870620973234981
3 10.024014343243161
4 9.909136343323997
5 9.480533287707939
6 9.854619072967187
7 9.412921719430692
8 9.68274795898888
9 10.346482113004074
10 8.913935318289203
11 9.879485855118562
12 9.859286540847842
13 10.226033809022024
14 10.127207851534996
15 10.281659690987102
16 10.331299329361357
17 9.885007663427148
18 10.802022709295374
19 10.256456345943452
20 8.068180532978594
21 9.550027392642095
22 8.025497846997991
23 12.027171545774914
24 8.787598129814967
25 7.958901266025388
26 10.00519786506981
27 12.577341428203155
28 10.967848384557334
29 9.029501967438671
30 7.634341986088855
31 9.08220130500111
32 7.947248615821739
33 6.947326456074552
34 7.271407942989356
35 8.024501390606412
36 7.935815972984797
37 9.248610148794347
38 9.679210906994133
39 10.687489450926456
40 8.752087936546124
41 7.3654310627423465
42 11.048950857272855
43 11.411236464955387
44 10.899793152829384
45 11.659912110645495
46 9.439890375015674
47 11.956839462469189
48 11.426125191831412
49 9.447106396969046
50 11.760772990500259
51 10.346039003795733
52 7.747954835177444
53 11.27899151407552
54 10.584390074347613
55 9.530667509449897
56 10.129280383635015
57 10.95017914868968
58 12.433935773291894
59 11.930886270670243
60 11.716293309877646
61 11.307353719444013
62 11.70612827648108
63 11.333870365892658
64 11.160640043458356
65 12.276285132682506
66 11.116034920218256
67 9.457284809989083
68 10.310159899864761
69 11.164491998799065
70 12.348729423700508
71 12.062051922783185
72 8.679311010520825
73 10.698815865845257
74 10.77945387148395
75 8.317424435550302
76 9.476009122487007
77 13.159935446839025
78 12.22592836757393
79 10.366755211843865
80 11.285513531982689
81 12.094877362984768
82 9.59689191581958
83 10.1657865621302
84 10.324041542455134
85 13.255255901957293
86 11.286509035190283
87 12.095705601321056
88 12.192046233413146
89 12.409548751760575
90 12.612349394368591
91 13.569811771301564
92 12.573973562515075
93 11.678226179629874
94 10.495209208828605
95 10.28415618206508
96 11.33936003904231
97 11.368978588534004
98 9.539054488301433
99 11.233743429750724
100 10.94617187539885
101 8.993152120480781
102 11.417381687365307
103 10.356765361002367
104 12.783782156833968
105 13.16372713858461
106 12.268046153369717
107 11.638016250482988
108 9.177856464394548
109 9.401701084980495
110 10.526347229560583
111 11.749962067012403
112 10.776978149741893
113 11.133914079424635
114 11.308642745017387
115 12.978401970975654
116 9.667276432628226
117 11.412969706433653
118 11.070888588970336
119 10.161879376942222
120 9.756003544790364
121 10.241110236088605
122 12.797830854544774
123 10.805082712823143
124 10.849769773939833
125 10.909541399309303
126 8.840724312394222
127 8.39044382147862
128 9.477623754404346
129 7.494788022832769
130 7.982974718294418
131 6.847661492771375
132 10.685057084730689
133 9.021187505064084
134 5.790843237046726
135 10.03735101289143
136 10.550005431556382
137 10.86506506271828
138 10.507879380283953
139 10.874415210916831
140 10.12506745112467
141 10.023232598984194
142 5.0963473938739
143 8.44215723832135
144 4.984953623615888
145 3.7936579113527675
146 5.145735493221016
147 2.6741134766026113
148 8.009664357170232
149 6.514465056319624
150 11.096836327889392
151 6.318314751198662
152 6.03048624082618
153 6.967181622977207
154 7.2102632132495295
155 7.248889222975112
156 2.664649263937735
157 4.509724940554898
158 5.620843797812984
159 2.705761731679972
160 2.8182650739795627
161 3.881326423208843
162 4.501121053247551
163 6.12455990328817
164 7.853265336662219
165 7.510100812777226
166 7.830067930395899
167 3.2050173253179004
168 4.894613171986066
169 4.84330480558367
170 6.511015593188863
171 6.32113133939194
172 5.940831821013512
173 7.525689950502435
174 6.414744067809427
175 11.737456431099968
176 11.07109680051336
177 13.357572806344916
178 10.845496386509554
179 14.006097010971692
180 9.590452770486335
181 5.039926348726456
182 6.218593917503786
183 4.524257692779102
184 3.1983113294350263
185 5.895819261849266
186 5.829713147193444
187 4.054790852973524
188 6.52428777902535
189 10.273341233837941
190 9.355455534335123
191 8.222693736002128
192 5.486388566711741
193 8.484538067071938
194 9.509423276757184
195 5.548735066903355
196 7.2444848304169955
197 8.638229097361933
198 7.133161984865151
199 8.860535154746092
200 3.943569338159563
201 11.056219965320032
202 9.015311037776302
203 7.386769346583618
204 4.611302456195228
205 3.971334109979576
206 2.7682188239839434
207 5.393805317515082
208 4.116742642291567
209 4.951715011287721
210 7.873091258633196
211 8.375292386236044
212 4.433575560845508
213 6.214767037660334
214 6.75782231331731
215 7.837532981408789
216 4.089446007331254
217 2.806643169937265
218 6.761634379530443
219 5.856652842011021
220 6.496858355958339
221 6.456309696929853
222 7.329788614672127
223 6.517326187927621
224 5.910619522501324
225 6.313645709606082
226 7.287334472195674
227 5.880476141720671
228 6.576175872167784
229 6.572605425516116
230 7.020717106553112
231 7.7295465399947005
232 7.382146141929679
233 6.859075940745497
234 6.897500847858878
235 7.748762741817935
236 7.4980896151619225
237 7.515300405929723
238 6.837210091541439
239 7.062897975832531
240 4.967857776807194
241 5.597185303692581
242 5.919666071421855
243 6.335795400469445
244 6.074904092783167
245 6.409660614909784
246 6.017363905548132
247 5.889696416495028
248 6.268505438467366
249 6.937085583603676
250 6.25545481635199
251 7.271241147043673
252 6.668777583507316
253 6.213443532264058
254 6.3150307178993375
255 5.765953573256977
256 5.979038106129119
257 6.413591175341454
258 7.221129258084698
259 6.699613343466065
260 6.3964803097901735
261 7.160103326567372
262 6.706634008116796
263 6.5284974479548135
264 6.8884985538532275
265 5.9986016757345695
266 7.233318307898597
267 7.945403239488473
268 6.296245069356535
269 5.7658849409550115
270 6.297655024343279
271 6.869825026665379
272 6.060891236758019
273 7.360582174470449
274 2.9983165261418487
275 3.6341295417989206
276 6.843770529627286
277 6.355152398932512
278 2.7116750010639215
279 7.367764788096532
280 8.404239108263237
281 7.022131261720156
282 5.686956620641874
283 7.006765657650704
284 5.7386539187980965
285 6.485085858246101
286 4.702444186539417
287 7.8185289553633455
288 7.012342652425971
289 2.716036814393636
290 2.877671051612894
291 2.7198814692494055
292 2.6939612367129695
293 6.425192829478132
294 6.9224269192363375
295 8.658069056118894
296 8.41546570739344
297 6.611301847475262
298 6.7547210900604435
299 5.734083614855619
300 6.90240667132737
301 6.37976017620851
302 6.511398999858603
303 6.012021662410303
304 6.8275468518151365
305 6.787821799120627
306 6.664275020435507
307 6.757558985307964
308 6.40521144034517
309 6.944603476278116
310 5.820778970500372
311 8.175617967155882
312 4.792453022224882
313 7.204142352164067
314 6.390228825500835
315 8.084787046596025
316 7.870928106913182
317 6.692074980094905
318 8.399041464735916
319 9.206900170687165
320 8.046939245471606
321 7.2979960946784
322 6.884401391052647
323 6.698586525315437
324 6.7254170515881375
325 5.798019472774456
326 5.704765906174434
327 8.334531426544675
328 7.129258608842562
329 10.320886765430192
330 8.58555954348942
331 7.811066015634101
332 8.939660827970018
333 6.821010073148205
334 8.986685762471712
335 6.025426222203956
336 7.782235644112011
337 2.6975289178742434
338 6.804828157903365
339 6.463083476806718
340 3.298981872282118
341 7.459661960566068
342 7.239835951289739
343 8.464122189931986
344 6.123520125193449
345 7.682127305957182
346 7.812358781097031
347 9.271350329134997
348 9.119302334244368
349 8.643648448614645
350 3.784051838032174
351 6.740808599944885
352 7.877175429377238
353 7.466007860311744
354 3.1905065624512217
355 2.9464763541021495
356 7.925227802517568
357 7.7414782560290885
358 8.167803897871549
359 3.8783494714317377
360 7.607665825244384
361 8.297283400867562
362 6.816100501149489
363 2.651812321377493
364 8.509961123412221
365 9.016850706115557
366 6.500822532783381
367 5.191824854815191
368 9.292081247062558
369 4.955052956653099
370 5.067176430656469
371 7.700121960441952
372 4.5781350726796175
373 9.835769095654204
374 12.023464787660561
375 9.970506178241422
376 12.292736484301749
377 7.176365805973521
378 9.715022781937485
379 8.853013572443787
380 9.517642077433104
381 7.352779056952543
382 10.844843532632636
383 5.094857109602172
384 6.373622660933544
385 2.704090732498402
386 5.191335953618483
387 5.733655524174511
388 4.210383038034285
389 5.021177385945245
390 6.5753843130591765
391 2.8657577585651133
392 2.84928861139515
393 2.77810820511424
394 2.8971330419745094
395 2.6986527661666537
396 2.8054667134521454
397 8.094455202929097
398 2.7039699175969614
399 7.370646966563566
400 4.727810896525322
401 5.044212241056349
402 2.8812465153949844
403 8.198662117690642
404 5.061220966575556
405 3.1232091132707924
406 7.638406869387871
407 7.291099305331562
408 5.100607605718046
409 7.701177658032483
410 4.870257323847176
411 2.763535222023436
412 6.669053075009454
413 4.945030916617991
414 6.71719872896882
415 8.166780711595637
416 8.023329614067789
417 7.7877149289546965
418 6.179507228060469
419 9.37005122512144
420 6.604996461006697
421 2.875449690171774
422 7.9798554265366475
423 7.057719386014304
424 4.402409534479285
425 6.7772528671076016
426 9.968184266528459
427 7.2756967972710385
428 7.959327183781074
429 10.275144384015274
430 7.41998672670879
431 10.198736811887764
432 9.73130734129959
433 8.433553419994483
434 6.092681830009782
435 4.4651070756874605
436 7.036833735412817
437 6.533182002710188
438 4.414714717630215
439 6.74076370143453
440 4.9448492888064495
441 8.93274647731619
442 7.248811202745943
443 5.966723832823849
444 6.274807092580722
445 9.355906736635609
446 8.468296826524417
447 5.29146270951878
448 8.454143587705666
449 6.246518304750364
450 2.868845115576189
451 7.148684641518033
452 8.053402957805043
453 8.67575045906159
454 8.829040718418138
455 5.972088525878171
456 7.876941986034209
457 8.618503091476574
458 8.098768525874311
459 8.710277649795646
460 6.030143473459983
461 4.981395091509741
462 5.616149375749984
463 6.872259861570068
464 4.68371575961888
465 5.484281060667388
466 2.6753552444734403
467 2.9154156109554683
468 8.731160969869537
469 7.693703377683115
470 5.651101695988429
471 7.5022262813171245
472 7.042164301967823
473 4.381645903431882
474 8.261623139195766
475 8.13829504256938
476 9.138187286891581
477 6.540097274299102
478 8.265242437145103
479 8.200239575626819
480 7.609180601146405
481 2.8537774854536475
482 8.893663848715933
483 2.6555303410204054
484 7.888595895045549
485 8.030005286283792
486 2.934584070580951
487 2.93339044653223
488 2.68286190364144
489 5.039508009419901
490 2.8351505090137747
491 2.973180849643772
492 2.762029583149663
493 6.363575482480028
494 5.061736761785875
495 4.693350809591723
496 4.529475386591691
497 2.8954758973990185
498 5.635814969091061
499 3.1416428329750286
500 2.795020290011756
501 2.633004402109783
502 2.6679543881518253
503 2.732966253966905
504 7.39393563879582
505 10.208483486327804
506 10.654369173820932
507 9.295048170961872
508 8.919715567069291
509 7.27607450042184
510 8.390818471581326
511 8.089203008861388
512 7.550878957273329
513 7.394341151822544
514 4.597517823720065
515 2.8368190080391544
516 5.031611965968363
517 6.153742403523769
518 3.429288753547424
519 2.8482812858657396
520 2.797950761950567
521 3.9851253591154063
522 2.861796969079839
523 2.7824693391081685
524 2.704700096216741
525 4.542327271382489
526 2.893915213279701
527 2.6855797436312088
528 4.926785306778802
529 4.998116978184351
530 5.000774471768251
531 4.962867968251678
532 2.8474540935617867
533 6.80354076783477
534 7.062827755445598
535 2.660902264225886
536 8.225193435891889
537 7.028174096099961
538 5.973999898370873
539 2.898530866024342
540 10.382747174511668
541 6.443355054721012
542 8.39351721429518
543 4.825503753955161
544 7.740176815016311
545 5.314941449992472
546 6.299638720825657
547 7.4561154014700515
548 7.647400388510605
549 2.8088466123614833
550 4.613801875506594
551 2.772169225821374
552 2.6612471625767395
553 9.374481755533493
554 7.187620409563582
555 6.340517051265575
556 6.225623450831216
557 6.517452429271455
558 8.506239032480005
559 7.852726674670484
560 5.222199766438213
561 9.157159442075022
562 7.230090331992969
563 7.862310014385695
564 2.961595665351365
565 4.096270647849791
566 6.95722756172605
567 8.424149591898491
568 3.8948977854854965
569 6.668897794129279
570 6.250617195670092
571 8.703825370952012
572 7.821702310531956
573 5.931957669419387
574 3.3496259212085224
575 2.739823732320691
576 2.638671614640524
577 7.29362163656954
578 6.014305943449358
