0 2.5703758741516745
1 2.571647112961039
2 2.585529582395736
3 2.508909702384719
4 2.625913742985979
5 2.631334671400294
6 2.799107498667966
7 2.5483579269773013
8 2.6803937340671764
9 2.5864893107082993
10 2.7691541475133747
11 2.511136110819622
12 2.7245012337732013
13 2.587868433150922
14 2.640998516781798
15 2.6337670153026855
16 2.7695362044031038
17 2.5977640013249492
18 2.5871140697107453
19 2.5630331964651063
20 2.6261166081603293
21 2.6150351999806096
22 2.5740456104741427
23 2.74179589088056
24 2.705245174802004
25 2.5082941207208806
26 2.586685989223317
27 2.683089912448529
28 2.6261874998393764
29 2.6575724654597717
30 2.5966792592106662
31 2.60237391564731
32 2.636720648098192
33 2.611372352793205
34 2.609827777256513
35 2.7327931771497416
36 2.7251681802238372
37 2.633623001757853
38 2.5781362661140146
39 2.8486478100092905
40 2.683539596594951
41 2.7428472761937557
42 2.5098017419253114
43 2.5605384411590415
44 2.7197367155758334
45 2.675687104996321
46 2.7575964210462085
47 2.6066714906476673
48 2.6165886760644157
49 2.5561441578672492
50 2.6623390773376663
51 2.769796728422464
52 2.555621459801924
53 2.585336622665531
54 2.651385815337752
55 2.5618364286647743
56 2.5416155644619614
57 2.572717825678806
58 2.755090399088924
59 2.5848286694051903
60 2.5984751379194964
61 2.6697997128918214
62 2.708191597145397
63 2.708532494664775
64 2.5975203016840944
65 2.70068267280366
66 2.6247511040748757
67 2.778050575600747
68 2.7670523152168585
69 2.553342926363104
70 2.5818426318573198
71 2.5349638260577403
72 2.647589449132341
73 2.6341223280243113
74 2.6545404950230815
75 2.5337216557310493
76 2.6193432820637215
77 2.6452155045021835
78 2.744421066434973
79 2.7121398033625295
80 2.579821146454713
81 2.5671169510116094
82 2.6470353182446362
83 2.695304920875434
84 2.6439709715009547
85 2.597580324698369
86 2.6263191783501383
87 2.5243089078275505
88 2.625790107389673
89 2.584916694239609
90 2.7418277024309203
91 2.8491652087928867
92 2.567713219676608
93 2.51400277214712
94 2.6661516671547973
95 2.594841251564344
96 2.620696080370072
97 2.6257738701245965
98 2.5684834571929716
99 2.6789225008842017
100 2.7061970129108524
101 2.7958658855078777
102 2.690577948370499
103 2.5621440150681476
104 2.6634050792506523
105 2.6736341488737705
106 2.6221449915083945
107 2.771285852887788
108 2.766256943654684
109 2.6209558808556697
110 2.6758217960895907
111 2.7684587207739324
112 2.6332767110536524
113 2.624672753541837
114 2.7556320337347615
115 2.667035057935331
116 2.600349559317718
117 2.5747237384692845
118 2.7134779992942937
119 2.678988957694944
120 2.6861147034895274
121 2.8083511599891726
122 2.5531475061345317
123 2.6409563224072485
124 2.6095082615296836
125 2.5216869265667414
126 2.593450081275478
127 2.5811252558891673
128 2.741886472551877
129 2.665069522559973
130 2.590324189839822
131 2.5842052655560503
132 2.667191978979
133 2.682108577815172
134 2.690775584036281
135 2.722448129063823
136 2.5979635838087725
137 2.7186050249238747
138 2.757407186262187
139 2.7087102269930847
140 2.7592202992475494
141 2.610772777318537
142 2.58928137297104
143 2.639408600921181
144 2.6147103991201393
145 2.5828661005809
146 2.575498168426806
147 2.7697566489909136
148 2.769711660828914
149 2.708060914451663
150 2.5447956590605663
151 2.658801592714511
152 2.599845878276816
153 2.5128502746205563
154 2.6641113865824724
155 2.6971125060244447
156 2.6566728406047715
157 3.3260321546065357
158 2.630318821658315
159 2.5881313327021753
160 2.7018906222250574
161 2.957594717273025
162 2.6617808893147283
163 2.635272403926653
164 2.556703434811399
165 2.663551727711003
166 2.707658853012009
167 2.674615291597659
168 2.5831995052173236
169 2.899679273747055
170 2.766284594829372
171 2.706692702581124
172 2.8778388918363533
173 2.731474209158947
174 2.656798125896009
175 3.6677866543712474
176 2.569500246167016
177 2.7936871324638712
178 2.72529068719625
179 2.496966685361266
180 2.7146341810308416
181 2.569037136274025
182 2.722424022479201
183 2.495354264947103
184 2.6195152920588876
185 2.5810109363276412
186 2.6184736562236437
187 2.7152030013902504
188 2.510095026908075
189 2.598504385732307
190 2.587379187596207
191 2.516877626612918
192 2.6928410022634184
193 2.4701179290321926
194 2.5872045562948007
195 2.556861217194311
196 2.706783334425868
197 2.662882591977138
198 2.5618951822316
199 2.5523167518261722
200 2.8471832217432036
201 2.5782338606013915
202 2.5417443815903273
203 2.6049204241403876
204 2.5347619298556237
205 2.6446620158964396
206 2.741123021787261
207 2.6811773343164256
208 2.6201011261094935
209 2.560278838459025
210 2.660176494096818
211 2.8135718382183854
212 2.483816964134405
213 2.83482915486054
214 2.6379702313387137
215 2.6710888238807673
216 2.7299396021548024
217 2.699378018023074
218 2.6365231139540333
219 2.5411225347484256
220 2.5797223237601608
221 2.644327301343866
222 2.5998922567882397
223 2.7111003329809162
224 2.625101796775149
225 2.62215495540683
226 2.563274353283244
227 2.7645329370185614
228 2.554103338332876
229 2.613299100686524
230 2.666973339262339
231 2.617265431490198
232 2.61111486074992
233 2.780418317527016
234 2.7638755870482474
235 2.5639566469148884
236 2.6522854952868395
237 2.4895395404087934
238 2.6684838901729444
239 2.6505216923593573
240 2.6800637157383105
241 2.564125951487622
242 2.7880547623349683
243 2.6253809556945202
244 2.549489983936079
245 2.685923240609636
246 2.610843738002684
247 2.6338993663923254
248 2.715606118620283
249 2.6824042944456497
250 2.6328338128135567
251 2.5669953503764864
252 2.4876806141657384
253 2.698741032318059
254 2.710479093118386
255 2.6939597386134566
256 2.738042737992871
257 2.823696748194875
258 2.6860586246149554
259 2.6696035083330916
260 2.6013343045643498
261 2.5884155569214475
262 2.858531909338448
263 2.6147223944406974
264 2.5962290361848512
265 2.741752122144002
266 2.758576512588411
267 2.8994812392606493
268 2.7615470406576113
269 2.725150886255681
270 2.6364446755002238
271 2.6471180641119907
272 2.844442516615379
273 2.55240251788581
274 2.6453931709907352
275 2.7454025410066816
276 2.658858538253307
277 2.579125394397153
278 2.596464780995921
279 2.650970826958822
280 2.644518195087555
281 2.685396518472793
282 2.6195894970233726
283 2.5997830785575347
284 2.65508774451071
285 2.680996884880314
286 2.840329318589268
287 2.566468244580494
288 2.6995760356972283
289 2.739137410528012
290 2.5345642711588927
291 2.8101849634937555
292 2.6896943701298066
293 2.615140707708738
294 2.738352780620643
295 2.6153977971302074
296 2.7721129718099498
297 2.7125337623513257
298 2.5976589586711687
299 2.546953084010178
300 2.5684182851586375
301 2.7378890219565695
302 2.6888366383815376
303 2.6043118068542954
304 2.5580388694768295
305 2.651954679659487
306 2.6516547159781454
307 2.474025691618225
308 2.5683071395247605
309 2.6290311925424428
310 2.6937886968201465
311 2.5975567119830196
312 2.6444920419423967
313 2.7098842195120514
314 2.6011430562330395
315 2.4990251122816485
316 2.5278733939819795
317 2.5575904692882516
318 2.5840570296696592
319 2.7664156866007135
320 2.5408007831507105
321 2.629369179244029
322 2.642226942530291
323 2.865478351332615
324 2.571398279517633
325 2.708901738807668
326 2.4819299641317074
327 2.4372016602802167
328 2.5718487193754136
329 2.624033961472514
330 2.584039279296618
331 2.7420890992337767
332 2.5821903226858067
333 2.477585470172475
334 2.620229103285628
335 2.7068861472527224
336 2.6558313137292857
337 2.6237695502745466
338 2.5387362249609384
339 6.492041815438213
340 5.44528036878466
341 6.587608720219097
342 5.570436935273518
343 7.691384613654028
344 6.326961473710173
345 6.904971581577226
346 2.6595315477112553
347 3.886188583026456
348 3.761794904969269
349 3.2736161483696256
350 4.206087247902333
351 3.279522082321107
352 3.532069097526336
353 2.961722610257109
354 3.6724389394894827
355 3.9678443630545464
356 3.9368527266388074
357 3.4222461973455545
358 3.405809205610345
359 3.426504339705117
360 3.3925832369544504
361 3.563422997155843
362 3.2929550713314675
363 3.4710743285308916
364 3.3838866621802013
365 3.8113110553237983
366 4.532249167928978
367 2.5477801050041475
368 2.70066683719071
369 2.5122005589563288
370 2.7847466365367013
371 2.6596067282883986
372 4.248204694525014
373 2.611222193252103
374 2.6301323650280835
375 2.819481359017962
376 2.4969247376677957
377 2.5600302951488034
378 2.6684356159977494
379 2.600129141029279
380 2.590684506517957
381 2.746368016632379
382 2.6827367810148863
383 2.625257197101386
384 2.606325041456554
385 2.692273468101765
386 2.6023135516121845
387 2.6951788124879994
388 2.6135869039247086
389 2.539145988667959
390 2.7643772877639465
391 2.7735198687073774
392 2.5431562915091335
393 2.7328591237026227
394 2.6641756338673415
395 2.616021835551107
396 2.585255906019507
397 2.5545744900502427
398 2.7022623902895897
399 3.1457546828806606
400 3.3712492611176303
401 3.275225829412471
402 4.307707906746386
403 3.009001167298629
404 6.930857513281315
405 6.40478729551201
406 6.133395601747454
407 6.885599037341289
408 7.5097248031250174
409 7.5032489148333985
410 5.3438306666271185
411 5.828858140198928
412 5.7544570395131
413 4.1981716686008586
414 2.6316603559052525
415 2.689730304416809
416 2.5443134001895524
417 2.827865599837209
418 2.7427647431219437
419 4.15989514675937
420 3.3329516081009443
421 5.201060235234221
422 7.371448144551989
423 7.480571988240379
424 5.103293661050001
425 7.273586399285704
426 3.5526258200882124
427 3.4120199426730817
428 4.0087703221333335
429 3.670007734910703
430 3.6613711261890494
431 7.379232534831081
432 6.873610772127461
433 7.593980305457424
434 7.304733182764377
435 6.660311366564729
436 2.6050902787372245
437 2.7698938785097926
438 2.7694278070687948
439 2.6360677835169097
440 2.7273616248061554
441 2.6792553424828207
442 2.6213536552955685
443 2.579689934964117
444 2.623588743728409
445 2.716835687266336
446 2.5616808986587927
447 3.105642554239207
448 2.524869821285084
449 2.7578379219346147
450 2.5814514946877796
451 6.432086900091513
452 7.53263285645038
453 7.857678028610198
454 3.5858581673454393
455 3.825777318127687
456 7.812078109908648
457 3.9854212287654183
458 3.387094467645352
459 3.671366448949571
460 3.5470611634021174
461 3.3049639141766174
462 3.5314570972565553
463 4.278059301863665
464 3.1720880908914606
465 4.1256595734730395
466 3.717695302774879
467 3.292451092731533
468 3.074674501027217
469 3.4519019275463467
470 4.126908670048541
471 3.4291185138348164
472 3.746104033766776
473 7.219889954611682
474 7.47851591877377
475 6.497477564485986
476 8.062349662718827
477 6.803738287141782
478 7.447297641719556
479 8.449026630169683
480 7.738407754198249
481 7.821021978262041
482 8.198254084108312
483 8.00107160947887
484 8.66669352248619
485 5.062829794538987
486 8.026889325407844
487 8.20055169011432
488 7.868496269313647
489 7.839473729524875
490 7.961145549571835
491 8.279929560348576
492 7.954862316171281
493 8.049964378937188
494 6.9695263611992715
495 7.617933679392482
496 7.666637571590104
497 6.921155768301366
498 7.014788526741784
499 7.136874489510149
500 7.319258373012065
501 8.077107496803574
502 7.628428269127085
503 7.827616580817456
504 7.932362966298172
505 7.1911451810511435
506 7.015140721960022
507 4.456553369260624
508 2.756128905616936
509 3.042266311156039
510 2.63387164779433
511 2.8456642186388796
512 6.096414849052374
513 8.792609045680502
514 7.497385991654148
515 6.553267868563133
516 9.623972310276743
517 9.768420836742411
518 8.439159439782165
519 7.8328262410236285
520 8.199387428643375
521 9.778596715787828
522 8.520168851669943
523 8.41525576745949
524 9.726008802126586
525 9.146857952563233
526 10.17697796066219
527 10.648444182242843
528 10.29711840172989
529 8.701482130057103
530 6.453500148259222
531 7.46076363344588
532 2.685830201302406
533 2.5801409228869128
534 3.950097101822141
535 3.944836206224426
536 3.8466718938310915
537 3.764585129046129
538 4.059920827777827
539 3.745164345086668
540 3.8441892210942537
541 4.387511076090908
542 4.281648034744243
543 3.980082388787959
544 3.31276014053276
545 4.063587838704786
546 4.188869411524015
547 3.381790668538596
548 2.679239664224289
549 2.6741855203260827
550 2.548687954786726
551 2.65812325026397
552 2.867558609818035
553 2.646374092554086
554 2.541621170980349
555 2.569727562432306
556 2.7926424841633657
557 4.805213637368781
558 7.468503952852748
559 8.299438842072815
560 8.272745687947085
561 5.555736352602154
562 7.7656060143421035
563 7.365200048442724
564 7.532136105874177
565 3.821760984279457
566 3.553992382020975
567 6.250888022436331
568 7.591160934984843
569 7.814197002170166
570 6.866597597532733
571 7.577812646491332
572 6.392700287842311
573 7.767879062934061
574 6.855724112754017
575 8.122534056742731
576 2.661551783638405
577 2.6135513940826116
578 2.705869339074988
