0 14.131523750465387
1 13.824808514049815
2 14.166050453064452
3 13.611849936156228
4 13.83225929671876
5 13.758774462227905
6 14.604381671332504
7 14.675672869002831
8 12.459267979483858
9 14.028913780099137
10 14.416593916925024
11 14.755658830060904
12 13.853719658964364
13 14.346964756966004
14 14.385364069087649
15 14.069090706418805
16 14.186095414981265
17 13.412534707357345
18 12.530940260338749
19 13.276723617733833
20 13.244239739197392
21 12.87113318858457
22 14.756919593968474
23 13.814792687573684
24 13.646421566024356
25 13.31047253490425
26 13.859955412548244
27 15.265567666732835
28 14.753313335876767
29 14.992219783154798
30 13.802777445052389
31 12.16344816690185
32 14.338669083305703
33 12.742625461549197
34 13.954534978978065
35 14.412903307095968
36 14.164017189400905
37 13.887545198875085
38 13.3174325194963
39 13.879840411423768
40 13.349555874368628
41 13.357345687884902
42 12.36864532553286
43 12.299605497596852
44 12.219972209756657
45 12.430215453334785
46 11.69994058936049
47 12.988519310596335
48 12.983227091303302
49 12.85337517342045
50 13.140627341192477
51 12.330845376733956
52 13.48781587391106
53 15.199260208204686
54 13.041357785550229
55 15.918139125971347
56 13.882354800662782
57 15.61402317902404
58 12.367620080630504
59 13.528392916633479
60 14.856989682550251
61 14.562780949793638
62 13.900206255829287
63 13.682980050750201
64 12.770867527106704
65 13.498696648740799
66 11.717690047304883
67 14.306783623577783
68 15.195047972764723
69 14.242948165690143
70 14.078133307200588
71 14.227612669222884
72 12.4962007991551
73 13.597222209205144
74 12.07813904189591
75 14.977736904381718
76 14.960405556849754
77 14.748783086425961
78 14.335085509352727
79 13.506867832640483
80 12.882952701907076
81 11.812759418863001
82 14.741580223070544
83 12.966099661960271
84 12.867779027019072
85 14.80682174873107
86 14.292067729358633
87 14.270686079919807
88 14.581086137405702
89 12.768357305972756
90 12.056634409031991
91 12.886340122165988
92 14.37421788467985
93 12.814788247688341
94 15.795384461394361
95 13.41587577562864
96 13.447166689238774
97 13.069343275757541
98 14.056457955337912
99 13.251808213925147
100 13.759779969365326
101 14.155944742155743
102 13.044584050376532
103 12.06951100344437
104 13.930739299890309
105 14.409483069827278
106 14.2014591222291
107 15.452756573459348
108 14.072579767182933
109 13.688930370157987
110 13.894461771033034
111 13.139762682411538
112 13.34780076164817
113 15.282996730737148
114 12.529080663132772
115 14.326555731926842
116 15.10011307946339
117 13.051652057653657
118 14.555894096739387
119 14.063350932719267
120 13.635502367611824
121 15.228124378440327
122 15.312079241485078
123 12.85701478836073
124 13.425708703648676
125 13.17475317393041
126 14.458785402703857
127 13.036543850121454
128 14.285968110118041
129 15.339504527722706
130 14.936619209654625
131 12.620047078047522
132 12.968854927883926
133 14.075225367975118
134 15.550117472328052
135 13.171884333428714
136 13.545652522695896
137 12.484170889467956
138 11.544665945053136
139 14.134043874364158
140 14.378929343876774
141 12.331218396992867
142 13.57280751532597
143 15.483569162706697
144 13.970527056368017
145 13.737515865836633
146 14.508121915137012
147 13.457280187877286
148 12.67476485297799
149 12.238694015984215
150 12.469551263474232
151 13.231892184507494
152 13.499902339709088
153 14.388259285369863
154 12.815766892902039
155 14.617844764489385
156 15.597550835251148
157 14.763764261490941
158 13.159445178235222
159 15.03325122876855
160 14.7194021324986
161 15.176387987974927
162 13.99518675896408
163 16.892904554996477
164 15.796834184436973
165 12.451574415091088
166 16.75014271540973
167 13.187717357146894
168 13.327831103100872
169 13.932715450504181
170 14.511587192835977
171 15.039046559204403
172 14.745742812834495
173 14.230750523386895
174 14.623670341540297
175 12.58534021472346
176 14.478581149008924
177 13.0827965301519
178 14.13175951231183
179 13.397399807602172
180 14.042311626993046
181 14.197211654919498
182 14.630042041317111
183 14.33606763185506
184 15.471539205364179
185 14.236751351432906
186 15.032893377016489
187 14.806889467106823
188 15.579689515342992
189 13.705341171014082
190 13.685126236655206
191 17.446890596808664
192 15.48355178327659
193 13.70830080216636
194 14.464515216938732
195 15.234383244745304
196 13.836217569877075
197 12.945182226554282
198 14.516856863075748
199 15.882487013912577
200 15.24405779212947
201 13.502509172614428
202 13.638380671374069
203 14.358459308135075
204 13.501646862623481
205 13.81867307170047
206 13.845589333569073
207 13.862411263931218
208 14.214255718116139
209 16.411026139155695
210 15.403925233773695
211 15.571577010719455
212 14.281327601248197
213 14.063514198046853
214 14.343090000319812
215 13.015185635563359
216 13.83178552514647
217 13.794038759039
218 12.492277478274236
219 13.532381893589314
220 15.53683911588131
221 14.552218461570535
222 14.112845250864849
223 14.128264330588815
224 14.167465433005598
225 15.026523479696294
226 15.640078038850595
227 14.118906655210173
228 14.320489388471291
229 15.359713902124838
230 13.585079985266084
231 13.650367397673831
232 14.189978497232115
233 13.885662786214047
234 15.499176054545295
235 15.141234267191084
236 13.81325293119923
237 13.441364657400205
238 14.514947775779927
239 13.786434857953152
240 14.23758260763269
241 13.885734933318565
242 14.122403425541386
243 12.896548487996697
244 13.207253135504262
245 13.694127610067676
246 14.728632369164236
247 15.352297304874352
248 15.542559906464112
249 13.5872997308216
250 13.645659678422463
251 15.285324006935259
252 13.111274343718412
253 15.598951981200967
254 14.024781941430515
255 13.257160159761188
256 13.55514797338041
257 13.10797264893555
258 14.338375859144131
259 13.908227819704738
260 15.540129541563447
261 15.80623796910441
262 15.873100461222478
263 12.95637548332215
264 13.505971965787351
265 13.929184057975343
266 15.695560711237691
267 16.39297421902921
268 15.718946859867327
269 13.655460778434493
270 13.714042104616976
271 13.738739175622998
272 16.408298026182514
273 16.405020480858795
274 16.120788660031696
275 15.887852281866822
276 13.973316152034975
277 13.554164090613597
278 14.543181369405538
279 13.686081474100378
280 13.861601161381849
281 15.782838253431153
282 16.354014669866093
283 14.696666228987064
284 14.583048525645149
285 14.175624491871362
286 15.46330334908836
287 14.93600282478233
288 13.15477410293127
289 14.508163412305771
290 16.12311848969755
291 14.963415810397573
292 15.235670089017278
293 15.050996255666917
294 16.303913218244613
295 15.564949940215646
296 16.982189053806035
297 16.187790245504946
298 16.117023354377462
299 14.442192195562896
300 14.755018253583506
301 15.601852738702425
302 14.762746683600495
303 13.725446992940457
304 15.463553732980856
305 13.958684544174899
306 14.026851088676256
307 12.827056625455205
308 12.45627141133675
309 14.01905036799383
310 16.9133639712613
311 14.562223249024965
312 13.985801762380506
313 14.325576644968164
314 11.10187546526503
315 11.836151750092265
316 14.769230977859467
317 14.534562771708345
318 14.07126804303859
319 13.956831970755422
320 11.898064103702026
321 12.73334146498321
322 13.574160198719067
323 13.390105122946498
324 13.406657642840477
325 13.641457821944307
326 15.863697516465406
327 16.683849136610444
328 18.584326197162596
329 18.910111242988677
330 12.848017300572218
331 15.149164974471105
332 14.540349470946076
333 16.11005854690536
334 15.570722896271105
335 14.138686014711785
336 17.10104582438444
337 13.86762161835567
338 11.544526290101398
339 13.769903794812633
340 10.122831483370197
341 16.377638696748644
342 14.76766898420598
343 19.764421933779637
344 17.136922588624106
345 16.73799926758005
346 13.05472430140378
347 14.166000821866865
348 19.222222571285048
349 14.242262648991703
350 16.90436392556523
351 10.804662846661964
352 13.437197939124555
353 12.984104672436866
354 16.901365711086477
355 18.344677279270687
356 17.923617071072858
357 17.353557710826607
358 18.514093589408738
359 17.16411844364167
360 13.99516338000409
361 10.52347455474744
362 10.251870017260524
363 16.777887230931213
364 14.962286475674164
365 16.142484209161815
366 15.653199115525254
367 20.419704013774382
368 15.557240313646496
369 17.69149205494583
370 18.59473715652267
371 21.103906298631372
372 18.825150338910262
373 14.512506464926906
374 9.91728605565246
375 7.684904572178166
376 12.622560490809304
377 9.142007386749533
378 12.971765708420737
379 13.1577963797809
380 14.782747070368822
381 9.105447089653557
382 11.818863720791121
383 9.38658904974843
384 10.687041670154535
385 11.47326270397398
386 9.837718387446577
387 7.519930688872073
388 8.420660773738627
389 7.306373601318224
390 10.274983309139962
391 9.155207794927868
392 6.363059266244517
393 5.273830657703217
394 10.339990000345809
395 9.249841469877232
396 11.147774144132502
397 7.718043925672151
398 11.245202665263989
399 10.309923153789398
400 13.661712818197817
401 12.171640240710428
402 12.185223942659754
403 7.045696143838831
404 10.65874601738678
405 12.460224147277073
406 6.6927250775398175
407 8.481178868857906
408 8.464897068774073
409 8.129523367353645
410 5.742407578995981
411 7.331340620355658
412 5.187415836801435
413 9.096102138672281
414 7.739866636509192
415 8.459110144390937
416 6.842112436102842
417 11.385928331870007
418 8.53904567810789
419 11.42520611301959
420 8.770215046799503
421 11.257406904911106
422 12.112570633462193
423 9.231402760385809
424 7.127323091610253
425 4.100498493361658
426 5.554144505776596
427 5.772364384301224
428 7.377398996882885
429 9.203551530753394
430 8.863123864413284
431 12.97147883463958
432 11.71678135072016
433 10.034370488673275
434 12.098750599405129
435 12.331030826892688
436 8.238400786514811
437 9.85958841756795
438 5.892329929529324
439 9.066026689057033
440 10.872299695782973
441 8.515041049262264
442 6.826734273635367
443 5.864017860373772
444 6.191224940144932
445 9.315170296585725
446 8.292676385053666
447 6.900131827005393
448 7.496595660403006
449 7.700427645653564
450 6.490418256509251
451 6.893241312600976
452 5.859060560664238
453 13.037137271547877
454 11.826167556143275
455 16.85603227502547
456 16.369882411830993
457 9.418575661317961
458 8.076804598786529
459 8.466620987122058
460 13.054872229579502
461 13.48837104116413
462 8.438821590202659
463 10.022492178884228
464 7.084282774608698
465 7.316294019609659
466 5.985846168906086
467 5.2983106820094035
468 7.59843177679867
469 7.42682663953292
470 7.1573079475003665
471 8.613562021801448
472 8.758511253024727
473 9.267516330007858
474 8.735171434829518
475 9.480889521844885
476 12.077673688795585
477 11.276947154935787
478 11.600689867033452
479 11.887030407510615
480 11.461707820358994
481 12.766916909535148
482 11.9761162695667
483 12.619958495285603
484 12.021706254441904
485 9.759994655390239
486 11.607828383687144
487 11.124641420525922
488 12.965129807481448
489 12.836135654135441
490 12.359118473255627
491 12.873403489426165
492 13.2351878965314
493 12.655527775953926
494 13.870872155799061
495 16.704950618224657
496 14.024322211587922
497 15.337410633948732
498 13.718364960183166
499 8.650925374834967
500 15.131704788572229
501 12.071175877699318
502 9.361200956035802
503 10.135011446686045
504 8.395343394889624
505 10.586315347555328
506 10.537712250425724
507 9.221227747364065
508 14.887552905971027
509 12.878776806814187
510 12.390597840055593
511 15.053072211281535
512 12.375244485657916
513 16.958224557140067
514 21.55598992663033
515 15.061227583892284
516 7.925654800055381
517 11.388943592206655
518 8.837788562181215
519 9.926780876781121
520 7.428927580039835
521 8.567864744863007
522 8.666956355162714
523 9.171104999018246
524 12.085152743783915
525 11.010774945464908
526 9.84054939744549
527 10.776668983543932
528 10.133174633566394
529 9.675252126067694
530 11.279652838078396
531 12.10193937805828
532 9.88428885182772
533 10.84423899177752
534 9.71157121533394
535 10.288324809789486
536 10.315336578168782
537 13.258021035512552
538 11.60061859345432
539 9.627101618095192
540 9.613366311914069
541 10.73171848951276
542 8.406105782588028
543 7.542177127879797
544 9.894403671908123
545 9.389750928976216
546 9.577079070224759
547 12.313290579600075
548 13.298193781767486
549 10.330112911829017
550 9.851165850215876
551 10.157245527388463
552 9.941500274271805
553 9.229619888193325
554 10.59196058356484
555 10.048163662764084
556 11.727555578695368
557 11.638285546074455
558 10.15174384927963
559 8.900729171925844
560 14.155769957246566
561 8.706360757851881
562 10.007043453930994
563 9.122069605485658
564 10.366883198623178
565 11.862686642913099
566 10.245255275515484
567 10.109560955151714
568 9.53115213466509
569 13.761325922124838
570 13.4891480081795
571 10.396412283108203
572 10.54911527708507
573 9.597087432756473
574 8.995024331741897
575 9.525764007856713
576 13.996830506071257
577 10.762727899728556
578 10.843009978940797
