1 0.21595682203769684 0.06139317527413368 0.06139317527413368
2 0.6015409827232361 0.12273384630680084 0.12273384630680084
3 0.6353984475135803 0.1587381511926651 0.1587381213903427
4 0.689842700958252 0.1988159418106079 0.1988159418106079
5 0.7720181345939636 0.2661152184009552 0.2661151885986328
6 0.7751469612121582 0.2687126398086548 0.26871269941329956
7 0.780464768409729 0.25983309745788574 0.25983309745788574
8 0.8412083983421326 0.3210579454898834 0.32105791568756104
9 0.8905481696128845 0.3281194865703583 0.3281193673610687
10 0.8751979470252991 0.3338596522808075 0.3338596820831299
11 1.093849539756775 0.507428765296936 0.507428765296936
12 1.113510251045227 0.5197623372077942 0.5197622179985046
13 1.1419557332992554 0.5145915150642395 0.5145915150642395
14 1.513871431350708 0.9619892835617065 0.9619892835617065
15 1.542945384979248 0.8680465221405029 0.8680464625358582
16 1.9220783710479736 1.0783820152282715 1.0783820152282715
17 1.8464319705963135 0.9757047295570374 0.975704550743103
18 1.95224928855896 1.125704288482666 1.125704288482666
19 2.01289963722229 1.1202915906906128 1.1202915906906128
20 2.031679630279541 1.0777335166931152 1.0777335166931152
21 2.097085952758789 1.2243523597717285 1.224352240562439
22 1.9698837995529175 1.09110426902771 1.09110426902771
23 2.1706247329711914 1.2911409139633179 1.2911407947540283
24 2.0215654373168945 1.0512521266937256 1.0512521266937256
25 2.085127592086792 1.1654289960861206 1.1654289960861206
26 2.100992202758789 1.1031674146652222 1.1031674146652222
27 2.2704029083251953 1.3482239246368408 1.3482239246368408
28 2.271230936050415 1.343269944190979 1.343269944190979
29 2.36503267288208 1.4593009948730469 1.459301233291626
30 2.342725992202759 1.4274916648864746 1.4274917840957642
31 2.4331960678100586 1.5965584516525269 1.5965584516525269
32 2.2266907691955566 1.2567063570022583 1.2567063570022583
33 2.421412467956543 1.6233259439468384 1.6233259439468384
34 2.3919551372528076 1.546890377998352 1.5468902587890625
35 2.373549222946167 1.4741159677505493 1.4741159677505493
36 2.257162094116211 1.3455818891525269 1.345582365989685
37 2.274916410446167 1.3591350317001343 1.3591350317001343
38 2.2041704654693604 1.2835339307785034 1.2835339307785034
39 2.2487378120422363 1.2926431894302368 1.2926431894302368
40 2.23747181892395 1.3750700950622559 1.3750700950622559
41 2.288569211959839 1.4179658889770508 1.4179658889770508
42 2.3375539779663086 1.3667702674865723 1.3667701482772827
43 2.552957534790039 1.6981046199798584 1.6981046199798584
44 2.2639312744140625 1.2903562784194946 1.2903562784194946
45 2.2329697608947754 1.3072830438613892 1.30728280544281
46 2.304690361022949 1.3779398202896118 1.3779398202896118
47 2.2327005863189697 1.2596559524536133 1.2596559524536133
48 2.2112646102905273 1.2685872316360474 1.2685872316360474
49 2.353980779647827 1.49787437915802 1.4978746175765991
50 2.370737075805664 1.5952404737472534 1.5952404737472534
51 2.339099168777466 1.5289595127105713 1.5289596319198608
52 2.3390767574310303 1.4751842021942139 1.4751842021942139
53 2.20424485206604 1.3763781785964966 1.3763781785964966
54 2.1754705905914307 1.2982847690582275 1.2982850074768066
55 2.269150495529175 1.4325412511825562 1.4325411319732666
56 2.29396653175354 1.4620980024337769 1.4620980024337769
57 2.2932546138763428 1.458876132965088 1.458876132965088
58 2.1921303272247314 1.2810345888137817 1.2810345888137817
59 2.1705424785614014 1.2428072690963745 1.2428072690963745
60 2.2627832889556885 1.3862667083740234 1.386267066001892
61 2.197378635406494 1.2919098138809204 1.2919098138809204
62 2.164658784866333 1.2134952545166016 1.2134952545166016
63 2.305419445037842 1.3905962705612183 1.3905962705612183
64 2.4419314861297607 1.475826621055603 1.475826621055603
65 2.379560708999634 1.4016780853271484 1.4016780853271484
66 2.2930314540863037 1.4198782444000244 1.4198782444000244
67 2.4531118869781494 1.5245367288589478 1.5245367288589478
68 2.4344005584716797 1.470539927482605 1.470539927482605
69 2.3936424255371094 1.4682860374450684 1.4682860374450684
70 2.4783475399017334 1.5540083646774292 1.5540083646774292
71 2.412862777709961 1.4073532819747925 1.4073532819747925
72 2.4015848636627197 1.4483606815338135 1.4483606815338135
73 2.3866686820983887 1.4780855178833008 1.4780855178833008
74 2.491206407546997 1.6168770790100098 1.6168770790100098
75 2.6118571758270264 1.8680776357650757 1.8680776357650757
76 2.732003927230835 2.015101432800293 2.015101671218872
77 2.669192314147949 1.8888801336288452 1.8888801336288452
78 2.720900058746338 1.9476258754730225 1.9476258754730225
79 2.6032040119171143 1.745484471321106 1.7454842329025269
80 2.841360330581665 2.043576717376709 2.043576717376709
81 2.688448429107666 1.796405553817749 1.7964059114456177
82 2.8941214084625244 2.084686756134033 2.084686756134033
83 2.7516043186187744 1.9048805236816406 1.9048800468444824
84 2.902312994003296 2.1502881050109863 2.1502883434295654
85 2.8861536979675293 2.1201331615448 2.1201331615448
86 2.9754459857940674 2.1998562812805176 2.1998562812805176
87 2.765998125076294 1.9228214025497437 1.9228214025497437
88 2.855844259262085 2.0709657669067383 2.0709657669067383
89 2.883901357650757 2.0200130939483643 2.020012855529785
90 2.7178828716278076 1.8433589935302734 1.8433588743209839
91 2.6521849632263184 1.6485528945922852 1.6485528945922852
92 2.7799909114837646 1.9329979419708252 1.9329979419708252
93 2.785832166671753 1.9325294494628906 1.9325294494628906
94 2.778359889984131 1.8550934791564941 1.8550934791564941
95 2.683529853820801 1.7716081142425537 1.7716081142425537
96 2.8094098567962646 1.9160356521606445 1.9160358905792236
97 2.819873332977295 1.9428236484527588 1.9428234100341797
98 2.8231444358825684 1.996764898300171 1.9967652559280396
99 2.844785213470459 2.0080525875091553 2.0080525875091553
100 2.7880759239196777 1.986281394958496 1.986281394958496
101 2.6311047077178955 1.7229015827178955 1.7229015827178955
102 2.876539945602417 2.0718488693237305 2.0718488693237305
103 2.8309056758880615 2.0202250480651855 2.0202250480651855
104 2.842406749725342 2.0190346240997314 2.0190346240997314
105 3.039682149887085 2.334789991378784 2.334789991378784
106 2.8710885047912598 2.0772640705108643 2.0772640705108643
107 2.8876941204071045 2.112441301345825 2.112441301345825
108 2.7811312675476074 1.9145309925079346 1.9145309925079346
109 2.79339861869812 1.987699031829834 1.987699031829834
110 2.7073848247528076 1.8785403966903687 1.8785405158996582
111 2.8930857181549072 2.062549591064453 2.062549591064453
112 2.821007490158081 2.020020008087158 2.020020008087158
113 2.9167044162750244 2.1861183643341064 2.1861183643341064
114 2.860062837600708 2.090963125228882 2.090963363647461
115 2.9720351696014404 2.1640288829803467 2.1640288829803467
116 3.0852630138397217 2.2343826293945313 2.234382390975952
117 2.947870969772339 2.0576958656311035 2.0576958656311035
118 2.8805437088012695 2.0759079456329346 2.0759079456329346
119 3.148899793624878 2.353637218475342 2.353637218475342
120 2.866833209991455 1.9340708255767822 1.9340710639953613
121 2.982527732849121 2.116943359375 2.116943359375
122 2.98559832572937 2.0905189514160156 2.0905189514160156
123 2.7948265075683594 1.8108909130096436 1.8108912706375122
124 2.708723783493042 1.7837862968444824 1.7837862968444824
125 2.5672593116760254 1.5197080373764038 1.5197080373764038
126 2.7032108306884766 1.7677719593048096 1.7677719593048096
127 2.8793814182281494 2.145815849304199 2.14581561088562
128 2.425072193145752 1.448851227760315 1.448851227760315
129 2.5330283641815186 1.606611967086792 1.606611967086792
130 2.6444993019104004 1.7314869165420532 1.7314867973327637
131 2.720028877258301 1.868935227394104 1.8689348697662354
132 3.1630728244781494 2.416292667388916 2.416292667388916
133 3.103825330734253 2.350774049758911 2.350774049758911
134 2.9284465312957764 2.137813091278076 2.137813091278076
135 3.1251251697540283 2.3982338905334473 2.3982343673706055
136 3.1279945373535156 2.322404623031616 2.322404146194458
137 3.248027801513672 2.5434603691101074 2.5434603691101074
138 3.263575792312622 2.501255512237549 2.501255989074707
139 3.1533989906311035 2.4197545051574707 2.4197545051574707
140 3.260043144226074 2.6220710277557373 2.6220710277557373
141 3.1121954917907715 2.369241714477539 2.36924147605896
142 3.132784605026245 2.352480411529541 2.352480411529541
143 3.110401153564453 2.355356454849243 2.355356454849243
144 3.1940038204193115 2.392216205596924 2.392216205596924
145 3.1689610481262207 2.3919155597686768 2.3919155597686768
146 3.0867326259613037 2.2399234771728516 2.2399237155914307
147 3.0404231548309326 2.202035427093506 2.202035427093506
148 2.753060817718506 1.7734752893447876 1.7734752893447876
149 2.9075591564178467 2.074197769165039 2.074197769165039
150 2.845874309539795 1.9879897832870483 1.9879897832870483
151 2.8985979557037354 2.0365543365478516 2.0365545749664307
152 2.9787471294403076 2.169767379760742 2.1697676181793213
153 2.8746213912963867 2.017500638961792 2.017500638961792
154 2.924032211303711 2.018798351287842 2.018798589706421
155 2.9881324768066406 2.125699996948242 2.125699996948242
156 2.8709194660186768 1.8470834493637085 1.8470834493637085
157 2.8405168056488037 1.9287254810333252 1.9287253618240356
158 2.9319961071014404 1.9465878009796143 1.9465878009796143
159 2.9119043350219727 1.9708991050720215 1.9708991050720215
160 2.9000978469848633 1.9760549068450928 1.9760549068450928
161 3.272534132003784 2.5127267837524414 2.5127267837524414
162 2.825559616088867 1.8697383403778076 1.8697383403778076
163 2.68507981300354 1.5743695497512817 1.5743694305419922
164 3.0980870723724365 2.276190757751465 2.276190996170044
165 2.8247177600860596 1.8540527820587158 1.8540527820587158
166 2.9686925411224365 2.106545925140381 2.106545925140381
167 2.759938955307007 1.8088929653167725 1.8088932037353516
168 2.66501784324646 1.605561375617981 1.60556161403656
169 2.868422269821167 1.912039041519165 1.912039041519165
170 2.7909622192382813 1.8146283626556396 1.81462824344635
171 2.691075563430786 1.7026286125183105 1.7026286125183105
172 2.8925845623016357 2.008927822113037 2.008928060531616
173 2.612467050552368 1.5668022632598877 1.5668022632598877
174 2.5682694911956787 1.4324285984039307 1.4324288368225098
175 2.5356991291046143 1.507683277130127 1.507683277130127
176 2.5999033451080322 1.5049717426300049 1.5049717426300049
177 2.6842093467712402 1.570727825164795 1.570727825164795
178 2.728632688522339 1.6991384029388428 1.6991384029388428
179 2.6746602058410645 1.5272505283355713 1.5272505283355713
180 2.697732925415039 1.6389343738555908 1.6389344930648804
181 2.571596622467041 1.5080231428146362 1.5080231428146362
182 2.7681081295013428 1.8630698919296265 1.8630703687667847
183 2.9369802474975586 2.0356109142303467 2.0356106758117676
184 2.6315219402313232 1.5602142810821533 1.5602142810821533
185 2.7478187084198 1.6367255449295044 1.6367255449295044
186 2.6212806701660156 1.6165140867233276 1.6165140867233276
187 2.4876275062561035 1.4571090936660767 1.4571090936660767
188 2.538954734802246 1.583027958869934 1.583027958869934
189 2.822681188583374 1.9623852968215942 1.9623852968215942
190 2.670564889907837 1.7474747896194458 1.7474747896194458
191 2.845574140548706 2.1597506999969482 2.159750461578369
192 2.954958200454712 2.056766986846924 2.056766986846924
193 2.770155191421509 1.7987202405929565 1.7987200021743774
194 2.5215351581573486 1.3897422552108765 1.3897422552108765
195 2.5479538440704346 1.4900726079940796 1.4900727272033691
196 2.690985918045044 1.6484979391098022 1.6484979391098022
197 2.6891798973083496 1.655484914779663 1.6554850339889526
198 2.630337953567505 1.6004562377929688 1.6004562377929688
199 2.54986834526062 1.4103796482086182 1.4103796482086182
200 2.5299232006073 1.3445351123809814 1.3445351123809814
201 2.6330726146698 1.631870150566101 1.631870150566101
202 2.691570520401001 1.7025818824768066 1.7025818824768066
203 2.5186028480529785 1.4409306049346924 1.4409302473068237
204 2.606328010559082 1.5393515825271606 1.5393515825271606
205 2.3991057872772217 1.2514965534210205 1.25149667263031
206 2.79780650138855 1.8759289979934692 1.8759289979934692
207 2.5505707263946533 1.4899203777313232 1.4899203777313232
208 2.607525110244751 1.5877212285995483 1.5877209901809692
209 2.7092275619506836 1.7229206562042236 1.7229206562042236
210 2.849437952041626 1.8188093900680542 1.8188093900680542
211 2.7946622371673584 1.7786484956741333 1.7786483764648438
212 2.7351458072662354 1.662373423576355 1.6623733043670654
213 2.6262831687927246 1.52504301071167 1.52504301071167
214 2.7229347229003906 1.7550407648086548 1.7550410032272339
215 3.013800621032715 2.2066707611083984 2.2066712379455566
216 2.5318057537078857 1.3298331499099731 1.3298331499099731
217 2.7226386070251465 1.623129963874817 1.623130202293396
218 2.6066956520080566 1.409023404121399 1.4090235233306885
219 2.634788751602173 1.469215750694275 1.4692158699035645
220 2.5428719520568848 1.4440730810165405 1.44407320022583
221 2.7602901458740234 1.8687788248062134 1.8687788248062134
222 2.8645217418670654 2.115447759628296 2.115447759628296
223 2.4781312942504883 1.3550297021865845 1.3550297021865845
224 2.622694969177246 1.7357174158096313 1.7357174158096313
225 2.7165732383728027 1.9007692337036133 1.9007692337036133
226 2.487361431121826 1.4679886102676392 1.4679889678955078
227 2.7487804889678955 1.910011649131775 1.910011649131775
228 2.8678174018859863 2.002729892730713 2.002729892730713
229 3.3321597576141357 2.691556453704834 2.691556453704834
230 3.2500038146972656 2.572704553604126 2.572704553604126
231 3.0751595497131348 2.3406732082366943 2.3406732082366943
232 2.6646904945373535 1.8305176496505737 1.8305174112319946
233 2.543567657470703 1.7163726091384888 1.7163726091384888
234 2.9948878288269043 2.255573272705078 2.255573272705078
235 2.5910966396331787 1.639938235282898 1.639938235282898
236 2.5512421131134033 1.5472500324249268 1.5472501516342163
237 2.5818679332733154 1.561099886894226 1.561099886894226
238 2.569328784942627 1.55964994430542 1.5596498250961304
239 2.848273277282715 1.8813800811767578 1.8813800811767578
240 2.9621667861938477 2.089021921157837 2.089021921157837
241 2.972414255142212 2.1062936782836914 2.1062936782836914
242 2.8841044902801514 1.9877949953079224 1.9877949953079224
243 2.978710889816284 2.0675692558288574 2.0675692558288574
244 3.0815532207489014 2.2728707790374756 2.2728707790374756
245 3.2916066646575928 2.5436573028564453 2.5436573028564453
246 2.8121824264526367 1.9454313516616821 1.9454313516616821
247 2.778130054473877 1.8267486095428467 1.8267484903335571
248 2.8648111820220947 2.098416566848755 2.098416566848755
249 3.237537384033203 2.6287994384765625 2.6287992000579834
250 3.171603202819824 2.5282301902770996 2.5282304286956787
251 2.8978536128997803 2.1278979778289795 2.1278977394104004
252 3.075460433959961 2.3833260536193848 2.3833260536193848
253 2.9213080406188965 2.113150119781494 2.113150119781494
254 2.776549816131592 1.8628696203231812 1.8628695011138916
255 2.7274060249328613 1.809150218963623 1.809150218963623
256 2.7720930576324463 1.8881735801696777 1.8881735801696777
257 2.87282657623291 1.9618340730667114 1.9618343114852905
258 2.851365089416504 1.9943486452102661 1.9943486452102661
259 2.879880428314209 2.1116721630096436 2.1116721630096436
260 2.877237558364868 2.059180736541748 2.059180736541748
261 2.7971389293670654 1.829828143119812 1.829828143119812
262 3.2438061237335205 2.4450902938842773 2.4450902938842773
263 3.16477370262146 2.336618423461914 2.336618423461914
264 2.935208320617676 2.050626039505005 2.050626039505005
265 2.974133253097534 2.1312742233276367 2.1312742233276367
266 2.754243850708008 1.8771742582321167 1.877173900604248
267 2.8183553218841553 1.9293140172958374 1.9293140172958374
268 2.8876733779907227 1.9434375762939453 1.9434375762939453
269 2.817384958267212 1.9070055484771729 1.9070055484771729
270 2.963765859603882 2.0912158489227295 2.0912158489227295
271 2.7360143661499023 1.726565957069397 1.7265660762786865
272 2.7576491832733154 1.7266987562179565 1.7266987562179565
273 2.780473470687866 1.7815641164779663 1.7815641164779663
274 2.791391372680664 1.7467749118804932 1.7467749118804932
275 2.7023818492889404 1.6386185884475708 1.6386185884475708
276 2.8102452754974365 1.8253389596939087 1.8253391981124878
277 2.7837953567504883 1.8362147808074951 1.8362147808074951
278 2.8032422065734863 1.7808579206466675 1.7808579206466675
279 2.846656084060669 1.8820117712020874 1.8820117712020874
280 2.80688738822937 1.7677043676376343 1.7677043676376343
281 2.8592312335968018 1.8622725009918213 1.8622725009918213
282 2.7744672298431396 1.7510530948638916 1.7510530948638916
283 2.6817924976348877 1.6734129190444946 1.6734129190444946
284 2.71144437789917 1.7409489154815674 1.740949034690857
285 2.7098748683929443 1.6385658979415894 1.6385658979415894
286 2.6805856227874756 1.6516673564910889 1.6516673564910889
287 2.747070550918579 1.7313933372497559 1.7313933372497559
288 2.8389954566955566 1.8352423906326294 1.8352423906326294
289 2.77748441696167 1.72123122215271 1.7212313413619995
290 2.9767837524414063 2.095684051513672 2.0956838130950928
291 2.997483253479004 2.1306018829345703 2.1306018829345703
292 2.7667031288146973 1.767315149307251 1.7673149108886719
293 2.760115146636963 1.685591459274292 1.685591459274292
294 2.904578685760498 1.9129732847213745 1.9129732847213745
295 2.6665613651275635 1.623169183731079 1.623169183731079
296 2.6889989376068115 1.6697957515716553 1.6697957515716553
297 2.871288299560547 1.9165185689926147 1.9165186882019043
298 2.821723699569702 1.8230775594711304 1.8230774402618408
299 2.7704641819000244 1.7369999885559082 1.7369999885559082
300 2.9793343544006348 2.0452122688293457 2.0452122688293457
301 3.038477897644043 2.113565444946289 2.113565444946289
302 3.0651051998138428 2.2014756202697754 2.2014758586883545
303 3.0274617671966553 2.217574119567871 2.217574119567871
304 3.136673927307129 2.351716995239258 2.351716995239258
305 2.821279525756836 1.9238379001617432 1.923837661743164
306 2.9981820583343506 2.0815443992614746 2.0815443992614746
307 2.8708202838897705 1.9437767267227173 1.9437767267227173
308 2.8430962562561035 1.8947360515594482 1.8947360515594482
309 3.104297161102295 2.273266553878784 2.273266553878784
310 3.192824125289917 2.3783180713653564 2.3783180713653564
311 3.0808253288269043 2.2673094272613525 2.2673089504241943
312 2.89068341255188 2.0143754482269287 2.0143749713897705
313 2.8955252170562744 1.9299559593200684 1.929956316947937
314 2.816739082336426 1.868797779083252 1.868797779083252
315 2.9657504558563232 2.009320020675659 2.009320020675659
316 3.0751445293426514 2.1608433723449707 2.1608431339263916
317 3.2832961082458496 2.369645357131958 2.369645357131958
318 3.081651449203491 2.1875674724578857 2.1875674724578857
319 3.2305333614349365 2.2503163814544678 2.2503163814544678
320 2.862971067428589 1.7579923868179321 1.7579923868179321
321 2.7738070487976074 1.6991909742355347 1.6991910934448242
322 2.7344307899475098 1.5437405109405518 1.5437403917312622
323 2.8132517337799072 1.6753606796264648 1.6753606796264648
324 2.828707218170166 1.7781145572662354 1.7781143188476563
325 2.8342466354370117 1.7927758693695068 1.7927758693695068
326 3.05975341796875 2.1281566619873047 2.1281566619873047
327 3.1013002395629883 2.2475831508636475 2.2475831508636475
328 2.9212334156036377 2.017672538757324 2.017672538757324
329 2.755380630493164 1.7487540245056152 1.7487540245056152
330 3.008694648742676 2.123171091079712 2.123171091079712
331 2.938251256942749 2.087021827697754 2.087022066116333
332 3.298863172531128 2.603490114212036 2.603490114212036
333 2.863384246826172 1.9559129476547241 1.9559130668640137
334 2.784156322479248 1.7575627565383911 1.757562518119812
335 2.816624402999878 1.8410956859588623 1.8410958051681519
336 2.888880491256714 2.0899758338928223 2.0899758338928223
337 2.945615291595459 2.1119635105133057 2.1119637489318848
338 2.9633209705352783 2.0786736011505127 2.0786736011505127
339 3.2009735107421875 2.3395988941192627 2.3395988941192627
340 3.1256601810455322 2.3162107467651367 2.3162105083465576
341 3.14544415473938 2.3297793865203857 2.3297793865203857
342 2.8481693267822266 1.9933046102523804 1.9933046102523804
343 2.823129177093506 1.903875708580017 1.903875708580017
344 3.306931972503662 2.6092164516448975 2.6092164516448975
345 3.0841434001922607 2.2438533306121826 2.2438533306121826
346 3.2250821590423584 2.409604072570801 2.409604072570801
347 2.966925859451294 2.1371243000030518 2.1371243000030518
348 2.8145833015441895 1.833070158958435 1.833070158958435
349 3.0319626331329346 2.1201586723327637 2.1201586723327637
350 3.049973487854004 2.160968542098999 2.160968542098999
351 3.1173689365386963 2.337463617324829 2.337463617324829
352 2.9420576095581055 2.120850086212158 2.120850086212158
353 2.886894941329956 2.0506489276885986 2.0506489276885986
354 2.875804901123047 2.0116140842437744 2.0116140842437744
355 2.832946538925171 1.8983542919158936 1.8983542919158936
356 2.9310100078582764 2.0896999835968018 2.0896999835968018
357 2.798807382583618 1.8281539678573608 1.8281539678573608
358 2.843141794204712 1.940548062324524 1.940548062324524
359 2.85752010345459 1.8632023334503174 1.8632022142410278
360 3.0897879600524902 2.1466193199157715 2.1466193199157715
361 3.0471081733703613 2.0937490463256836 2.0937488079071045
362 3.1142101287841797 2.13002872467041 2.130028486251831
363 3.1052210330963135 2.141934871673584 2.141934871673584
364 3.2107083797454834 2.314121723175049 2.314121723175049
365 3.523752212524414 2.838620185852051 2.838620185852051
366 3.3988428115844727 2.6599178314208984 2.6599178314208984
367 3.3528621196746826 2.584380626678467 2.584380626678467
368 3.3270952701568604 2.5741355419158936 2.5741355419158936
369 3.1712357997894287 2.4294865131378174 2.4294865131378174
370 3.241513729095459 2.5300517082214355 2.5300517082214355
371 3.1620168685913086 2.3204426765441895 2.3204426765441895
372 3.4987573623657227 2.846555471420288 2.846555471420288
373 3.2807703018188477 2.5589170455932617 2.5589170455932617
374 3.1380176544189453 2.3819282054901123 2.3819282054901123
375 3.153963804244995 2.4014720916748047 2.401472330093384
376 3.038989305496216 2.149681568145752 2.149681568145752
377 2.9377048015594482 2.0016307830810547 2.0016307830810547
378 2.8994736671447754 2.0924525260925293 2.0924525260925293
379 2.9588499069213867 2.072465181350708 2.072465181350708
380 3.1050422191619873 2.270268678665161 2.270268440246582
381 3.304429769515991 2.616468906402588 2.616468906402588
382 3.1391403675079346 2.346057891845703 2.346057891845703
383 2.9563302993774414 2.069119930267334 2.069119691848755
384 2.794792413711548 1.9304558038711548 1.9304558038711548
385 2.836840867996216 1.9283883571624756 1.928388237953186
386 2.9149763584136963 2.0311999320983887 2.0311999320983887
387 2.853193998336792 1.9129337072372437 1.9129337072372437
388 3.033489227294922 2.0881359577178955 2.0881361961364746
389 2.9086484909057617 1.9354419708251953 1.9354419708251953
390 3.05308198928833 2.124124765396118 2.124124765396118
391 2.798478364944458 1.8207833766937256 1.820783257484436
392 2.8429744243621826 1.8538951873779297 1.8538949489593506
393 2.9056665897369385 1.9615261554718018 1.9615261554718018
394 2.7671124935150146 1.7444589138031006 1.7444589138031006
395 2.788461685180664 1.803596019744873 1.8035962581634521
396 2.9510180950164795 2.039917469024658 2.039917469024658
397 2.742082357406616 1.7453298568725586 1.7453298568725586
398 2.7120797634124756 1.7553834915161133 1.7553834915161133
399 2.7879292964935303 1.9290388822555542 1.9290388822555542
400 2.7804410457611084 1.9191206693649292 1.9191207885742188
401 2.7518014907836914 1.8257534503936768 1.8257534503936768
402 2.624311685562134 1.7140791416168213 1.7140792608261108
403 2.9864695072174072 2.1627860069274902 2.1627860069274902
404 2.8516805171966553 2.071291208267212 2.071290969848633
405 2.7544150352478027 1.8917109966278076 1.8917109966278076
406 2.9381601810455322 2.071601390838623 2.071601390838623
407 2.9047694206237793 2.073153495788574 2.073153495788574
408 2.9326224327087402 2.0287559032440186 2.0287559032440186
409 3.0057332515716553 2.1089906692504883 2.1089906692504883
410 2.9038150310516357 2.012820243835449 2.012820243835449
411 3.414682388305664 2.7716033458709717 2.7716028690338135
412 3.141721248626709 2.3523969650268555 2.3523969650268555
413 2.742260456085205 1.9488604068756104 1.9488605260849
414 3.1210389137268066 2.288301706314087 2.288301467895508
415 3.257483720779419 2.42688250541687 2.42688250541687
416 3.1589701175689697 2.3452415466308594 2.3452415466308594
417 3.1962945461273193 2.319918394088745 2.319918394088745
418 3.082927942276001 2.2498013973236084 2.2498013973236084
419 3.094167709350586 2.307210683822632 2.307210683822632
420 2.92366623878479 2.1100778579711914 2.1100776195526123
421 2.895176410675049 2.066610813140869 2.066610813140869
422 2.9958982467651367 2.18546986579895 2.18546986579895
423 2.866328001022339 1.9987120628356934 1.9987115859985352
424 2.946596145629883 2.0407755374908447 2.0407755374908447
425 3.079716444015503 2.203636407852173 2.203636407852173
426 3.2026915550231934 2.3665058612823486 2.3665058612823486
427 3.083407402038574 2.3054909706115723 2.3054909706115723
428 3.0535171031951904 2.153412342071533 2.1534125804901123
429 3.2974765300750732 2.5008862018585205 2.5008862018585205
430 2.9144906997680664 2.089463472366333 2.089463472366333
431 2.906409502029419 1.984045147895813 1.984045147895813
432 2.9542012214660645 2.0912301540374756 2.0912301540374756
433 2.8849852085113525 2.040637493133545 2.040637731552124
434 2.9154598712921143 2.012652635574341 2.012652635574341
435 2.7949955463409424 1.8838399648666382 1.8838399648666382
436 2.813086748123169 1.9203886985778809 1.9203885793685913
437 2.871079444885254 1.863521933555603 1.863521933555603
438 3.0280251502990723 2.136338710784912 2.136338949203491
439 3.145695209503174 2.295353889465332 2.295353651046753
440 2.9798083305358887 2.057870864868164 2.057870864868164
441 3.082202196121216 2.2322983741760254 2.2322983741760254
442 3.172166109085083 2.3372983932495117 2.3372983932495117
443 3.171358823776245 2.372328996658325 2.3723292350769043
444 2.8838088512420654 1.9533154964447021 1.9533154964447021
445 3.1732470989227295 2.2790369987487793 2.2790369987487793
446 3.0758752822875977 2.2123947143554688 2.2123944759368896
447 3.4077131748199463 2.670498847961426 2.670499324798584
448 3.4609344005584717 2.7437195777893066 2.7437195777893066
449 3.3550262451171875 2.559668779373169 2.559669017791748
450 3.3131539821624756 2.6077723503112793 2.6077723503112793
451 3.5297043323516846 2.925452947616577 2.925452709197998
452 3.151207447052002 2.4416377544403076 2.4416377544403076
453 3.571204423904419 2.9221489429473877 2.9221489429473877
454 3.4676225185394287 2.80145001411438 2.80145001411438
455 3.3638598918914795 2.695119619369507 2.695119619369507
456 3.1670186519622803 2.4156429767608643 2.4156429767608643
457 3.4300529956817627 2.7721123695373535 2.7721126079559326
458 3.1860880851745605 2.495323419570923 2.495323419570923
459 3.18707537651062 2.4655027389526367 2.465502977371216
460 3.2902376651763916 2.5868961811065674 2.5868961811065674
461 3.4824883937835693 2.791867256164551 2.79186749458313
462 3.1614649295806885 2.384298801422119 2.3842992782592773
463 3.3584067821502686 2.6881959438323975 2.6881957054138184
464 3.7185475826263428 3.069742202758789 3.06974196434021
465 3.3853282928466797 2.6375668048858643 2.6375668048858643
466 3.580296277999878 2.8974974155426025 2.8974974155426025
467 3.3487160205841064 2.5848515033721924 2.5848515033721924
468 3.4916584491729736 2.7688043117523193 2.7688043117523193
469 3.1876299381256104 2.385931968688965 2.3859317302703857
470 3.2420008182525635 2.4928386211395264 2.4928383827209473
471 3.2631568908691406 2.475598096847534 2.475597858428955
472 3.4991135597229004 2.8271350860595703 2.8271350860595703
473 3.5648787021636963 2.9355485439300537 2.9355485439300537
474 3.7399284839630127 3.169994354248047 3.169994354248047
475 3.5851004123687744 2.950873374938965 2.950873374938965
476 3.6466197967529297 3.0789034366607666 3.0789034366607666
477 3.485344886779785 2.8616178035736084 2.8616178035736084
478 3.6086671352386475 2.998220920562744 2.998220920562744
479 3.355846643447876 2.640519380569458 2.640519380569458
480 3.4164724349975586 2.7447662353515625 2.7447662353515625
481 3.318633794784546 2.6628594398498535 2.6628594398498535
482 3.5326547622680664 2.898484706878662 2.898484945297241
483 3.470865488052368 2.7228827476501465 2.7228829860687256
484 3.323697805404663 2.5898537635803223 2.5898537635803223
485 3.4687752723693848 2.819472074508667 2.819471836090088
486 3.2965099811553955 2.5673351287841797 2.5673351287841797
487 3.1302897930145264 2.3380095958709717 2.3380095958709717
488 3.3672664165496826 2.662766933441162 2.6627674102783203
489 3.4019196033477783 2.7157363891601563 2.7157363891601563
490 3.3363606929779053 2.5856375694274902 2.585637331008911
491 3.566990375518799 2.9236111640930176 2.9236111640930176
492 3.3791208267211914 2.705294370651245 2.705294370651245
493 3.311694383621216 2.6191258430480957 2.6191256046295166
494 3.181000232696533 2.4593124389648438 2.4593124389648438
495 3.244570732116699 2.5423977375030518 2.5423977375030518
496 3.224747657775879 2.5018556118011475 2.5018556118011475
497 3.16469407081604 2.408473014831543 2.408473491668701
498 3.1752588748931885 2.445060968399048 2.445060968399048
499 3.3053410053253174 2.591766595840454 2.591766595840454
500 3.2617833614349365 2.542600154876709 2.542600154876709
501 3.2191262245178223 2.4672279357910156 2.4672279357910156
502 3.32411527633667 2.6370036602020264 2.6370034217834473
503 3.3134469985961914 2.5874998569488525 2.5875003337860107
504 3.2667322158813477 2.490443706512451 2.490443706512451
505 3.236849784851074 2.4959025382995605 2.4959025382995605
506 3.2392165660858154 2.5486857891082764 2.5486857891082764
507 3.3183176517486572 2.561595916748047 2.561595916748047
508 3.0743935108184814 2.297600030899048 2.297600030899048
509 3.1914827823638916 2.493720531463623 2.493720054626465
510 3.367868661880493 2.671356678009033 2.6713571548461914
511 3.0768203735351563 2.3346340656280518 2.3346335887908936
512 3.142880916595459 2.397761821746826 2.397761821746826
513 3.4346063137054443 2.760636329650879 2.760636329650879
514 3.474515676498413 2.7779762744903564 2.7779762744903564
515 3.4710166454315186 2.768702507019043 2.768702507019043
516 3.3448150157928467 2.6753604412078857 2.6753604412078857
517 3.3307507038116455 2.6542129516601563 2.6542129516601563
518 3.1063246726989746 2.372925281524658 2.372925043106079
519 3.1686482429504395 2.359840154647827 2.359840154647827
520 3.4040164947509766 2.7035880088806152 2.7035880088806152
521 3.4203062057495117 2.7212908267974854 2.7212908267974854
522 3.3260138034820557 2.6777119636535645 2.6777119636535645
523 3.33650803565979 2.660881757736206 2.660881757736206
524 3.1224420070648193 2.3882339000701904 2.3882339000701904
525 3.4238553047180176 2.753979206085205 2.753978967666626
526 3.2461674213409424 2.5710389614105225 2.5710389614105225
527 3.2408676147460938 2.562143087387085 2.562143087387085
528 3.495739221572876 2.8719351291656494 2.8719351291656494
529 3.277086019515991 2.600594997406006 2.600594997406006
530 3.3718645572662354 2.6773250102996826 2.6773250102996826
531 3.4892497062683105 2.847442150115967 2.847442150115967
532 3.422908306121826 2.79705548286438 2.79705548286438
533 3.539752721786499 2.9248626232147217 2.924862861633301
534 3.476585865020752 2.7870261669158936 2.7870261669158936
535 3.4307515621185303 2.791443347930908 2.791443347930908
536 3.500913143157959 2.8466076850891113 2.846607208251953
537 3.409891128540039 2.7177369594573975 2.7177369594573975
538 3.5430126190185547 2.919485092163086 2.919485092163086
539 3.1851015090942383 2.3829174041748047 2.3829171657562256
