5 	 1.746598720550537
6 	 1.1214700937271118
7 	 1.0115034580230713
8 	 1.5009433031082153
9 	 1.4818651676177979
10 	 1.413360595703125
11 	 0.8873960375785828
12 	 0.7767235040664673
13 	 0.6574738621711731
14 	 0.6235824823379517
15 	 0.5447965860366821
16 	 0.5785741209983826
17 	 0.6378390192985535
18 	 0.7387440204620361
19 	 0.8364325761795044
20 	 0.9651969075202942
21 	 0.9056853652000427
22 	 0.8828352093696594
23 	 0.9013020992279053
24 	 0.8848371505737305
25 	 0.8425703048706055
26 	 0.7328615188598633
27 	 0.6736122369766235
28 	 0.7076603174209595
29 	 0.6609983444213867
30 	 0.5756086707115173
31 	 0.6922434568405151
32 	 0.8355198502540588
33 	 0.853036642074585
34 	 0.6142719388008118
35 	 0.653025209903717
36 	 0.800003170967102
37 	 0.7475793957710266
38 	 0.6780235171318054
39 	 0.838797926902771
40 	 0.9767264127731323
41 	 0.9217956066131592
42 	 0.9860836863517761
43 	 0.749717116355896
44 	 0.7490255832672119
45 	 0.7424088716506958
46 	 0.7656725645065308
47 	 0.725039541721344
48 	 0.7823778390884399
49 	 0.8230608701705933
50 	 0.9971715807914734
51 	 1.4511535167694092
52 	 1.4707212448120117
53 	 1.603004813194275
54 	 1.5385130643844604
55 	 1.141813039779663
56 	 1.020206093788147
57 	 0.9060999751091003
58 	 1.1330567598342896
59 	 1.146500587463379
60 	 0.9801425933837891
61 	 1.2343573570251465
62 	 1.5492537021636963
63 	 1.3441375494003296
64 	 1.2702739238739014
65 	 1.2311097383499146
66 	 1.1919760704040527
67 	 1.1858974695205688
68 	 0.9169747233390808
69 	 0.85406494140625
70 	 0.6779987812042236
71 	 0.5658160448074341
72 	 0.4718703031539917
73 	 0.5042409300804138
74 	 0.574156641960144
75 	 0.7014744281768799
76 	 1.1932905912399292
77 	 0.9683693051338196
78 	 0.8312309980392456
79 	 0.6671794652938843
80 	 0.5575773119926453
81 	 0.5982491374015808
82 	 0.6522393822669983
83 	 0.6033863425254822
84 	 0.6849600672721863
85 	 0.9248194694519043
86 	 0.927653968334198
87 	 0.7917117476463318
88 	 1.0166046619415283
89 	 1.2644861936569214
90 	 1.1917554140090942
91 	 1.374718427658081
92 	 1.2200229167938232
93 	 1.0499076843261719
94 	 1.1661632061004639
95 	 1.1846799850463867
96 	 1.0081990957260132
97 	 1.051052451133728
98 	 1.1194393634796143
99 	 0.807374894618988
100 	 0.6492522358894348
101 	 0.5146019458770752
102 	 0.46323975920677185
103 	 0.5331485867500305
104 	 0.47075462341308594
105 	 0.5897562503814697
106 	 0.7564485669136047
107 	 0.7856810092926025
108 	 0.8609126806259155
109 	 0.9380708932876587
110 	 0.5578071475028992
111 	 0.5792070031166077
112 	 0.6014493703842163
113 	 0.6398224830627441
114 	 0.6836903095245361
115 	 0.7236612439155579
116 	 0.8463655114173889
117 	 0.9282468557357788
118 	 1.0210288763046265
119 	 1.095178246498108
120 	 1.2484365701675415
121 	 1.4013481140136719
122 	 1.3412386178970337
123 	 1.4075278043746948
124 	 1.281096339225769
125 	 1.1228408813476563
126 	 1.3898730278015137
127 	 1.2324942350387573
128 	 1.1430197954177856
129 	 0.9828619360923767
130 	 0.7174164056777954
131 	 0.6072791218757629
132 	 0.6738686561584473
133 	 0.6674161553382874
134 	 0.5788297653198242
135 	 0.559338390827179
136 	 0.6699227690696716
137 	 0.6986953616142273
138 	 0.638030469417572
139 	 0.66390460729599
140 	 0.779711127281189
141 	 0.7774189710617065
142 	 0.8058732151985168
143 	 0.7309216856956482
144 	 0.7595354318618774
145 	 0.7507057189941406
146 	 0.6800207495689392
147 	 0.7129300832748413
148 	 0.735077977180481
149 	 0.70317542552948
150 	 0.7786407470703125
151 	 0.7833852767944336
152 	 0.8270387649536133
153 	 0.8265038132667542
154 	 0.9127386808395386
155 	 1.3036137819290161
156 	 1.3304417133331299
157 	 1.2116172313690186
158 	 1.126815915107727
159 	 0.9300510287284851
160 	 0.7792915105819702
161 	 0.6727516651153564
162 	 0.6632131338119507
163 	 0.6205092668533325
164 	 0.5957525372505188
165 	 0.5386697053909302
166 	 0.5079910755157471
167 	 0.46878647804260254
168 	 0.5070501565933228
169 	 0.5375257134437561
170 	 0.6146597266197205
171 	 0.6308664679527283
172 	 0.5926942229270935
173 	 0.5934039950370789
174 	 0.6595963835716248
175 	 0.6209993958473206
176 	 0.7272763848304749
177 	 0.7042158842086792
178 	 0.9079335331916809
179 	 1.1203720569610596
180 	 0.8169471025466919
181 	 0.9010372161865234
182 	 0.8470180034637451
183 	 0.8424357771873474
184 	 0.7724564075469971
185 	 0.8384086489677429
186 	 0.8307637572288513
187 	 0.7277838587760925
188 	 0.6407784819602966
189 	 0.7099744081497192
190 	 0.7901046276092529
191 	 0.751639187335968
192 	 0.6709707975387573
193 	 0.906215488910675
194 	 0.8656052947044373
195 	 0.7210344076156616
196 	 0.7931124567985535
197 	 0.9916830658912659
198 	 0.9258677959442139
199 	 0.7520922422409058
200 	 0.9414117336273193
201 	 0.8033657670021057
202 	 0.6533740162849426
203 	 0.6917788982391357
204 	 0.6338468790054321
205 	 0.6015437245368958
206 	 0.5331273078918457
207 	 0.5859478116035461
208 	 0.6147056818008423
209 	 0.746082603931427
210 	 0.8996321558952332
211 	 0.9854063987731934
212 	 1.368694543838501
213 	 1.859599232673645
214 	 2.3006420135498047
215 	 3.501978874206543
216 	 4.782187461853027
217 	 4.468886375427246
218 	 5.030213356018066
219 	 5.795455455780029
220 	 6.145431995391846
221 	 6.1049299240112305
222 	 6.090341091156006
223 	 6.116992473602295
224 	 5.934845924377441
225 	 4.920793056488037
226 	 3.8467211723327637
227 	 3.3249945640563965
228 	 2.9673235416412354
229 	 2.8649110794067383
230 	 2.704019784927368
231 	 2.2613794803619385
232 	 3.2651376724243164
233 	 2.599369764328003
234 	 1.1239013671875
235 	 1.0512762069702148
236 	 1.108340859413147
237 	 0.9886642694473267
238 	 1.205899715423584
239 	 1.074495553970337
240 	 1.0379828214645386
241 	 0.922215461730957
242 	 1.0990393161773682
243 	 1.3039242029190063
244 	 1.1080352067947388
245 	 0.8404443860054016
246 	 0.8444328308105469
247 	 0.7672711610794067
248 	 0.768674373626709
249 	 0.9343127012252808
250 	 0.8866655230522156
251 	 0.7466757297515869
252 	 0.6981546878814697
253 	 0.5776404738426208
254 	 0.5314784646034241
255 	 0.48619043827056885
256 	 0.47414153814315796
257 	 0.49893948435783386
258 	 0.5716159343719482
259 	 0.7161802649497986
260 	 0.7186828255653381
261 	 0.7451889514923096
262 	 1.0625114440917969
263 	 0.6931334137916565
264 	 0.7472795844078064
265 	 0.8483625650405884
266 	 0.9584461450576782
267 	 0.9935318827629089
268 	 0.7757236361503601
269 	 0.7955545783042908
270 	 1.285220742225647
271 	 1.4246827363967896
272 	 1.7369136810302734
273 	 1.6624222993850708
274 	 2.273128032684326
275 	 1.9267687797546387
276 	 1.8419699668884277
277 	 2.1984853744506836
278 	 1.3842744827270508
279 	 1.2320855855941772
280 	 0.9933040142059326
281 	 0.743963360786438
282 	 0.721024751663208
283 	 0.5970074534416199
284 	 0.5750397443771362
285 	 0.5442264676094055
286 	 0.5811209082603455
287 	 0.7255361676216125
288 	 0.8319720029830933
289 	 1.2150508165359497
290 	 1.2008565664291382
291 	 1.404778242111206
292 	 1.3866380453109741
293 	 1.2920101881027222
294 	 1.0088354349136353
295 	 0.9139803647994995
296 	 1.1414401531219482
297 	 0.946210503578186
298 	 0.8717045783996582
299 	 1.1300288438796997
300 	 1.3567339181900024
301 	 1.256081223487854
302 	 1.1722462177276611
303 	 1.0353913307189941
304 	 1.2149819135665894
305 	 1.2468479871749878
306 	 1.2622138261795044
307 	 1.3283472061157227
308 	 1.2910733222961426
309 	 1.139628529548645
310 	 1.2849994897842407
311 	 1.4413440227508545
312 	 1.2619649171829224
313 	 1.195063829421997
314 	 0.8824175000190735
315 	 0.7242493629455566
316 	 0.6816403865814209
317 	 0.6912052631378174
318 	 0.7399175763130188
319 	 0.7605056762695313
320 	 0.7058731317520142
321 	 0.7562156915664673
322 	 0.6646990776062012
323 	 0.5878605842590332
324 	 0.5294173359870911
325 	 0.4876842200756073
326 	 0.5646018981933594
327 	 0.6769316792488098
328 	 0.8569251894950867
329 	 1.1418113708496094
330 	 1.2535409927368164
331 	 0.9155199527740479
332 	 0.7547792792320251
333 	 0.6853410005569458
334 	 0.5917505025863647
335 	 0.6264986395835876
336 	 0.6569350361824036
337 	 0.6484947800636292
338 	 1.1297502517700195
339 	 0.7019518613815308
340 	 0.6558399200439453
341 	 0.8001114726066589
342 	 0.8235031962394714
343 	 0.8237943053245544
344 	 0.8610855937004089
345 	 0.6794306039810181
346 	 0.6293898224830627
347 	 0.6195663213729858
348 	 0.7079042792320251
349 	 0.7012121081352234
350 	 0.7259692549705505
351 	 0.8618146181106567
352 	 1.085293173789978
353 	 1.6832389831542969
354 	 1.2134613990783691
355 	 0.8676111698150635
356 	 0.7320898771286011
357 	 0.5553169846534729
358 	 0.5750397443771362
359 	 0.7527117133140564
360 	 1.309156894683838
