0 2.5376433275346413
1 2.5766858311757934
2 2.600907123510517
3 2.4374991788457328
4 2.4802067426555614
5 2.5393814855095362
6 4.001988995220002
7 4.164928675069753
8 4.4418967062805
9 4.8389325102417455
10 4.860570764280353
11 4.899600618975115
12 7.467992833727177
13 6.856543007415522
14 6.6342061303151265
15 7.767623734823711
16 7.802721194930675
17 7.914770388316796
18 7.850846683274594
19 7.173032418123948
20 6.396831320553964
21 7.594301948282477
22 7.748207435485563
23 7.539210074128977
24 8.585698151312867
25 8.429008841367512
26 5.763008493692197
27 4.790097193227456
28 13.136853661954468
29 11.747588786625917
30 12.892684961492721
31 10.933828487363881
32 6.557198054222093
33 10.839407261876799
34 11.46027882908449
35 16.998778816783215
36 9.856688852387434
37 6.749031033119808
38 6.49947669318042
39 7.191149262872125
40 13.844278861958545
41 8.150969162515686
42 16.060871944065173
43 13.73087371308984
44 12.295583300010739
45 13.201577956627304
46 12.036817337671739
47 16.375593361007407
48 15.197195961503123
49 18.865547776782556
50 15.673102714931252
51 8.368909326326838
52 5.848439964007255
53 5.818695574404716
54 5.2920045320077
55 9.165131024690686
56 5.889964029815732
57 6.793704392463806
58 6.93008026707355
59 13.822617201985917
60 9.217408271533873
61 11.636826279897914
62 14.009551472931104
63 13.882113042642155
64 16.787528594850425
65 16.841257711214997
66 13.485718051376828
67 14.102489208003892
68 13.550091881071934
69 14.141364996562725
70 14.47683584704902
71 13.08253900163412
72 12.710384690773308
73 13.161861012455445
74 15.43489909175368
75 12.647181293282923
76 15.59080155739069
77 15.893955222502695
78 15.33748678520122
79 14.81060733141036
80 14.29038796122263
81 15.660128597676293
82 13.117729595614836
83 11.20247275627547
84 14.502417018973834
85 14.857435809750717
86 15.810710693415285
87 14.501337110173786
88 13.606443096923186
89 15.507275406927985
90 16.602828484250097
91 11.917156860718668
92 16.764793502280416
93 16.687064155488137
94 16.145632545543602
95 16.30295908903371
96 13.92114761611598
97 17.783457732305397
98 14.04774116969268
99 13.66667617500321
100 14.909900050577917
101 12.497428205014721
102 17.427696588052928
103 16.289920428111486
104 16.38413028188175
105 16.73941066111695
106 14.846387880564466
107 15.016792010027537
108 17.823090280457357
109 16.760715018635757
110 15.394520590320582
111 15.878073970395224
112 11.121220028923672
113 15.524378869603995
114 15.189447080798995
115 16.69212311052775
116 18.440457298928564
117 18.93587263798711
118 15.633625714359145
119 19.229618032518754
120 17.12729794359245
121 19.503731667590227
122 21.001795258774013
123 19.665065202900543
124 18.601256952954465
125 16.399930550750984
126 19.917573156806892
127 14.686694791484642
128 13.967795357742087
129 16.525302334796727
130 26.028811680928502
131 21.38638626674861
132 24.53256625729971
133 13.468363124850558
134 14.09862741931967
135 14.581326856651495
136 15.894033234244512
137 18.835942194879273
138 18.371005499398056
139 16.572085731034615
140 20.23839230019979
141 18.092872554103533
142 20.8629797461734
143 19.117025048267234
144 16.46894396863429
145 20.601129206292253
146 19.117559519485482
147 18.717850713921173
148 19.26345639691976
149 19.23437351908782
150 18.245227343221657
151 19.378012410357886
152 19.607875025278634
153 17.63482743144361
154 20.03078072000994
155 19.09669266085049
156 19.04827038922568
157 21.695435281783702
158 19.995498580274017
159 20.694193380983037
160 17.36355591844311
161 20.679946553746603
162 16.424686304025364
163 16.358267534160927
164 20.33880992498225
165 18.725217049725394
166 14.9044551698372
167 14.84210112995732
168 14.982129500915857
169 16.920423365946217
170 15.388388247766258
171 13.757169371668555
172 17.754092851875914
173 15.374860191079836
174 15.231142433894274
175 14.92509545997327
176 14.5541212310628
177 15.539636607633463
178 14.756062549397805
179 17.704130944841776
180 17.288045142747517
181 15.41246716291218
182 17.60484431403913
183 17.49038928956679
184 17.86558268204924
185 20.7007186725719
186 16.438156688817113
187 16.311629989269274
188 18.347404263299186
189 22.038341140349107
190 20.938403754681634
191 16.72533789691755
192 16.550562041652917
193 18.187823196097636
194 17.561669390254462
195 13.121777510213654
196 17.598581212785767
197 15.415321134659223
198 19.38301834739414
199 16.956919869861363
200 15.288596347311632
201 11.855101897267964
202 20.410358487475534
203 16.307359963665867
204 15.791767693087884
205 16.227626530957558
206 16.569878705910543
207 12.449981226719064
208 13.589449088874158
209 16.82204705544197
210 20.011693000579555
211 20.454839991453856
212 18.16788989592633
213 19.27256273360825
214 21.897399630272215
215 18.641069948443363
216 15.40558434933254
217 16.869608718890145
218 19.057968869772118
219 18.514109773088265
220 16.100480508987896
221 19.3570268254895
222 16.955255973803656
223 19.55000511056235
224 19.489933149594822
225 20.827889018734265
226 16.75448971709255
227 15.764332101466865
228 17.409256031449285
229 22.308115178940753
230 17.669567072828286
231 19.29259052159968
232 21.440144868117734
233 14.5192447148666
234 18.488479219677437
235 13.416304729212559
236 13.503291900994553
237 13.873783240817717
238 14.533828619533644
239 19.158937414085184
240 14.343652866036045
241 12.952938032766584
242 14.910487669804779
243 13.448411318896708
244 16.930971503795558
245 23.904704294006837
246 17.21181107262925
247 20.482955489212387
248 13.363024039819027
249 16.82955774921617
250 14.162250976546176
251 18.17841432924759
252 15.42704827991691
253 15.37365616126796
254 18.34723629377738
255 16.335183150280127
256 19.15610657169294
257 14.577113752323832
258 17.176932289000977
259 11.824595255122418
260 14.054562106878324
261 14.78997413556735
262 18.3748346276338
263 18.00895036879661
264 19.58084042420863
265 18.926054661403132
266 13.445142918970278
267 18.469059013581745
268 19.042478078237494
269 15.367955188539522
270 17.3282505938364
271 13.830935158450187
272 17.91725823600401
273 15.872639515610862
274 21.90953074504233
275 20.22070343179007
276 21.843301497601107
277 15.431605686117056
278 20.622102033503428
279 20.918980165125987
280 22.170274475686575
281 19.600290558567348
282 17.062982287803656
283 15.95930904357932
284 17.167629624535373
285 16.935907500142047
286 15.145168838102398
287 16.001710521183636
288 15.446378727916185
289 14.176953154395347
290 15.4095105171933
291 17.363589176042158
292 16.64447545473367
293 16.85391787662019
294 20.793885548663336
295 15.726039986256323
296 17.62467566105671
297 15.256885991666504
298 14.62121479255511
299 11.29825918241818
300 13.395261640993565
301 16.019782235603543
302 14.641032181922759
303 18.02936919925232
304 15.303813290760502
305 16.018637191413504
306 14.035788683052637
307 13.804759076667867
308 13.798451041479874
309 17.64632688339578
310 11.348921050642087
311 13.62428573506233
312 9.89699031195585
313 11.980816744263278
314 12.653189880660527
315 13.487067270939974
316 15.751884328389295
317 18.786673013321124
318 12.00633999553905
319 15.062818953330057
320 13.81720009947415
321 14.022715394313279
322 14.527503468457757
323 15.403441415764867
324 13.002766355116178
325 20.45140770581713
326 21.238283944619592
327 22.22021906188016
328 20.76518640868258
329 19.654630431515674
330 18.69068921651566
331 13.570422946745662
332 16.142265447086928
333 12.457878999437941
334 18.503330428503297
335 17.42628396513488
336 13.186037844049402
337 13.587695611133354
338 12.685434395590706
339 18.09413316790675
340 16.569229197065496
341 16.945355554004117
342 15.789350962506472
343 16.744066104684364
344 16.473756057172096
345 15.623125180674348
346 19.76632779616916
347 22.614627847403863
348 17.511338533403524
349 17.929146509583106
350 18.2330314682009
351 18.843801718141385
352 17.265698410614544
353 15.741741665126394
354 16.6941435788605
355 18.362433641980196
356 14.58038937448206
357 14.999792861756005
358 11.942051684571439
359 13.841922250362535
360 22.886751840504587
361 23.124524112215795
362 22.299175556151596
363 23.67034112857586
364 25.809635737290307
365 23.575121743126882
366 24.523603418722825
367 26.756151488305207
368 25.19836030467821
369 24.738929247439977
370 17.947285608009654
371 20.929270346097525
372 21.33468330860041
373 16.8125575487336
374 19.78958311381905
375 20.294948001853534
376 23.51174358482105
377 21.97176055852314
378 16.88879824135532
379 10.918593296860896
380 7.04107442346707
381 19.24451920046984
382 16.74704255946279
383 16.25952083752245
384 13.487331974990951
385 14.121868120428582
386 14.759637739391213
387 10.974629807672274
388 16.97935195467678
389 12.010450214056597
390 14.62149889086727
391 14.818796744100993
392 11.935312915977178
393 9.64062164496286
394 13.130142183860126
395 14.485344862636085
396 12.042870315478979
397 16.20371753837418
398 14.367954768906399
399 12.430615687179856
400 10.642360098143095
401 14.693944371294803
402 10.428469971883143
403 18.271177848142976
404 9.412970715498473
405 5.752049159490377
406 6.688201965033458
407 7.00142787168939
408 5.964550339813266
409 7.549243412622377
410 7.421356834748623
411 14.968732344695763
412 13.82639005340612
413 12.486645236494148
414 12.671293484445565
415 14.833452757877648
416 12.891611160292262
417 9.239497143036887
418 13.998720625846328
419 11.466570684380406
420 9.126884585101145
421 7.671978787945882
422 10.755163672721238
423 8.316788976927374
424 11.087623264552521
425 14.826523776287097
426 13.506798025886843
427 10.916869598679197
428 14.144622339968294
429 16.379119926407764
430 15.71631193813202
431 12.595541150880504
432 9.443253328169973
433 13.660113455055582
434 6.293488924009518
435 6.425065442133857
436 2.88097670701715
437 2.6310775468974246
438 14.128995281416955
439 8.289832603048835
440 16.3399022757585
441 10.596810084061088
442 10.977209478847293
443 11.714073074048637
444 13.163773768279638
445 19.010700332767502
446 17.364046934785666
447 19.58382052518543
448 21.983263151919466
449 16.095736837706475
450 19.389310877070884
451 19.818916881436458
452 18.744293049637545
453 20.628209916275363
454 21.645152692675552
455 20.81061686177919
456 15.179208621147952
457 17.720948269301374
458 18.649561506492947
459 22.134141320214752
460 19.513075998467365
461 18.251877713431956
462 18.62597415787606
463 21.196319015484733
464 21.549442181141142
465 21.59274960006715
466 15.6942201580042
467 19.619261724538738
468 19.637797251986242
469 15.18990771060712
470 18.270168017152855
471 18.060803088265047
472 19.151529237757405
473 21.207998488947762
474 19.423262644059037
475 20.382215656795477
476 19.23107132363502
477 14.814986451479086
478 19.48303963534888
479 21.05655516830864
480 21.266271982843932
481 19.465843165562617
482 19.661059051759096
483 20.574147259082725
484 17.755471125954177
485 19.585678455228873
486 17.438111536184174
487 11.506840893259445
488 19.068517601628535
489 17.514618174231277
490 15.742154236118553
491 18.821606394171972
492 16.103158247506688
493 18.722800148257182
494 16.60660356039564
495 16.715533365759793
496 15.517746161130832
497 14.588737289715963
498 17.030648235909858
499 15.325684037572394
500 16.45191342018608
501 17.859499332478308
502 16.74545146623679
503 15.742508495460616
504 15.238173010699114
505 16.671605357442065
506 16.899086534656405
507 17.727018510956164
508 15.791628838342689
509 14.20446711764825
510 16.986067706328996
511 11.98458834963196
512 13.130196936810036
513 16.552204182694904
514 17.45485427516772
515 20.384353456295873
516 16.34999039835312
517 17.590734008726734
518 16.191366713911144
519 14.27360945906691
520 19.199499179554113
521 16.694898999894928
522 18.667548003131866
523 19.090854639966764
524 19.162652594955087
525 16.850923602522357
526 15.714114227547023
527 17.717324374380034
528 19.745157188320487
529 15.934749232310216
530 17.27888049533552
531 17.99968600428142
532 18.50614608862241
533 18.32209703438024
534 17.964379024029565
535 19.927096254831834
536 18.71259320163983
537 19.2639963652079
538 18.792352138735925
539 16.51217326729235
