0 3.887233520935021
1 3.7686311546301527
2 3.8170883993015283
3 3.8763720857502166
4 4.075125585264666
5 4.327493522165557
6 4.431169828300456
7 4.734706309960841
8 5.268394802554324
9 4.86458485572476
10 5.610351307697271
11 5.452198884601019
12 3.737183801354338
13 3.1147484565070296
14 2.7577351865163098
15 3.0290444760271917
16 2.9204578012722644
17 3.0064875465245433
18 2.8967663097417797
19 3.1764824461538517
20 2.8971605994898475
21 2.735609355550112
22 2.7621481046373826
23 2.5917118951739684
24 3.0695303626398234
25 2.9997150992194808
26 2.8933717762294755
27 5.3924255013288445
28 2.970538389798894
29 2.8772529303049375
30 2.7706635824918955
31 2.9881366720577027
32 2.6457534544753467
33 3.0358256591852104
34 2.878747725712909
35 2.827645211925664
36 3.020573358923202
37 2.927008341901711
38 2.8751850935816408
39 2.6537119461930736
40 3.032461980378662
41 2.9940536810609646
42 2.9144060322749206
43 3.440775644712934
44 2.753569911338967
45 2.854084454894658
46 2.768044961051318
47 2.9018528110647526
48 3.009967545259978
49 2.68312581889512
50 2.831840920225063
51 2.9419714385408158
52 2.769701191996176
53 3.152089311798265
54 2.9344123241378237
55 3.2707236405676183
56 2.9044052304356085
57 3.3646696173516015
58 2.87185618429857
59 3.7654544940507546
60 2.990472792926437
61 3.0127216703731103
62 3.020533493073351
63 2.8797042986210752
64 3.133328622535879
65 3.1676446933360873
66 2.9330747568172284
67 3.169614945799422
68 2.8693255407321536
69 2.8249747355214794
70 2.700063509162487
71 2.7390001861494664
72 2.830072107897129
73 2.86015529950492
74 2.9556611176952994
75 2.7280302580636473
76 2.6792378730833573
77 2.6871392290530793
78 2.843194451958608
79 2.7972008490892795
80 2.7434240785410884
81 2.745913170652677
82 2.8121260031778568
83 2.9055244379154774
84 2.7559966658895387
85 2.8574122371866717
86 2.8068067429788766
87 2.5915290852244555
88 2.8772294251136574
89 2.685829169847664
90 2.798387798089788
91 4.736394439852798
92 4.1056179254897325
93 4.173645384460522
94 3.995535956111269
95 5.373848815724006
96 3.079003541756606
97 4.126120101887331
98 4.442794129971691
99 5.252844892745426
100 4.1115642995441934
101 2.7656409869910688
102 4.19774989143985
103 5.681505772939018
104 4.094406476960182
105 5.24766821035572
106 4.009596244082631
107 5.555495209144207
108 4.54966980853935
109 3.684974638727931
110 5.351592982306693
111 3.890432564543046
112 4.243917428858611
113 4.346266604129461
114 5.110263218117489
115 5.510887476725892
116 4.50660785161854
117 3.422179101898732
118 5.269589757827438
119 5.610464993370921
120 5.203334859566527
121 5.2910534725007965
122 9.041811934550267
123 7.5180253105898895
124 8.257696445159647
125 7.381279090024435
126 9.12964839618556
127 5.32131639751101
128 7.809244933833729
129 8.647276795412452
130 12.51803879544231
131 8.034411071952775
132 10.307844089930068
133 8.178921203078719
134 4.77751671447069
135 6.154717352201832
136 4.191046751130414
137 3.818416107510521
138 5.977754041030831
139 8.074623234930707
140 5.222059157973417
141 7.737756368511442
142 7.671338560878896
143 7.391833334104772
144 6.463247824123721
145 7.283583121806643
146 7.421351811159615
147 7.316584935065449
148 8.860397457288762
149 8.496462998528754
150 9.655303757170959
151 7.8865295718137025
152 9.109391073592926
153 6.766736930090529
154 9.403543437739797
155 7.084635351200938
156 9.365394789604268
157 8.774055055906624
158 8.015506830412646
159 7.3819399055740105
160 7.96457514396032
161 8.020980074352158
162 8.011609000026942
163 8.063165736756185
164 7.672898949091563
165 7.977850583415673
166 9.400057567691958
167 7.479006929732218
168 6.204979124828766
169 6.37540749889378
170 5.441363885788683
171 6.159185140085151
172 5.310874993497108
173 8.76904963754652
174 9.494399654146141
175 9.753625007695737
176 9.811770370383647
177 10.647056047867046
178 9.63315590060966
179 10.020120811743995
180 9.881017539030905
181 9.868415615190651
182 9.998354656542164
183 9.938321382826592
184 9.880565744467308
185 10.463621316325186
186 11.087084756224565
187 8.819411121036241
188 9.473726998331953
189 9.483390398668643
190 9.269521451466074
191 7.942315300574648
192 8.97461982899293
193 8.646627262260381
194 9.4225425801111
195 9.343773832355485
196 9.43257242483708
197 10.628055993679421
198 8.772053861144348
199 10.63150549053307
200 9.692491709342532
201 9.924538882350936
202 11.571834495743182
203 7.531297075319409
204 5.2791133699841275
205 9.466890024989272
206 6.216750083728331
207 4.544535378785393
208 5.479583565829499
209 8.310830909079494
210 11.167722271459834
211 10.202878456918638
212 9.887770781076743
213 9.600278432526745
214 10.805165242687359
215 10.57611676140028
216 9.95621338046335
217 8.699422702254115
218 9.965549503926486
219 8.71569950581862
220 7.909356546215573
221 11.245489892962196
222 9.446554828343324
223 10.936828670264394
224 10.013730952658364
225 8.531347475599794
226 8.594169410307098
227 8.143280319043452
228 8.594687209390548
229 9.881752545203192
230 8.132073777174892
231 10.967494252701497
232 8.32941369664051
233 7.028721771522508
234 7.0699839347174676
235 5.147721744673403
236 5.198647965919289
237 5.266112302430833
238 5.596654820087747
239 5.1436665442299025
240 5.146879904102729
241 4.878187515230662
242 4.730112653071888
243 5.265854763520969
244 9.952790513923006
245 9.705679392023505
246 11.73601887178845
247 12.021754629937801
248 8.769912235396044
249 7.4572442131780905
250 7.26346739597495
251 9.552956422522993
252 9.548672348112426
253 8.32990081148313
254 6.656495273950712
255 8.86973841461268
256 8.570119905522677
257 6.0835394601976365
258 7.976317642160349
259 7.44596318784302
260 5.637253329104604
261 7.114195691191061
262 4.90394242522042
263 2.941271893851562
264 7.396514605835731
265 10.01967065076303
266 7.617935142207379
267 9.263269971475708
268 9.455960694444789
269 9.273212630819842
270 8.74410561869839
271 6.794202176806091
272 7.736913928098255
273 8.833420795351039
274 11.679821851831232
275 11.110569554736571
276 10.03214011501938
277 8.633191617417456
278 9.457123982896546
279 9.656875115451031
280 10.906022556721444
281 5.371949313547683
282 3.0125985638798864
283 2.951570776178913
284 5.581019210032654
285 2.8121680526009216
286 4.377413226010827
287 3.142725826743097
288 3.293033856657748
289 2.670793849879
290 6.829496228574857
291 4.1661186051763
292 5.95857583531102
293 2.869468075694002
294 3.7953330546298054
295 3.7016468382696135
296 4.499230426790242
297 4.954000022415776
298 3.5061586300106766
299 5.371738592079471
300 2.762715232787296
301 5.116924955693753
302 2.8111961823421927
303 3.02376333864189
304 2.8902882613204146
305 2.9836654374538947
306 3.283970854456555
307 2.968800151947881
308 3.1308241979922946
309 3.945730256204982
310 3.8195460544174873
311 3.053308586158998
312 3.372037774887789
313 2.729480587884507
314 2.7407950453264034
315 2.9590813909304283
316 2.7447073650861404
317 3.030191887699643
318 3.073176893937643
319 4.464278819410163
320 5.320369577164118
321 4.472277591936992
322 4.1751049759523875
323 2.757750265940971
324 4.794285974129918
325 9.6388708440893
326 7.751278988893849
327 4.666377906810276
328 4.424916557339494
329 5.58206886083274
330 6.983050714463552
331 2.874305616138235
332 4.163249735084553
333 4.318183796313219
334 6.100894574272443
335 3.29789774099561
336 2.810676445747131
337 2.6996316431221064
338 2.9324119242821665
339 2.775081646979393
340 2.927713050508875
341 3.0654202295358735
342 3.1655060368462404
343 3.267827086692037
344 2.8959464074468775
345 2.779996480555726
346 2.8912803504756157
347 5.0336147970730005
348 2.827184002925333
349 5.041500125622028
350 2.7889543038367464
351 2.6443514829574375
352 3.202899464469241
353 3.0643204599371945
354 2.9474089323018022
355 4.6505110552402735
356 2.7518663118080964
357 5.384680343898538
358 2.684857999136977
359 4.839187282694112
360 7.159329922165213
361 8.544581200406146
362 8.320414086225068
363 8.666528727626263
364 7.548879426668556
365 7.013986503611891
366 7.437682522664441
367 7.197118851747559
368 8.489200497442999
369 8.083216657246561
370 5.016785691088048
371 5.126296548952146
372 5.348064096239221
373 3.5104120936580308
374 5.983815510070706
375 5.147123613943207
376 11.659985090811457
377 10.018582822812245
378 3.1036589347649515
379 6.4823868671417335
380 4.219008515784601
381 4.484316914562026
382 4.828056576753068
383 4.0590209978572735
384 4.220571715132285
385 3.508668105516568
386 3.5951150636638336
387 4.289833835911028
388 4.445010297789619
389 3.784135344938173
390 3.85929236805208
391 4.684430825682968
392 4.348467384817701
393 4.060245434357064
394 4.417921949823132
395 5.222155814580042
396 4.22814873949849
397 5.5015724229823855
398 3.5613553426273565
399 4.205687746505447
400 4.1140941516647365
401 3.797459742790615
402 3.948806634085338
403 6.414792533406417
404 3.5807120421748118
405 3.957917431938199
406 5.6038387470928255
407 4.581535751208954
408 4.0895815920198215
409 3.7060571621736895
410 3.9207402230215145
411 4.975253245185726
412 4.2382431037914
413 5.595626849938932
414 3.8792709892694885
415 4.292850733762864
416 3.9160062499188
417 3.9822824133012844
418 4.6452230696256525
419 3.98684770084192
420 4.102394305418891
421 4.7235530752564525
422 3.972783755250581
423 4.591374774702493
424 3.980481501348946
425 5.906789262731729
426 3.7861959091502557
427 4.361797611319679
428 3.0929990576051996
429 4.9760014730862565
430 4.359580381589072
431 4.234237230741864
432 3.7060872257864954
433 4.2036347332095625
434 4.165554428955139
435 3.585270915731446
436 3.8471488224218042
437 4.784482300621484
438 4.284226026331574
439 5.791254189541335
440 3.6998431590539984
441 6.288971570319705
442 3.7312412073968524
443 4.112718956792242
444 3.431896200741493
445 4.19877386683853
446 4.300702985539073
447 3.360590765463425
448 4.471944799408217
449 3.7274808233823284
450 4.257061242290156
451 4.518643551705
452 4.430633148661078
453 3.735778188136
454 4.085882522997127
455 3.973194857016632
456 3.9017311641252683
457 2.8964236083976425
458 4.204386219217783
459 5.586656588877593
460 4.037727383046397
461 3.789611452772804
462 3.788220607162934
463 4.102553746951
464 4.772802094740707
465 3.791360591970047
466 3.8036205997046135
467 3.7599931760035408
468 4.843269523306226
469 4.6174047014581605
470 4.580196176709006
471 3.153124449440074
472 4.47664809100235
473 3.6492486450339587
474 4.990280432138586
475 4.961666135689984
476 4.678032888352921
477 4.184371284987308
478 4.008702440170761
479 5.111992132630647
480 4.747206979673997
481 4.1128117529914014
482 4.257581217798199
483 4.26161655809749
484 4.439097371929738
485 5.147584609460041
486 4.027963848221098
487 4.592451876852089
488 4.80882448475134
489 4.463378853834297
490 4.14613759306041
491 4.3511759198469235
492 3.924273707735017
493 6.155251805726967
494 4.131815108130861
495 4.698860491922756
496 3.464167834131819
497 4.527279527690465
498 4.82515228984999
499 4.320873857048047
500 4.809352843367451
501 3.2965213803226723
502 3.6410788993074332
503 3.519475513704362
504 3.844279517378632
505 4.160988670795402
506 4.053676705544447
507 3.9870405967250986
508 4.076533703123244
509 2.770463816403961
510 3.03199481011405
511 5.107139111464838
512 4.831650028417833
513 4.708304249197686
514 4.749892876037226
515 4.581188669416168
516 4.113057175030087
517 3.3175904597782107
518 4.590447618871245
519 3.86757735779836
520 3.4606208457605288
521 3.547497022299805
522 3.2860442580544165
523 4.358548860951169
524 4.844434235013786
525 4.000488089514174
526 4.013502060543283
527 4.308086923121836
528 5.032667126783832
529 4.29323968534974
530 4.348660794734798
531 4.450630772234493
532 4.873215328295778
533 3.6762541590169886
534 3.0490078724118495
535 3.7917459362771457
536 4.040679611988675
537 3.5594554670250877
538 4.5035434742740295
539 4.855601597503468
