0 11.613990430574908
1 11.625873044328355
2 11.604392246017305
3 11.881519665043331
4 12.10395751686577
5 11.907560512665015
6 11.466237657879404
7 11.464255829410137
8 10.588681487458627
9 11.198133484350516
10 10.941042755391775
11 11.462231253797164
12 10.911306237246222
13 12.618845174752671
14 12.251446819934657
15 8.035954188858934
16 10.964852882552165
17 8.19873525788672
18 9.607788737578678
19 10.201240564970206
20 11.723161666711544
21 10.992360664424115
22 10.564667026740334
23 10.490905278449606
24 11.05248979108001
25 9.013334538913547
26 11.079239389207643
27 11.217642965215166
28 10.670869445184312
29 11.128816319940254
30 11.093790521142411
31 11.981333277726629
32 10.93437290466099
33 11.551257872973716
34 10.178096714134197
35 10.897901817356802
36 9.18906390743836
37 10.937653619789742
38 10.918095423004344
39 11.563253726454501
40 10.67354840519905
41 12.184050111185835
42 12.299577760584746
43 13.92046131825829
44 11.565077760118907
45 10.91957264066341
46 11.895510969076804
47 11.761670174576437
48 11.414979431960742
49 10.499934833216628
50 9.650962853813915
51 11.601991279139336
52 10.614535208514992
53 9.770998801114356
54 10.529518859380415
55 10.940690118965044
56 11.93409585765884
57 8.27914176754674
58 11.900104261784954
59 11.485485987157642
60 9.895076557751803
61 11.03131928005766
62 10.434071456398057
63 9.777075382001062
64 11.208199519609646
65 11.040976253431884
66 10.804916568648183
67 11.713676225426024
68 9.17368385110599
69 8.85193019096801
70 9.25884782335491
71 11.479725891948727
72 9.43912062689967
73 11.51097315216618
74 11.593046576169076
75 12.592652252688456
76 10.204335680937284
77 13.226340843633022
78 11.456869471038631
79 10.87876703914077
80 9.346967443816633
81 10.180386183730679
82 12.804554091259726
83 13.168246582389981
84 11.411210726958279
85 13.785729075482017
86 11.759126451716684
87 9.590388260794265
88 8.825893021395112
89 9.210571330750914
90 6.059751431292117
91 10.323420938042398
92 10.001427604883704
93 7.630417818757911
94 7.316497653833271
95 6.767844714916817
96 9.363231728351112
97 10.887708682631848
98 8.272170485312014
99 9.822577030195763
100 10.351746939998327
101 13.86692029814624
102 11.110605222317265
103 10.1346893816595
104 7.597597859204631
105 9.497081200352598
106 10.007803923893313
107 11.253429267748619
108 12.497103579770844
109 11.852786720881523
110 9.177572878528498
111 10.667387641110924
112 11.938288661164727
113 12.469988099533701
114 11.687266263114054
115 10.176774967470601
116 9.855462728823484
117 9.692589149159645
118 4.650093746617657
119 4.871451398461076
120 4.838560291873882
121 4.804062140948197
122 6.357714510462609
123 8.339062904641466
124 6.08934016885031
125 8.45909486671914
126 5.450077741865061
127 10.45638064419227
128 3.8328684008674743
129 2.7716157051844306
130 2.6903511260059636
131 8.302486927811186
132 2.9403790714231994
133 2.803978683090023
134 5.030485538384698
135 7.929938031839463
136 6.779089311253041
137 10.963348640003199
138 7.554267228818453
139 4.5871872866627434
140 7.72752767661236
141 2.9423029861946217
142 4.469626491808611
143 5.3123202771548845
144 2.7284217072633976
145 7.112981718603856
146 3.0207813395106577
147 4.832068509807209
148 2.7979118529738627
149 2.7925051549593762
150 2.7726795635629085
151 4.8983145386672735
152 6.657603415790287
153 9.430850630802398
154 4.200397639969734
155 6.739196193609915
156 9.113039595648646
157 6.846159644278438
158 6.1630358783550285
159 6.941253260453916
160 5.123601071262359
161 2.772862762623644
162 4.812955202174897
163 5.036165462838232
164 6.280278474161135
165 2.654646811620939
166 5.205077258116138
167 6.202556207947112
168 9.048776218610818
169 7.746623081593878
170 8.23026331321048
171 9.874734924077336
172 9.099759910915527
173 4.422958194795977
174 3.1671873062086515
175 2.6609181382303664
176 6.842675885374109
177 2.640092205565126
178 2.6193426432285656
179 2.8353390065729145
180 2.7762342813424072
181 2.7910288973572475
182 2.8295978245930415
183 2.8362907173068126
184 2.9479929011688233
185 2.6960871201565353
186 2.744685035326177
187 5.024388235004306
188 6.178393670014176
189 2.6907883318878794
190 2.6278596399988894
191 2.908867478075295
192 2.7369022651839976
193 2.697702613404709
194 5.08300101517153
195 2.7869657473766396
196 2.720033665734817
197 2.7169740422522817
198 2.79991179983401
199 3.0911033346865624
200 2.76910321383947
201 2.7141231431049357
202 4.7121813243507
203 6.651457954448525
204 10.508113725731034
205 6.278459138354317
206 5.831232275266445
207 12.419239511653876
208 7.476915330261356
209 5.62425322803458
210 2.691956921805125
211 2.9260708396050408
212 2.915374125669077
213 2.7143585953443394
214 2.7618771659951737
215 2.6956149802640983
216 2.722417461445636
217 3.342865375541034
218 2.881209361894295
219 4.98086310757427
220 3.735829227116713
221 2.886732123048526
222 2.704534780896965
223 2.7695765992905668
224 3.0247739106092695
225 6.83780941347174
226 2.739030394559624
227 3.5993204287417857
228 7.079346741256711
229 2.754894496080507
230 4.788123270893675
231 2.753864734634051
232 5.866159021611107
233 8.017705050622576
234 8.202874534857669
235 7.768483820485424
236 8.24896354769881
237 6.0646969827722685
238 6.826756742892515
239 7.528851777479768
240 8.835797716606342
241 9.177407766109466
242 9.03224686699815
243 7.309837698051948
244 5.578616056280168
245 5.173753473008425
246 2.888839215072275
247 2.7917060542837264
248 4.515677079608203
249 6.4398010177858955
250 4.484108550519053
251 7.168876159344167
252 5.050504082501393
253 8.59836011664214
254 7.394337327086997
255 8.541834546238833
256 8.79315472110498
257 6.178085554078213
258 6.956743062469866
259 6.904122849575852
260 11.965619388797204
261 10.170274406337885
262 10.672189165261074
263 13.827269940636358
264 9.743407702377839
265 9.991029917782003
266 8.296286239673273
267 9.737225689208909
268 8.93761282622074
269 9.344501282385139
270 9.897940162023007
271 7.406091142033492
272 7.518906140027078
273 8.417883976202054
274 5.115791036862225
275 4.276714861984833
276 3.9593180915667876
277 7.7658617995965455
278 5.007662505085652
279 2.8037729329199093
280 6.913791384885432
281 8.070060037256164
282 11.393738293612033
283 10.488866202093826
284 10.194507363474838
285 7.757050549238268
286 9.618320053443
287 9.604843074276669
288 11.00510382261976
289 10.51814100644969
290 9.395744728366768
291 9.720174410459416
292 9.493009546628608
293 10.284752002585591
294 8.38253314886792
295 11.144383709569313
296 10.16716632521669
297 12.445861197336733
298 10.375224977096353
299 10.610227263309165
300 8.542305464164379
301 9.284253864271735
302 11.633550813480625
303 11.211547063993352
304 10.031919146054854
305 9.195426549069705
306 10.907064129100291
307 10.071794822834343
308 9.718755742160845
309 9.862784644803265
310 10.113791769624715
311 10.029121745482682
312 11.770544342948746
313 11.573469258525785
314 11.133946482332712
315 11.279735822821278
316 11.608463312701183
317 8.825347919694082
318 11.406669845733989
319 12.187044301077092
320 11.995378229797598
321 9.035746186486847
322 11.951437708050436
323 10.473653741377989
324 8.14503664567732
325 5.814407342043739
326 5.220923765696723
327 7.169174138847833
328 7.047959279053895
329 2.708395120827455
330 9.322454453911702
331 11.09770331923453
332 12.992347403745386
333 13.256623577068591
334 5.110140581670755
335 7.701979753013648
336 10.423788998464536
337 8.481447692852182
338 9.5814917109592
339 10.833122001522133
340 11.643105972981669
341 8.125171331391984
342 9.561544437439302
343 10.553670535522174
344 9.639709064276143
345 10.568903736012665
346 9.570743778768506
347 6.2711194195875954
348 9.031539724413891
349 7.995157118599579
350 8.906077185721847
351 11.331500071480841
352 8.4700391071103
353 12.733130536730169
354 9.114048959293822
355 10.626544833882962
356 10.371363286143895
357 7.000038509689175
358 8.169791766750683
359 9.028708040914317
360 8.310444968717634
361 4.405449291816491
362 3.7253366221978235
363 5.522983841685556
364 4.104468241580202
365 5.124792671152488
366 3.157774662462537
367 3.5792611939502255
368 2.8622898993431787
369 5.946918786096651
370 7.034483327729564
371 7.8048348182369205
372 6.036963252409776
373 10.886400438624447
374 6.379731646832321
375 7.815567665621072
376 2.787280781679657
377 2.81205542533397
378 10.52808709878582
379 8.793354226640476
380 11.048328514972413
381 14.058971199128987
382 11.18711696004281
383 12.959325259628542
384 11.88263237314246
385 12.38474744979999
386 13.383518439422199
387 13.94728378033499
388 14.748957129856434
389 11.416511742307902
390 12.957330009375575
391 12.028508887528682
392 12.567173063388713
393 11.897368759768206
394 12.015579378053745
395 10.733124310255365
396 11.275333159977496
397 11.36150830071598
398 11.990905289703285
399 10.3387417724241
400 9.849687779961336
401 10.159859824798916
402 12.005227976003942
403 8.05012926059317
404 12.445653119859124
405 12.403599072764989
406 10.510516126537086
407 11.364296911953712
408 13.649693099375488
409 12.427922159229626
410 10.406466074615539
411 12.86616207987591
412 11.951574829090536
413 8.523619121106773
414 12.377226793161407
415 11.979101688673019
416 10.318482070417021
417 12.954139106730626
418 13.135072920113608
419 13.430415521265257
420 12.66490635608186
421 12.542389069726376
422 11.436138930533142
423 12.088833794761163
424 13.283975634386744
425 11.776454377285622
426 12.442390849715467
427 12.512788698997989
428 12.298072258770558
429 11.862010873019502
430 13.285635766681123
431 12.537969475034448
432 11.834296902768262
433 11.851702887196474
434 13.149273046200705
435 14.838704776437043
436 12.006552378248399
437 10.667339267697542
438 11.17241821249499
439 9.125296404425459
440 9.884680958018087
441 10.74747627360583
442 11.748442439646638
443 10.34987736228299
444 12.007423972320161
445 11.65006122239363
446 10.7811205685478
447 12.031232095203894
448 11.87303937578634
449 11.276459157900316
450 12.281788463506906
451 13.343171627070364
452 12.213356299176333
453 12.544191867210905
454 11.051583699645187
455 11.986299743829361
456 9.762209962434037
457 9.51249319790961
458 13.070982572829227
459 10.530371893126556
460 11.403696296266904
461 11.834341612055757
462 11.83606027755466
463 10.547019049223183
464 9.708384863260745
465 11.988522969109287
466 10.969707562196577
467 13.305429989249282
468 11.573737756441544
469 11.85217041179346
470 10.439765263851063
471 13.827046674373793
472 11.795084732791386
473 11.692134505668927
474 11.79910132075816
475 12.266166310476272
476 11.362444897090194
477 12.164598296162255
478 10.952129749403175
479 11.998699216650087
480 11.625899095818037
481 13.054186839211107
482 10.115555618200421
483 12.430677173038434
484 13.659121992499838
485 8.709215147008088
486 14.059146264594801
487 14.399046285024992
488 13.20524813518295
489 11.175519088859367
490 10.245549654280994
491 13.0243705363748
492 10.653230149440182
493 7.952089227173592
494 12.999015864438098
495 11.5193931589893
496 12.310878031761899
497 12.68734720782455
498 9.679491405465333
499 13.22790004188702
500 11.532403053073836
501 12.156978863185717
502 12.487238766710957
503 11.713028208961974
504 12.12530174916521
505 12.525955446820717
506 12.355017044682253
507 13.090947073802555
508 14.554850012488073
509 15.315627612258105
510 9.565577740254502
511 13.65582723765937
512 9.796723095407378
513 12.231469810551962
514 8.726656993690689
515 8.980456200659965
516 9.362465551272809
517 10.622125462995614
518 11.875166460562488
519 8.79960273875008
520 12.486038262021989
521 10.216224217641484
522 10.30310505671231
523 10.105392854895593
524 10.146463320261974
525 10.52786904756921
526 10.507860610361922
527 12.271395447476934
528 8.506664716619598
529 10.8636912300548
530 9.966592816767443
531 9.684858986277453
532 9.613555066353964
533 10.507616735933484
534 11.811233996581866
535 11.233197603453576
536 9.131512950770318
537 9.567193054115867
538 11.202581852650907
539 8.83885480263531
