0 9.726361948970828
1 9.904733107909019
2 9.903370478909517
3 10.024449392015988
4 9.915703764781352
5 9.877364849317672
6 10.61391448986006
7 10.978538153529131
8 10.984289910314391
9 11.42619476838779
10 10.913313196144369
11 11.122824978999748
12 12.584507848705018
13 11.3906649733738
14 12.858089326686793
15 13.369690633034558
16 13.162118547439855
17 12.290973955761922
18 12.509963751653343
19 11.810609823893195
20 12.3918836206282
21 11.835653991782417
22 12.276817916440587
23 11.271892963313714
24 12.096200570450437
25 13.70554288074114
26 9.599759058515286
27 11.062385512042848
28 17.899474719081745
29 14.864455213732429
30 15.563175887613642
31 13.672065822257638
32 9.872437786898539
33 14.266481162056373
34 15.490899371215106
35 18.35150983858731
36 12.84032620498149
37 11.147073807368793
38 9.391972168257388
39 10.690429665664327
40 17.564595093479824
41 10.673475037264092
42 17.566210053295357
43 15.98193582203865
44 16.490153396205795
45 17.476922429544526
46 16.012037703556718
47 18.93305213640644
48 18.356501915309273
49 21.61331174030302
50 16.34602428500762
51 13.488080377585677
52 9.409880405400642
53 10.019527252808462
54 9.085683078887103
55 11.507639196429045
56 9.100266618617194
57 10.917391752595439
58 11.15909883888594
59 16.78712669593191
60 14.689125963115053
61 14.477865048379385
62 16.26629994611059
63 15.289643385818806
64 17.806195624003937
65 17.102328344016726
66 14.158257423899883
67 15.155826062806808
68 15.28955926520162
69 15.231637794353652
70 14.556574475368956
71 13.794831231745244
72 14.153741256892145
73 15.025817876446554
74 14.670099069131563
75 8.317849954154946
76 12.812629428121491
77 17.103128893905396
78 12.435870356931005
79 12.388677945464035
80 12.803407373502877
81 16.758222459530636
82 14.542374455510094
83 11.62562473288775
84 12.471492721515085
85 13.646499375986277
86 15.013834294059267
87 13.361070664304041
88 11.875998748365237
89 13.798299934804437
90 17.119953409936667
91 15.606644074815204
92 13.006935265647341
93 12.871972812175306
94 12.768677831054198
95 15.619774779431609
96 12.587676617878419
97 14.828269735849396
98 11.713388180317626
99 13.35678895896206
100 14.744761821709343
101 15.510559401856225
102 13.31885592369049
103 12.340894489446374
104 13.00741420764544
105 11.832920573742335
106 12.156693631882856
107 11.716674039115887
108 13.279804844459422
109 12.775636906896255
110 16.192602976730665
111 16.38108960271356
112 15.792412328014185
113 11.67976236498179
114 13.107463293837844
115 12.619450220376512
116 11.940654226095527
117 16.040716264185143
118 12.189109362389974
119 14.173583296562903
120 15.40163445127559
121 16.800677848765574
122 15.31268163469616
123 12.987472070858184
124 15.486933682653547
125 16.038934236926213
126 17.126645905520224
127 20.13484457751738
128 16.646733727605667
129 17.16516286923381
130 20.992121135216212
131 21.105286948547537
132 19.160498181644215
133 13.725503661362596
134 11.889254623901707
135 18.182444181603735
136 16.23622346630094
137 20.540053794813012
138 19.143439793579322
139 18.920054571361977
140 20.596283426999427
141 10.357524723681497
142 14.088373538337446
143 11.336104058660029
144 11.721314757978996
145 12.923169313364909
146 11.023834536211611
147 14.201746116474721
148 15.594225738964827
149 12.823802764751338
150 12.566023187525474
151 15.199484440976988
152 14.65577655947504
153 14.176162718063399
154 15.743866492242493
155 14.761431576660978
156 11.616738937968869
157 16.0221728674206
158 16.52069984006888
159 16.80495088221047
160 11.772935915066027
161 14.090576833177138
162 9.34038528622591
163 11.075794088804775
164 14.582788380982086
165 16.305466124216277
166 8.376126462943901
167 10.527408659948549
168 11.139622066293276
169 13.227770442124964
170 13.214972788634284
171 12.471445706630487
172 18.035973276441037
173 11.792163946796402
174 13.533677810038789
175 12.817373679018456
176 12.444863498206981
177 13.71359234251985
178 11.006706014359017
179 13.044551000022231
180 9.84681997885353
181 15.069501414807315
182 9.363222057081177
183 13.419233648289906
184 13.9401230289874
185 15.393581507334666
186 11.200755364378349
187 10.803861926229992
188 12.162964825580465
189 12.625473495209476
190 12.455458570618072
191 6.880360079248775
192 7.173716008694306
193 9.874213867729917
194 14.329565834433366
195 17.213757638219725
196 13.873252030869399
197 12.705918324089957
198 11.382738971933824
199 13.60293314394823
200 13.031245424765833
201 14.110846217019908
202 12.892313145224225
203 11.570384954384217
204 14.521348120618518
205 15.030953974124218
206 14.394964867893615
207 11.75148010194874
208 10.711028020951897
209 11.709296748225183
210 12.296155564971551
211 11.564386975278827
212 12.670281100257425
213 14.629619761221706
214 13.038402452212534
215 13.288585064945183
216 13.6269505119701
217 11.113914974757014
218 13.100670974630868
219 15.271577134967734
220 12.196750428411285
221 12.484256782856715
222 12.540771389734227
223 14.903272420868815
224 12.332696649942434
225 16.67672983449015
226 16.633785999288623
227 12.846924444435295
228 13.607908144667846
229 15.020357811413007
230 14.022075758377895
231 15.6676448267189
232 19.47867671951879
233 14.304098702886803
234 15.684372285238076
235 12.545202128071054
236 11.573724361853937
237 12.103237163872086
238 10.974157787557752
239 18.78909011362214
240 16.16146324981258
241 14.544886188294939
242 15.761407478579448
243 13.203865554861451
244 12.86096486514441
245 18.130560035056227
246 13.634261926709666
247 14.70430075861735
248 12.82830091675009
249 12.060957341797288
250 10.415565461748985
251 13.838063202625056
252 11.141228405833616
253 14.25393440686788
254 13.903811094216561
255 13.316732178036208
256 15.546765788885546
257 9.448709598725538
258 11.01474992024092
259 10.057886827401616
260 10.021457197190907
261 9.065549492483377
262 9.480123252314794
263 14.357267308342951
264 11.227374088981335
265 16.970559382515628
266 12.335365380098969
267 14.432946529927428
268 15.258305674104104
269 12.092865037459886
270 13.36425994618741
271 13.024523724142071
272 16.865936942713066
273 13.126247482949248
274 16.304222922903097
275 16.38750573742136
276 19.254578035261808
277 13.168600691138721
278 15.419067864880093
279 13.974843293061824
280 11.045294650014764
281 16.046312203773326
282 14.215348414698127
283 14.449870926954565
284 17.095867623625345
285 18.11046351652726
286 14.451750417795104
287 14.960834776871991
288 15.57776586096414
289 14.406492536183592
290 11.434169440090386
291 14.225286259202075
292 15.534828425658278
293 19.636501935921448
294 21.843119323211614
295 16.73477250177719
296 16.996177827356018
297 14.850981479670676
298 14.245924941645995
299 11.124456581236378
300 10.525812072290563
301 13.27374289223614
302 10.547418771493776
303 15.897087420377739
304 12.620993901102034
305 13.799411081644363
306 12.710342335426215
307 12.991095491266494
308 12.495391154017536
309 12.715886908870928
310 2.6859872224939125
311 8.177070084254499
312 2.5905344487737345
313 7.504677653276461
314 5.756427260678813
315 8.331426918849843
316 8.220722851819245
317 14.261422057580154
318 8.3153226216093
319 10.914336673667739
320 14.816485972276572
321 16.117065947030266
322 15.471832324698946
323 15.255222418891647
324 15.326712763598689
325 14.523649013641919
326 16.395326030835733
327 19.000238873886246
328 23.125874550029344
329 18.369700137343653
330 19.448573862060858
331 11.56485671364382
332 12.08972699774118
333 15.37180716129183
334 16.897062619490963
335 17.49050908466855
336 8.258834221847849
337 6.591108215917257
338 8.02649829047081
339 8.416203688738362
340 9.463446036722212
341 11.141338311872357
342 14.556189840046338
343 13.258950739491894
344 8.578907496946407
345 12.57520261085801
346 10.556321966055394
347 16.176043511064254
348 16.7621949939877
349 6.807067062070223
350 10.013030121924464
351 10.041746133302349
352 7.289738736512613
353 8.68356737337735
354 10.154731556399089
355 13.616803565050471
356 11.203727756362724
357 10.18753109025983
358 8.411782883010105
359 11.588581751349682
360 12.955268597668313
361 15.636065501062047
362 15.040569084789212
363 12.386664484293872
364 15.093185738514887
365 11.892216913394224
366 18.983807560622715
367 20.000783428156957
368 13.17286758642813
369 16.961953157750447
370 14.417314897130282
371 12.207612215442058
372 14.474627923138767
373 16.35872863799549
374 15.532606192390462
375 21.690806499516853
376 18.719076114611322
377 21.83227915039321
378 15.24608862978341
379 13.42863587333234
380 12.463007688174699
381 18.937787043876323
382 14.37992392942895
383 16.905981831092184
384 17.705862314167575
385 18.691058112812406
386 19.742087495122593
387 19.29619315601324
388 21.350030413162145
389 20.003972827198904
390 21.843593295563775
391 20.207912193496927
392 19.814666292091307
393 18.491161185566416
394 21.42360622312485
395 22.081732433254444
396 19.419466103137044
397 18.897427352748185
398 19.874893609982553
399 19.092309432020652
400 16.49918439505479
401 16.360521367032796
402 15.138625416922556
403 15.837881138721738
404 14.78610095904499
405 15.90267952593307
406 12.187643687776003
407 14.309202134184632
408 13.889262500874173
409 13.069923144162603
410 13.599979964509215
411 15.520634470747476
412 17.34727239725612
413 16.842958211789536
414 17.17811309691243
415 15.42409270309443
416 19.561866896927732
417 18.686413133484695
418 20.244808445416655
419 17.702957140483168
420 18.615794220519575
421 17.604726696143114
422 19.93595255448962
423 17.568567949522166
424 20.07259449957696
425 23.763293005210137
426 20.122687557500747
427 19.30677163235471
428 22.389912695133166
429 19.163300064233706
430 23.385926503341658
431 22.81276027137642
432 20.128081984516175
433 23.83402821446814
434 14.436158337236304
435 14.178005632626645
436 16.888638761178402
437 11.383155194746607
438 18.121786064784025
439 12.489096282474843
440 21.142066957921053
441 17.1100975022999
442 18.932166769005665
443 18.127995296861275
444 20.888568691880636
445 20.697487887287725
446 19.60501766206773
447 14.448760904521345
448 20.805088339881614
449 20.627123885277328
450 22.669530541642544
451 17.91214933816869
452 18.96288926773339
453 19.017304988006686
454 20.517779374342847
455 19.42325666075101
456 19.144414598909865
457 17.76212296272914
458 22.06028706692338
459 22.008053237176462
460 18.836324413366714
461 18.698708654927817
462 20.975366146161374
463 21.669039620144073
464 19.590529761910314
465 22.916043784884586
466 15.714840469997995
467 23.769748044713022
468 21.583383165145964
469 18.66021495843901
470 22.388619800048424
471 21.803821989078404
472 18.146264649886433
473 17.7160946135992
474 15.015020371660924
475 13.958891061514818
476 16.03387163160386
477 14.030676391112088
478 15.311557041504285
479 18.47338027202588
480 15.39012568029497
481 20.13583992369327
482 18.83467556997107
483 20.243693228369548
484 16.49650535405263
485 13.726294720289108
486 17.739339452623152
487 14.00708839115202
488 16.064381663460217
489 16.105357787970934
490 17.293944749606318
491 18.335064855610067
492 16.731808515077333
493 17.399085933700484
494 18.987547846613797
495 18.018423126401082
496 17.04461901245305
497 17.64285884674761
498 17.124486549980872
499 14.944781450488238
500 17.48949529167597
501 19.348868221771525
502 19.11432737642509
503 16.622606442469454
504 17.832623189770867
505 19.637541599706505
506 18.76244424789508
507 16.792010151198657
508 18.55741082021417
509 17.542368669238638
510 18.753828096413816
511 15.245624318238749
512 16.366811477889975
513 16.517823954037265
514 13.956925010946678
515 17.06983844334232
516 14.431385659350596
517 16.21432744057093
518 14.954985440851454
519 16.239009175870244
520 16.218316752737547
521 15.346519808899563
522 14.726583810253565
523 14.410825977611085
524 18.42197428860135
525 16.711176894764737
526 16.844110378147715
527 17.216511450581816
528 12.154091335215185
529 15.563161760984883
530 17.293369782955725
531 15.334291643714904
532 14.289603152687837
533 15.713124760437967
534 17.556579012036135
535 10.23149409747375
536 15.97601174463421
537 17.337800298081014
538 14.776764203395304
539 17.22297950737044
