0 6.498519551460239
1 6.656385811021165
2 6.825073734787447
3 6.646567126907824
4 6.937019288368201
5 6.755567312372196
6 6.88609927696528
7 7.160039161230966
8 6.984097571747585
9 6.738549134925418
10 7.00215472725858
11 6.848601829116932
12 6.829836445254054
13 6.415162194298627
14 6.283581041921028
15 6.614298469292428
16 7.864616933994602
17 5.813835972296947
18 6.266057380558646
19 6.020895199751217
20 6.097069314178731
21 5.114495944010737
22 5.651754158706866
23 5.843894456660434
24 5.7709834718638815
25 6.5876229624259395
26 6.701544716554936
27 5.460915676188231
28 7.140909643823853
29 6.3715096304098
30 5.398306808545962
31 6.727680726039714
32 6.213146902847834
33 5.5549727138457765
34 5.9978604394782815
35 5.875200727693417
36 5.30151652853594
37 6.813331719949292
38 6.152587702648691
39 5.252316900867213
40 4.88531658532607
41 5.313205637468021
42 7.357976293380718
43 6.387041081026439
44 6.037794162829708
45 6.558236192343738
46 6.382097178764114
47 5.991056741271721
48 5.513520401192249
49 6.280859718110707
50 6.711458151856081
51 7.333042137954157
52 6.345440846491531
53 6.557515297350595
54 5.16132603861401
55 6.433168690011876
56 4.867493678364397
57 6.542993598730004
58 6.184521242957995
59 6.366864856366682
60 6.876849870156046
61 6.343884392591973
62 6.488454154061326
63 6.585086860990069
64 6.287950835883617
65 5.213943073922015
66 6.263755808645819
67 6.6381643061083215
68 7.662945964241896
69 6.979996690289762
70 7.215011283504665
71 7.512344943352567
72 7.108848411627381
73 6.496526475492523
74 7.119314000100803
75 8.132589293759755
76 6.779345672794004
77 6.774380855696698
78 5.226796993496178
79 6.621383907859566
80 4.899065687573557
81 7.44785710595429
82 7.106917172929351
83 7.214062095880233
84 6.891979029550214
85 6.39469872717477
86 6.634914087322544
87 6.6513287381770825
88 6.153365145294639
89 5.976635491741014
90 5.789623269604582
91 6.504197219640621
92 5.609190636712971
93 7.262454989561313
94 6.330330435256206
95 7.3534562616019885
96 6.6647035148674005
97 5.929883373444459
98 6.500852332021303
99 6.570751699093588
100 6.8870941477836825
101 6.197797307913295
102 6.819805497700262
103 6.459971997257673
104 6.248730887718558
105 7.456006146393936
106 5.678739723893832
107 5.887726416746796
108 6.755037079263329
109 6.276971835576926
110 6.802112725334166
111 7.7974568383270295
112 7.326442358522141
113 7.777989771485938
114 8.035387507160257
115 7.577274068486057
116 7.760329115969214
117 7.156479090793801
118 7.005006634285186
119 8.223167412216624
120 7.352533575190184
121 8.114948089710493
122 6.63125541528058
123 7.439094885079199
124 7.310674744453105
125 6.558498560820279
126 6.430953110844296
127 7.136822314805759
128 6.838810212503748
129 6.521422068970326
130 7.234977351469097
131 5.77807799652881
132 7.80251660843626
133 5.148615710254348
134 5.788418548123689
135 5.738126519900093
136 5.261000475895969
137 6.107142235190913
138 6.480257351995929
139 6.1075024441447825
140 3.1357700632216288
141 3.509641522648144
142 3.542971164055574
143 4.043976126326081
144 3.787217635776793
145 3.439750746413307
146 3.6536249311226308
147 3.676768177130541
148 4.193977440711053
149 6.85665979045554
150 6.465491366678031
151 6.137643608943203
152 6.985623597270807
153 7.260382181397219
154 7.017151961789462
155 8.060734583095403
156 6.72927621871632
157 7.365562833902104
158 6.490165851998293
159 7.54962670557507
160 6.859282648826404
161 8.227084264425589
162 5.959081509936198
163 6.518796366760108
164 6.393018719666783
165 6.303704406543391
166 7.52965617015891
167 6.103609039791622
168 7.359677266582318
169 6.058768385058691
170 6.122183677450369
171 5.977191254563269
172 6.217699697812411
173 4.9699041668469475
174 6.428359032527833
175 7.18002954684239
176 6.448195354229392
177 6.477136496764922
178 4.32946568923103
179 6.495490907871327
180 6.003236690955653
181 6.058422422548946
182 5.23403225862617
183 2.7451239154912708
184 2.6648437336756707
185 2.5920899078183397
186 2.566454455352501
187 2.594957337041465
188 2.5576802632415365
189 2.6801599826891036
190 2.7381021269461425
191 2.856434673614028
192 2.56971641121095
193 2.6004768432855414
194 2.5925915000728392
195 2.6815788370221254
196 2.540063434593025
197 2.8323122943941033
198 2.588524670696658
199 2.651607389692247
200 2.4571329014912386
201 2.6786214449493007
202 2.5470635235032018
203 2.692377745976791
204 2.5915685239540367
205 2.627435387213998
206 2.583073865894597
207 2.600735948295059
208 2.609098484936714
209 2.7203260800229625
210 2.698621877989398
211 2.662133630670754
212 2.5500219411240574
213 2.6303242916259246
214 2.541468731251783
215 2.6535598753490173
216 2.562079806798739
217 2.5719823326472793
218 2.6043362299461634
219 2.6982853036062755
220 2.7664964938374585
221 2.530782397457995
222 2.644776374789395
223 2.7965929169824273
224 2.666332662783385
225 2.611959976103834
226 2.7640571257595647
227 2.9550587568181785
228 2.551545564581363
229 2.692771779924695
230 2.8560403622102397
231 2.5519318686572414
232 2.6085660627736393
233 2.5532924936100807
234 2.9562077027611395
235 2.626479216325964
236 2.502860178460883
237 2.651631060480571
238 2.628690193727328
239 2.696332941330339
240 2.9417778549742093
241 2.718373300898035
242 2.7855708602801985
243 2.6908307135548744
244 2.6866532902820186
245 3.5059509552781045
246 8.636126688480866
247 8.387255833171354
248 6.657147096597925
249 6.317588036464409
250 4.527289166565735
251 6.457910802902362
252 4.854588090414523
253 2.6944100448412756
254 2.633779149350567
255 2.6841372440391362
256 2.8441552658416893
257 2.6897182060322367
258 2.78098040450998
259 3.866882167272981
260 5.2147668057992
261 4.735225205600103
262 3.1407146263190784
263 3.77319586919733
264 4.891360225073891
265 5.653017311360515
266 4.8096291515335565
267 4.920666537076607
268 5.5189119614441715
269 8.020780694473855
270 4.62860327186677
271 4.557265172024453
272 4.500125625959768
273 3.1201859552922464
274 3.665780005265015
275 3.908291014731883
276 3.534330225332089
277 4.354856854755975
278 4.8055708516491284
279 3.1039031569809934
280 4.161306614825459
281 3.7942406419154233
282 3.83634461799585
283 4.304724362080794
284 9.062612715183862
285 6.480255463109405
286 3.320503345731548
287 4.391535904885593
288 3.7002033959410974
289 5.159146534593882
290 5.231210448681794
291 4.89507033128826
292 11.718996535406177
293 3.6703485455176144
294 6.995757185415399
295 6.95782784041755
296 7.843727155944204
297 11.284666364769256
298 6.951589952991379
299 4.379905720643487
300 5.682475652120465
301 5.120688827682593
302 4.328258055411309
303 5.1328250143157295
304 4.912311978566242
305 4.939182007771558
306 4.8762536333822375
307 4.491627922659562
308 4.95766592645878
309 3.6225589373428626
310 4.6861562876848355
311 4.738816551986695
312 3.628489885895085
313 4.571201044154675
314 4.2236649579883006
315 4.872529875639886
316 3.7254830660599203
317 4.2379785354581845
318 4.407823882083718
319 4.58608900300253
320 2.754520282613734
321 2.897507204478526
322 3.2957502483554046
323 5.433229164181042
324 3.1079059963551283
325 2.7647411686989414
326 3.5718354876082348
327 5.573557185252561
328 3.4763293613744537
329 4.627045566577513
330 5.29414597320768
331 5.220969507350535
332 5.8814296373148975
333 5.7069977294847885
334 5.010642544591334
335 2.643103083361457
336 2.533933708217627
337 2.6558123958760023
338 2.712818351638236
339 3.013612947609925
340 2.53901676014436
341 2.775927833982915
342 2.790279196568496
343 2.6822450726268277
344 2.7614919546607894
345 2.6899431019280367
346 2.6686723885851515
347 2.7428511935460493
348 2.6671499593428263
349 2.622069180977167
350 3.505339577782776
351 2.8422797095484578
352 2.6038015770547918
353 2.6209516675412554
354 2.767238160607141
355 2.6701414259371474
356 2.7214114660585174
357 2.5955125397908914
358 2.5678596842076087
359 2.5660642504288513
360 2.8124443145726823
361 3.1944503487318796
362 3.0269422620827693
363 2.99271014583898
364 4.633480205035091
365 2.6330500195494224
366 2.9612813471443884
367 2.466592876821589
368 3.9707061744762524
369 5.880918232169183
370 6.135788908804659
371 5.319350156668881
372 4.570019095290747
373 4.302708283023149
374 4.127608599995607
375 7.260401191010405
376 12.716541095322759
377 6.409829311497238
378 4.959341907678779
379 3.996502428609354
380 5.7503867096012575
381 4.93197972772315
382 4.374788228898376
383 4.920020414356957
384 5.0550158697718155
385 4.649569709020272
386 4.959573127663933
387 4.147229991163376
388 4.593297763036615
389 5.070639833040458
390 4.7279524423864805
391 4.434645326057562
392 4.532769479082842
393 4.678143073885882
394 4.301265079892864
395 4.048433898471003
396 4.350338105207544
397 4.7170598745500465
398 4.876557810440477
399 4.945771927929652
400 3.9832448449442666
401 4.2642579558765
402 4.670119255162649
403 4.112656065241771
404 4.576915317221481
405 4.693601459066269
406 5.772422884934628
407 5.754125393443196
408 5.276239810190208
409 4.871766214575949
410 5.054329064374194
411 4.553937068907296
412 4.701365995598991
413 5.783780537897687
414 4.52540813403834
415 4.637893725302273
416 4.789209200552
417 4.558920096536162
418 4.6704311110267405
419 4.548686160634162
420 4.399240251566819
421 4.477015172724734
422 4.234818296620182
423 4.184161924423716
424 4.542982263457646
425 4.9256447773464656
426 4.781930101397229
427 5.078041985137992
428 4.413847445747838
429 4.461326811683042
430 4.132999851574182
431 4.960478357909698
432 5.278067365184546
433 4.282788574997009
434 3.829417958642776
435 2.936539933745884
436 2.5523371442972875
437 4.82613329593584
438 4.373434311716057
439 5.946311531104873
440 4.771236431938815
441 4.8604144585149545
442 2.8509547072622525
443 2.8698998084783103
444 4.5370020517328005
445 4.8978167322659205
446 5.209440637911391
447 4.638367601099409
448 5.0610547646852515
449 4.708727120508205
450 4.838308580076797
451 5.188902974512162
452 4.365139999986429
453 4.643473619392842
454 4.753679948464079
455 5.12404825329616
456 5.776031220365626
457 4.981422857648294
458 5.046748715507114
459 4.7416544160639225
460 4.267858738392224
461 4.2340649950892795
462 4.979112628991582
463 2.652501081055413
464 3.966580373916905
465 4.852953962492505
466 4.344721275542853
467 4.39834683257896
468 4.255541308401576
469 4.247408112322605
470 4.891504573311031
471 5.245329840032013
472 4.366306965423487
473 5.363125443522033
474 5.614373614493136
475 4.946948226703918
476 4.148462119397222
477 4.81946379180603
478 4.654039480001104
479 7.078499422459078
480 5.425001023717832
481 2.673278382218213
482 2.5283017175711726
483 2.6862500581057835
484 2.7211228546553015
485 4.594392876500574
486 4.345965084414354
487 4.640698365706611
488 4.36919164708652
489 4.411527578404943
490 4.607816033220385
491 4.43615675505621
492 4.986100782932515
493 4.052683579585444
494 2.641633922613699
495 2.6793580599567006
496 2.6214215786132664
497 2.672055527615974
498 2.631203108199923
499 2.6286544416528046
500 2.5529377975716656
501 2.6628848333896333
502 2.545616481354159
503 2.5800664261857538
504 2.7604010027301733
505 2.668763144770616
506 2.6550225142914363
507 2.7104167369352106
508 2.8531474869980102
509 3.052931390570788
510 2.6902877873747215
511 5.067440997896898
512 4.458579791125513
513 4.300974717066579
514 4.588715112985532
515 4.087523492354486
516 2.7052382731689755
517 2.669233160188594
518 2.6483820209603466
519 2.677763754465758
520 2.6579298854116793
521 2.6103026282183284
522 2.6128209716133775
523 2.732218830569714
524 2.818443948018925
525 2.569525409324916
526 2.7028381794985115
527 2.6913287931320937
528 2.9363918733849697
529 2.69740921339358
530 2.6053020340284627
531 2.889548151294454
532 2.6305191826344947
533 2.712803287475364
534 2.705378273727563
535 2.732132739041496
536 2.6383822012656877
537 2.5803516910113813
538 2.801233462391053
539 2.6037450828108706
