0 3.183876703073261
1 2.651288511869263
2 3.226780849005419
3 2.9950513363711857
4 3.173739258131844
5 2.8318697413897214
6 3.005251749308302
7 3.250470571211407
8 3.1544314796835358
9 2.8806556232838743
10 3.214733297885458
11 3.0331635471904943
12 2.8401814446432034
13 2.574523512354097
14 2.7116996081567963
15 2.540115725826586
16 2.688662895948488
17 2.7797922905048376
18 2.665001060961806
19 2.9969142935945237
20 2.6432598946411225
21 2.738221758760787
22 2.714605286710138
23 2.59304273765327
24 2.628308017807502
25 2.8450173016225646
26 2.8364554790529963
27 2.7133556913220853
28 8.604889772860703
29 8.392627876415924
30 9.930717754663526
31 8.916603696498987
32 4.578515178275567
33 10.999508213721418
34 9.708854861677816
35 16.335174941146878
36 7.329878362267404
37 5.560808165264635
38 6.888908979059093
39 6.97283245611514
40 10.061876509246744
41 7.445410459151691
42 16.327356919019874
43 13.288390518234054
44 8.087073929584433
45 10.228145635773314
46 8.83230323781714
47 16.078304286031205
48 11.881469118161604
49 17.48132759463429
50 18.16924664915946
51 6.3272890131170225
52 8.328986807228985
53 8.015907595980735
54 5.675104398424189
55 9.051466600553287
56 5.875879180357521
57 6.616597347497401
58 6.756793801829833
59 9.883365093967502
60 7.2494096214309405
61 9.608444625067753
62 17.36737479243443
63 16.876756231738852
64 17.536270770170127
65 18.398630467575043
66 15.604031792399052
67 12.575773317841431
68 13.047217047283143
69 14.549084366657235
70 14.951459835523835
71 15.002916346364566
72 14.719223433659506
73 16.48675136415795
74 18.987468956356377
75 20.321616318343644
76 22.342969757247847
77 18.927077640561272
78 19.890383956378304
79 20.093980783963776
80 18.979180765547156
81 20.537041783609183
82 19.95255981932112
83 19.24196534633386
84 20.904212071569997
85 21.43225262448414
86 23.243730344156052
87 20.281773861568492
88 20.79735999944024
89 19.929682469879776
90 20.716715227747166
91 16.988891762318655
92 20.201878242719534
93 21.734192030460715
94 19.319485779234807
95 18.91054471648202
96 18.296406388269123
97 20.57779978512221
98 16.427220324627633
99 18.9778657176646
100 19.49057675910711
101 14.66606073545575
102 21.265227726784623
103 21.651001786459855
104 19.547371676095107
105 20.781204996321417
106 17.880253296347988
107 17.585472320984575
108 21.000791996596227
109 19.856960016945447
110 17.78080064499267
111 20.25809633936465
112 13.727182024109915
113 20.111304480541172
114 18.300676806453513
115 19.896451528217433
116 22.880516252723957
117 22.321457499983183
118 22.173520100985833
119 24.407932966046864
120 18.75732088076724
121 19.887716035884583
122 22.107667824820204
123 19.686561382508685
124 19.110190296735098
125 16.877446566146595
126 16.872025999241114
127 15.689879749625531
128 9.280611571898842
129 12.219271930853143
130 20.553056148975358
131 21.246313631369983
132 22.063154259412265
133 14.676593661531067
134 17.173295128291983
135 17.32463555605087
136 18.18146332477181
137 22.188731604847757
138 20.74564395204963
139 18.169529411053905
140 21.30060920699701
141 18.122789153538225
142 20.229599583946577
143 18.811209622498282
144 18.68191232428044
145 20.258597798043773
146 18.36399204365021
147 18.845981765210055
148 18.650747010792003
149 19.96649897694508
150 17.212069515105437
151 17.55914476961458
152 17.794598014374067
153 18.396303513457205
154 17.960796926072973
155 20.542649944036977
156 18.711761629497733
157 20.441802153666103
158 18.804475185138763
159 20.307756082473023
160 19.263008501002894
161 24.559645418595395
162 17.6250532159073
163 16.982053416787465
164 21.591530962463928
165 20.800188453942358
166 18.908107226831483
167 17.370365845765225
168 18.210536073775604
169 20.727584433615554
170 19.466501482482172
171 18.729589161275722
172 21.609946448449094
173 16.29064109993824
174 15.01906970640735
175 17.148096549638083
176 15.441990601427856
177 16.732683300195166
178 14.86629432984131
179 16.78119813865149
180 17.015375798945385
181 18.01592228450816
182 16.966675668373885
183 17.57637310499486
184 15.850570860227952
185 17.05254791186749
186 13.963341554555175
187 13.157222133070887
188 15.808814573807076
189 17.763480403608312
190 16.914847335506696
191 13.954762488910033
192 13.095779371137455
193 15.204514137656258
194 15.9083242802493
195 16.14082993426795
196 16.502277056418382
197 14.049878011888474
198 15.374544064128543
199 14.884012026249973
200 12.992517937288856
201 14.19683056918352
202 16.903952012051576
203 14.993485625538112
204 16.473948789573978
205 14.78597669401752
206 17.69376784471128
207 14.783139090395663
208 13.283092400911967
209 15.366632892679952
210 14.482997955745297
211 15.35716296591476
212 14.542194778815034
213 17.247050213390818
214 17.09740574367716
215 17.8798411522845
216 14.16862700911674
217 13.055892875238468
218 14.73217608028959
219 16.938688835090627
220 14.42842155582856
221 16.816630774668912
222 16.652741401885653
223 17.50374736692196
224 17.803146845476935
225 18.661661303860516
226 16.06515412105301
227 16.587259608863256
228 17.24216864022754
229 21.681789438677487
230 15.181098686327894
231 13.351123839449087
232 17.803353844560725
233 14.869153386565964
234 16.867992384037933
235 12.93582004549684
236 13.411442513418228
237 13.158439275431254
238 13.068864761126166
239 17.440897887812174
240 14.165508672965155
241 12.576648503502884
242 14.778849420934076
243 13.150017054509961
244 13.652755499174821
245 21.027417695512153
246 14.814864823329035
247 16.3683495527656
248 16.966393269381502
249 19.126173027970413
250 15.850905684796592
251 20.03094695521561
252 16.04453119193555
253 17.282807360976133
254 17.027070672490257
255 15.907195067858845
256 15.7391767852355
257 15.481646713334253
258 16.49215931618697
259 14.680810339160871
260 15.205151501884858
261 12.451804849023436
262 15.503998017257858
263 19.588797994170452
264 16.510841181542233
265 18.271810811653314
266 14.364317799730001
267 16.4759652940229
268 17.678271209546736
269 14.942672039924181
270 16.003548994102406
271 13.096316701603989
272 15.860901951110089
273 15.574608861395904
274 17.102117530602452
275 16.696697388154565
276 17.177576736892192
277 14.430489934683367
278 15.586913192741786
279 17.185108171154944
280 18.140940340231648
281 18.092464058224184
282 18.622829322625854
283 14.460409625665577
284 17.585207031100094
285 15.990653705704037
286 14.330114067682684
287 14.73164112687702
288 15.168762678459943
289 13.983803416567882
290 16.004346465954633
291 19.02996134153829
292 18.892085321223735
293 15.731642376899353
294 22.019750705923435
295 16.03519412879028
296 15.201585167760003
297 19.56133617792271
298 19.268932397646715
299 13.307979698519079
300 16.789785061892744
301 19.525605999074408
302 16.129684789044944
303 19.708509368266302
304 17.13134407187524
305 15.667187687381146
306 13.961966052641376
307 12.046070210317001
308 12.949667467673656
309 18.425618300512376
310 13.719365713915025
311 18.179395032305756
312 14.660181595273036
313 14.807474083346548
314 13.226835759780728
315 16.53433245670584
316 19.422458349640852
317 23.18567972418616
318 15.70705798765453
319 17.31607883737842
320 12.31327989383073
321 12.612381825819156
322 13.892269453319908
323 14.540594810796033
324 11.158073640677141
325 15.278403521427038
326 19.731048967277182
327 22.76306511044444
328 22.778703674260957
329 20.916405357646262
330 20.418351218390985
331 17.371373468145787
332 20.827240154526454
333 16.268064722972426
334 14.676036027891803
335 17.87066833901958
336 14.207463383597634
337 14.576879374979086
338 15.647255402567199
339 18.772470395315906
340 16.90722024407664
341 17.234066053835775
342 16.735232093148003
343 14.649530854648507
344 15.811909158999406
345 13.26749046016042
346 18.871725701054476
347 19.82901792100208
348 16.36901127998955
349 16.740146825832017
350 15.37308686854827
351 17.681874481898834
352 15.35721482975381
353 14.390379178067706
354 15.783155697167269
355 15.643249380653833
356 16.666505036868664
357 12.30366121426098
358 11.891858901624266
359 13.30256405215672
360 19.450257924675483
361 18.718119986264394
362 19.288652609262826
363 19.158202650011546
364 22.153669935947587
365 22.751409228309676
366 24.129778687680233
367 25.38396040679287
368 23.959647233050386
369 25.41093366235235
370 20.616315508168455
371 22.22130694107802
372 23.984703592144033
373 19.681755769720166
374 21.07706223325122
375 24.734462183084364
376 23.52549200610976
377 18.0363775030335
378 18.55232612107365
379 9.68955737695117
380 9.39828352612859
381 24.33673508861103
382 21.077625401949767
383 18.388483271466328
384 16.03427625747888
385 15.44159761500211
386 15.402876809750895
387 12.249694742330707
388 16.347253352628666
389 11.601782658974463
390 13.607519718240553
391 14.212184304740655
392 11.567137034922185
393 9.713201897019001
394 13.028433469258882
395 13.00441734910755
396 11.220727125943638
397 16.527583375495087
398 14.57922672531285
399 12.938357218670529
400 10.195692449802834
401 15.999480505175553
402 10.997238162373188
403 16.789961591256944
404 11.427238555028614
405 8.190671685233951
406 8.108975117190324
407 8.553341050251996
408 8.300620310029442
409 10.191542784419266
410 10.813093708252984
411 18.890664591207408
412 17.572889089392024
413 12.642052655575766
414 15.661679276807211
415 19.15438198953417
416 15.54550020757917
417 11.850380070945658
418 17.394783783397376
419 14.414492695665261
420 12.071781849681175
421 9.576009905075129
422 14.379820275970582
423 9.794458602667145
424 12.84810660691142
425 18.136351580088885
426 16.774782448854864
427 14.749235591075616
428 16.236281977567774
429 20.093482102724895
430 16.452255782410273
431 12.285094356121544
432 11.862901349627329
433 14.04035262193165
434 7.01790061191659
435 7.364863056725456
436 6.320622550274007
437 8.250157744056672
438 18.12887908639061
439 13.48388913029727
440 18.298977273429504
441 10.798633884693974
442 14.127148376757521
443 13.841465037186307
444 13.934908793792802
445 21.4195372270539
446 20.670276943262227
447 24.015837201275442
448 25.058506808647618
449 18.401024166976605
450 22.16750902618088
451 22.88082263417515
452 20.672604146327114
453 24.367809794203062
454 25.23580482797909
455 25.551751347722746
456 18.434322963377166
457 20.45915943539302
458 20.437209930365313
459 23.25625971417432
460 23.087950850493762
461 20.049248026809444
462 20.409174466832784
463 23.06816727317574
464 23.43441373797198
465 24.876452196775592
466 19.17404892005829
467 20.21029816197716
468 21.153216841841022
469 14.960482602535635
470 19.312224237522496
471 20.180590997230603
472 21.35758738358855
473 24.2073080160137
474 23.230012699594845
475 22.546106917925588
476 21.00858383122057
477 17.721143303861993
478 21.46450709026741
479 20.828246263222628
480 24.049427668743387
481 19.33130044022242
482 20.07556314561649
483 20.26650218313061
484 17.993801720829133
485 19.23497708078921
486 19.02769697769247
487 14.372603272501411
488 18.83033066083184
489 19.07082397479553
490 16.31317138938928
491 20.328737370673725
492 17.814076917638715
493 15.785186546366422
494 16.414675144762164
495 15.477578078789303
496 15.339306588865758
497 13.013830448710653
498 15.276512040661252
499 14.998992355415778
500 15.127258057755931
501 16.798787473516295
502 16.921506712576164
503 17.09787101095412
504 16.753268966818705
505 17.3770640962027
506 18.59831822305526
507 16.540128953036646
508 15.862136176657316
509 15.224572251628086
510 16.93355208561126
511 10.65252895214515
512 12.682908899663635
513 17.412885721096977
514 17.4006061432818
515 21.019141607587006
516 16.163134286977222
517 16.612100130631134
518 14.347283512210796
519 12.19173276712896
520 19.28564933877723
521 17.215896805007883
522 19.00877263757748
523 19.149855789078323
524 18.273433970358173
525 16.614678904930088
526 16.580317626450864
527 17.473967415863005
528 20.300421726887233
529 15.919864427357474
530 17.42825900691112
531 18.07889731687082
532 19.41417841333107
533 17.98061830857291
534 19.47986060881702
535 19.27028269208762
536 18.200348418888332
537 19.146083548981856
538 19.235694796130357
539 15.68172095428234
