0 2.6735583018997944
1 2.7244543099512297
2 2.652126462506689
3 2.805846901596097
4 2.794540861818494
5 2.9156288592971022
6 2.954467214353612
7 2.8733395531583756
8 3.3064347002973267
9 2.8647725107004947
10 2.858237027365017
11 2.9008457242292196
12 2.781416938728832
13 2.8179549972704176
14 2.803341554475611
15 2.8928998637148298
16 2.8918530152243713
17 2.9158046683603405
18 2.8344913778274097
19 2.7825474921931095
20 2.8675470976288477
21 2.5656299246952203
22 2.774396445713433
23 2.944259508922417
24 2.8608349151593493
25 2.9935935082500587
26 2.749846578709217
27 2.7790395443405878
28 2.7999354318249585
29 2.8443351898189184
30 2.8968128713032297
31 2.8560882718721716
32 2.744876631618487
33 2.6954153660707765
34 2.8017612678377137
35 2.8711276984888903
36 2.773274697674564
37 3.0258796902620992
38 4.6918275249080965
39 2.66587445516711
40 2.697251775759412
41 2.7594572300261837
42 2.7721237532924734
43 2.7203687846445286
44 2.70215120384773
45 2.9332192900027216
46 2.659339590790677
47 2.6691730784288894
48 2.781462696642888
49 2.817746131783799
50 2.7434730458045924
51 2.7593152537470944
52 2.832180304610756
53 2.729819286913017
54 2.7311438528987195
55 2.6370297106522798
56 2.8823383603767105
57 2.7644592354035806
58 2.9053215758884554
59 2.796609033326179
60 2.7389011894596966
61 2.707062925850571
62 2.7950560457691456
63 2.732804009943431
64 2.8308363365872404
65 2.86935028884224
66 2.8401738751623835
67 2.8450287878542793
68 2.6999858476912677
69 2.8170444178470655
70 2.9634598591631915
71 2.71163047927567
72 2.7199217517326666
73 2.7991383258975935
74 2.6824440399777743
75 4.170980138669801
76 2.7851085536523295
77 2.795851121913654
78 2.6713714070480306
79 2.7694170668581957
80 3.2968970088732066
81 2.6593890537733476
82 2.666817605541173
83 4.5982553763247545
84 2.751427442519962
85 2.7066552770504484
86 2.662130578704905
87 5.090576482917703
88 5.177475562495378
89 4.954894784640222
90 4.884492569626975
91 4.755014484241485
92 5.011656310813031
93 3.948593001289649
94 4.035546355661901
95 3.725761402780662
96 4.13471332683254
97 5.053681023958453
98 3.6164418148525295
99 4.459411668896654
100 4.763533475697257
101 5.541338749261486
102 4.564732847087836
103 2.740578998389393
104 4.503384227415619
105 2.6640364885968055
106 2.7706565932669656
107 2.771179378903715
108 2.6153823826047877
109 3.0044676709766764
110 4.859793277694828
111 2.986463071740227
112 4.805491963129899
113 2.9062104908703916
114 2.6703155448291946
115 2.8318724869586713
116 4.51813902501121
117 3.141796521652652
118 2.868207291021881
119 4.820476312743034
120 6.193227064888013
121 4.809903502643655
122 6.265982625724744
123 5.5545143907779
124 6.352153123833389
125 5.037232792631513
126 5.267008803199728
127 4.808349735597556
128 5.372371693287437
129 5.813960741766861
130 2.6754884729174777
131 5.055045655699643
132 3.9092225129425833
133 4.661787673173293
134 4.195940500196605
135 4.74813473130063
136 5.12245915742751
137 2.730202394486142
138 3.1270995764605187
139 3.1742494482721937
140 2.7050992179552407
141 4.358026568950089
142 4.638103607568405
143 5.097615063705264
144 6.889976088570517
145 2.670217745912403
146 7.106777268997754
147 2.849804829014586
148 4.439883142912894
149 6.366568744972455
150 5.536640785426032
151 3.676844070046293
152 5.041111310857099
153 4.634153463692434
154 3.423745528899354
155 2.7383906781343086
156 2.875673207910484
157 2.8563738001833814
158 3.836924734373296
159 4.769172828137844
160 5.072752466996493
161 3.838670157348152
162 2.9395851538410973
163 4.756145983446871
164 4.206673553481222
165 5.37312796041536
166 3.418131785068462
167 3.0509885203292275
168 2.8904837325765342
169 5.007733073464
170 5.239767609029513
171 2.777705454626899
172 2.894011068381624
173 2.776114902128288
174 5.117952998290672
175 5.544351060681479
176 2.960349746458371
177 7.140757786478467
178 6.216624454086962
179 7.804177866993476
180 4.758355197492049
181 4.502835321019447
182 5.19101972860305
183 5.007721575546772
184 7.232225448228212
185 4.342791761970912
186 3.8415627144401965
187 4.2622168053084275
188 4.831489065462049
189 6.4120217839834455
190 4.462040415404091
191 6.738465518364701
192 9.971623328103849
193 9.233237090926714
194 2.7166102859208285
195 9.319232939097892
196 6.593373771862458
197 3.3687402470568517
198 5.123550428847056
199 4.565601217236915
200 5.520970337405755
201 5.353672521617126
202 4.958384415634876
203 5.269600125192712
204 2.5176433543182846
205 2.962575949223449
206 5.085501341848827
207 5.390658451398667
208 4.806077156220191
209 5.789199799791676
210 5.553942347419054
211 5.159773063160337
212 7.587972719374882
213 6.138777001057205
214 4.578493840970539
215 6.441302341241396
216 4.781830932710063
217 8.796139196518421
218 5.31737239100463
219 7.364802336410924
220 4.547951664065523
221 3.0359331876077182
222 4.587052302932712
223 5.092766877270363
224 4.9275951086004595
225 2.8613717271666124
226 4.443886422173812
227 2.874193343973305
228 2.735769594338843
229 4.8330871177787955
230 5.414554553888704
231 4.602040883709139
232 4.60144419167247
233 5.308151088601257
234 4.4736891812681865
235 2.63445482531314
236 2.864457978295688
237 2.8601584623466607
238 2.8730615298698785
239 2.8977675905205467
240 5.490632634633929
241 3.0159360621216864
242 5.146501565911235
243 5.596692305421032
244 2.5678636951528953
245 3.014670865649299
246 2.794000024706556
247 2.7944702138533097
248 2.6597139036456636
249 2.977378677344152
250 2.665941509103689
251 2.582824965725741
252 3.0327513277211375
253 2.858078736621189
254 2.7634914668512343
255 2.897720680801503
256 2.63716560578619
257 5.674254333817873
258 2.7894685800543093
259 2.961369929090313
260 3.0612918544394914
261 2.785397398373346
262 2.715336820380945
263 2.6976501728205875
264 2.7963450012481497
265 5.265125348805218
266 2.7471208655120924
267 2.763468219985908
268 2.813628502217595
269 5.022066492151105
270 2.816721384377995
271 4.050149628744679
272 2.8374146441158383
273 2.8730380172881347
274 2.594968483561288
275 2.898839665988467
276 3.211911270733079
277 2.624452595518875
278 2.929250266793991
279 3.034380780443262
280 2.7869999319339573
281 2.775995253635445
282 2.8490344318166776
283 4.895333808110381
284 3.0064952092075763
285 4.234425091600628
286 2.708325291007685
287 2.884724503130303
288 2.640208838372352
289 2.7597938280771506
290 2.6914377498161017
291 2.7699748410311638
292 3.264397588899517
293 2.877655919933429
294 2.9229859820094033
295 2.995175356806277
296 2.932050585165388
297 2.8858294691896496
298 2.6540757864219735
299 2.686429596064513
300 2.6957509781099898
301 2.6203227590669216
302 2.7579398674627895
303 2.7496518933110874
304 2.857448277624742
305 2.7225201219200894
306 2.8790861599859148
307 3.016030532629864
308 2.670446478460217
309 2.823948798518156
310 2.692022943965059
311 2.7199822754150933
312 4.464895462067259
313 4.60130514194895
314 5.050926480906334
315 5.462967659257123
316 4.638398312481753
317 5.2987965854598045
318 5.021449005237101
319 5.162748210766223
320 4.887317612285134
321 2.7368192792801023
322 4.565961549669847
323 6.255393783971673
324 4.4937167770865925
325 5.936221780380736
326 5.060532065399915
327 3.1041573472656436
328 3.1662382925233343
329 2.9900695320351027
330 2.7259671557741165
331 2.902596606248957
332 4.462165969166946
333 5.4513005884782375
334 5.088659549360406
335 5.359541690836856
336 5.159402861517963
337 5.5250645579880535
338 7.149174405490731
339 6.6257187836433244
340 4.718748499847639
341 4.846594737721963
342 4.941182780385891
343 5.211837407764068
344 2.706765165537301
345 5.046431107374783
346 7.517553718906579
347 6.479875636132749
348 6.382599551440512
349 5.359488955197437
350 6.119289830073655
351 5.413299634567548
352 6.590697276512091
353 5.093356662706883
354 5.18706185386292
355 4.748509336928229
356 4.877181146580713
357 6.254318426498531
358 6.775724650130929
359 5.306657111391344
360 6.922010919843926
361 4.941061290795876
362 5.8678871420425835
363 5.143896611716016
364 5.179214991151431
365 6.787688943220811
366 4.897408040798226
367 6.481204370918946
368 7.066745621667423
369 5.253951157119484
370 4.799154592904018
371 5.344129480473313
372 4.5645890562593046
373 6.775670753036415
374 6.009724465974061
375 5.919968937376232
376 8.186771742963444
377 8.14325552699523
378 4.9356332259330715
379 5.950561328153098
380 5.221214490035122
381 6.956961860629448
382 6.318684012587848
383 5.579736179417481
384 6.205836897047017
385 7.3523693481918535
386 6.126974979609686
387 2.903994931094942
388 5.118611110018663
389 5.216709554547603
390 4.953608441506266
391 5.513139590678077
392 5.0376570606297255
393 5.376161870446302
394 5.370397622033877
395 5.208064045774182
396 5.690104853276699
397 5.126085023735362
398 5.623018126274872
399 4.936721725818094
400 5.549529108208749
401 5.246940234735631
402 7.923746941511851
403 7.300571485298296
404 6.272987173353045
405 6.298872843843128
406 6.669686570546713
407 5.228124209847126
408 4.445273375653094
409 5.002237377662917
410 5.227597940897619
411 4.441135292314257
412 4.455871025318792
413 5.18654888586085
414 5.104462497374524
415 2.778482957987316
416 4.367038157451412
417 2.693611786245007
418 2.6664376398878975
419 2.6794841977036197
420 2.831944712948814
421 5.125687049295964
422 2.791342633997931
423 2.7583497902973764
424 2.9065312274236423
425 2.865828821932927
426 2.9800878244264424
427 2.6683149700935527
428 3.074342624040585
429 2.7173754139634956
430 3.0413773001372757
431 3.280421296970537
432 4.666728801058355
433 2.921220475901672
434 2.7760027332523083
435 2.7087648069916805
436 4.580923284725712
437 6.244360645157578
438 6.205592731238428
439 4.220115185052008
440 2.731002359055391
441 2.7889013988218485
442 2.766856277317639
443 2.9831303768367397
444 2.9162036025115925
445 2.810743677325436
446 2.654372161438618
447 2.8660097040850636
448 2.8614630863429467
449 4.605967154912228
450 2.808412979227751
451 3.0287669426378785
452 3.153063627590462
453 2.943491929636025
454 2.704476613130185
455 2.7679714443415513
456 5.3008419667012046
457 4.930178526687831
458 3.017870373134161
459 5.190776319365993
460 3.059371125530966
461 2.917705934073223
462 3.030820487304258
463 3.2359296131699393
464 5.033424823135721
465 2.7920331855966616
466 2.999451887114933
467 2.8012466330282675
468 2.856922216845015
469 2.88353214362927
470 4.443025370591007
471 2.9281991050806084
472 3.1792863193583187
473 2.8333725508831953
474 2.8194543422193012
475 3.0913851810404007
476 2.7784878653042657
477 2.7571440079110276
478 5.302397724499356
479 2.7679020051896037
480 2.8093363772288584
481 2.697525206049
482 5.370299383791734
483 4.75786464936492
484 2.881098347565951
485 5.396462100378196
486 4.645971781754005
487 4.8005552555584545
488 5.020353364847881
489 2.918060259406793
490 5.218057009543034
491 2.6845986414154646
492 4.537185660871848
493 5.142211378455488
494 2.757786199095546
495 2.9539196753915897
496 5.228403905109892
497 5.153804212608394
498 5.121382117134801
499 2.6272238888870256
500 4.868129393592363
501 5.653359252091136
502 5.335837316605965
503 2.882663405484383
504 2.786899097618094
505 2.864978577026854
506 2.8583409936272988
507 4.769125904442916
508 5.082837369381924
509 4.985934203003594
510 5.311960031849571
511 4.9128603786945
512 4.501433953866999
513 4.899807863616913
514 6.868533647055381
515 6.577863936849771
516 5.192876369855127
517 5.75331344189488
518 3.015666635111375
519 6.200848074940838
520 4.6513927466805365
521 4.521040987489736
522 4.628726103350315
523 4.350180899651081
524 2.879389838341887
525 5.2197917441689
526 5.037276278786454
527 5.296744546365053
528 6.225325153535203
529 5.36043739020987
530 6.109879074346985
531 5.072848290675288
532 2.759229025205586
533 4.944289458676897
534 2.7505924824416974
535 2.8740518312516716
536 5.855724472919359
537 4.369138919906757
538 2.9016230334676836
539 5.643544992619717
