0 3.7852972357614876
1 3.219127211321943
2 3.2289611749761598
3 3.002758368850549
4 2.7733217227892064
5 2.815917319501655
6 2.7918124348677136
7 2.8343570901299864
8 2.6266555143925268
9 2.714190264973764
10 2.8305261109407147
11 2.8015543627854984
12 2.7001121771036387
13 2.896491832777913
14 2.73716632200916
15 4.41483327307659
16 2.8434776385620193
17 5.295509147253278
18 2.880975170463371
19 2.858767419048718
20 3.1169720662959977
21 3.093317868580172
22 2.7325398225398527
23 2.745627624826973
24 3.012768500657275
25 2.814645205087612
26 2.7774103682190177
27 2.6147871905798623
28 2.58304361680774
29 2.8688899632917795
30 2.9692674377122517
31 2.991570055411303
32 2.8732159135254327
33 5.458489907134668
34 2.775035938173719
35 2.7471610362298424
36 4.600855863861818
37 2.8932930267034087
38 2.8640589467862623
39 5.385985539309708
40 4.2013540599988
41 2.6807335419611253
42 2.9793960528640624
43 2.8427503257459903
44 2.9183986676770437
45 2.8335250222160697
46 2.843788147717832
47 2.9435666133162175
48 2.662483857975909
49 2.757157274029264
50 3.314761202125978
51 3.9724986390021564
52 2.9843091011379537
53 3.0580032860861825
54 4.942485967871103
55 2.747095862160212
56 2.6800532701868387
57 2.742183731994298
58 3.2292725411169916
59 2.757499457858842
60 3.2380840057821705
61 5.185255591093435
62 4.4568768213971
63 2.680024533525215
64 2.8669261335783722
65 3.4026072350228955
66 4.553788303749996
67 3.6987100954525474
68 4.347871703585285
69 4.039252639043079
70 5.787492243369438
71 6.992542534357137
72 7.851522145864283
73 4.919978838733413
74 2.7415057527968356
75 3.6206564192441886
76 5.117696064220872
77 2.738345090063839
78 5.899160169080063
79 6.121800038294049
80 5.200109081382014
81 5.821690316745348
82 4.594682086410853
83 4.66755338949984
84 6.926131206103908
85 6.467072432557786
86 4.44240323297292
87 5.013962111208023
88 4.542413802400539
89 4.657176453989217
90 6.117243644586798
91 4.765623950566141
92 5.560699134667461
93 5.910879154140987
94 7.331703907071817
95 6.980829667850841
96 6.781316653416227
97 5.22297488622505
98 5.9002961455051555
99 4.252718362495077
100 5.359136932513891
101 2.76967103275502
102 2.9290940183744967
103 2.7013541713166207
104 4.313154562130165
105 4.087385927997261
106 4.728748363872636
107 4.482351153286365
108 3.7360340792680202
109 5.626177288999522
110 4.384738766341732
111 4.630819950341055
112 4.872005194401471
113 3.3634787021680963
114 4.88376856972707
115 4.958557658182203
116 3.9278251747504607
117 4.62687101850378
118 4.964225807430913
119 4.220693954349303
120 5.1988184567510185
121 4.603970896340254
122 4.535432487382427
123 5.576299855875946
124 5.519654259425998
125 6.1731052115745655
126 6.744362012505719
127 5.619704678240295
128 5.811725705783192
129 6.422804277890785
130 5.485654124507827
131 2.9221841083219346
132 5.078206682506091
133 5.1514218918002515
134 4.290958181574241
135 4.4282566473030975
136 3.7666641742684592
137 3.5412236180989014
138 4.2768999512297885
139 3.935369504662936
140 4.225890143488594
141 5.178702963097616
142 5.17137198751542
143 3.656404431339398
144 10.072837857687208
145 4.9337389600936365
146 4.656511912183283
147 4.557656059027914
148 4.986169839393182
149 4.651161964279646
150 5.777340382321791
151 6.31594121647593
152 2.7974022806963452
153 2.8205840732114162
154 5.321778594848899
155 7.571626347604025
156 5.575279308750423
157 3.7300185904446814
158 4.716871875676766
159 3.36038605389703
160 4.818321219258799
161 6.537030088900863
162 4.946102632375988
163 6.1981391335500975
164 6.538682908429755
165 7.868543321852868
166 7.367687011686395
167 4.585816054503733
168 4.297119297113435
169 5.85764741112493
170 5.263518877360818
171 4.08368299435858
172 2.920802057976768
173 2.7419401088799957
174 4.4394517935780975
175 4.661061302105031
176 3.0294614113710234
177 4.383748359490899
178 4.4825062850342015
179 4.054429165412679
180 4.616434406500183
181 4.123406131431909
182 4.255557960495177
183 4.208361466164627
184 3.7966590359011554
185 4.326855138377955
186 4.22374838499555
187 3.8889097793685092
188 3.6412073328402474
189 5.707804639723676
190 4.619822598172618
191 5.835191799739455
192 6.030174145301282
193 5.998311258370726
194 4.626360734075483
195 5.232447347253893
196 4.233356395218207
197 4.94183025385163
198 4.376449745235427
199 5.491462095436916
200 5.086362334296565
201 2.857714132735834
202 3.3111046844447
203 3.8228299996541186
204 4.560559609280052
205 3.2016000163280047
206 5.683595680648652
207 2.8119652967863416
208 4.328492084561009
209 5.623864597643051
210 3.997608910891738
211 5.2518290956005815
212 4.331814997311988
213 5.783460697277952
214 4.367058963075356
215 3.813519362182191
216 4.859845200549003
217 4.965486835138025
218 4.668189326163324
219 6.024574262291733
220 4.108356376550674
221 4.067080007971695
222 7.253107380809812
223 7.436020196073809
224 7.776395961782709
225 4.542400446250322
226 7.668624389937998
227 5.470013118297508
228 5.196155689509842
229 7.204572139369862
230 4.311551071967574
231 5.759179433106695
232 5.078799123646815
233 4.2804682228680075
234 2.7720638480329014
235 5.23970101448619
236 4.705456279358344
237 4.790705805493754
238 3.81202992697222
239 4.4477609321747735
240 4.654030588618015
241 4.604397488404862
242 4.339325143181084
243 3.629068849409116
244 5.877393720730787
245 4.562345343312438
246 4.95806279732518
247 4.383994235952257
248 4.4473337487352325
249 4.494937820595473
250 4.805105563317782
251 4.141918116430084
252 5.037786641469912
253 3.8205574288010293
254 4.399014002526038
255 4.682642426852939
256 4.7555648255893495
257 4.3857800076113325
258 2.8078013882272064
259 5.298801804391466
260 2.6174100253576187
261 2.778521520648286
262 2.7913096334006378
263 4.544870140927609
264 4.667148167711089
265 2.9449793696535957
266 5.0475109157470515
267 7.205738548783847
268 7.189530527899047
269 5.622028140740122
270 8.171500577646015
271 11.076655095839135
272 9.614725070708596
273 7.33034182275162
274 7.94001625727841
275 8.456067687193595
276 8.106453388199505
277 8.622056672524488
278 8.496209957833857
279 11.40003818783911
280 7.302432551081204
281 7.382196898117008
282 7.770497432193391
283 7.217278221506497
284 5.783634558095073
285 8.643418638590061
286 6.733256410564379
287 8.285106984722558
288 7.856550132624903
289 7.347554148533161
290 7.711467396490088
291 8.537067395707945
292 7.254603816146625
293 7.460684215233234
294 9.152492107761717
295 7.467057867297023
296 6.86202061146707
297 6.849318852794048
298 6.487451386017198
299 7.75948657193208
300 7.374219225987478
301 7.546215060539676
302 6.603845629819031
303 8.288508958531086
304 9.383389426156766
305 7.527882559116643
306 7.167121436568495
307 6.605003723500934
308 7.129286309205738
309 7.006119030647124
310 8.18364291511992
311 5.453924880983311
312 4.770828815682969
313 2.784371206413813
314 2.7900641853593564
315 2.8581645257038746
316 2.8289385674928424
317 6.999528507542821
318 5.148414728873238
319 4.419953530887881
320 5.302611028778292
321 6.2311816999698095
322 4.76545096956128
323 5.090804934187572
324 5.473402693584272
325 5.0867906053570575
326 6.015985951371965
327 2.8082015568417202
328 4.916699462566474
329 5.511850404000858
330 3.379563162476813
331 4.478585077003759
332 4.495145860938436
333 2.7517185211599746
334 6.857710175230778
335 6.42699904403418
336 4.771653853647206
337 6.374249708969559
338 5.02892277890958
339 4.126037325551947
340 2.6017807835218707
341 3.2591652232284383
342 2.7811058851083748
343 2.7288484206391592
344 2.77506040766964
345 3.9488405448877923
346 2.8533763150101388
347 4.782840808591833
348 5.62510220753442
349 5.160307286480202
350 5.5483481874419365
351 2.779737665733018
352 5.244054992458323
353 2.7908086202027604
354 5.411915522589244
355 2.6523361618951355
356 5.012854220437009
357 5.284824785121034
358 5.317379750820882
359 3.3690382372033896
360 3.0552847185252863
361 2.8178799246425186
362 5.275790176979483
363 2.64563657671256
364 2.7746575230893162
365 2.9400967100691435
366 5.1134776702336255
367 3.984133614867688
368 4.6589116291532715
369 4.5488466062399935
370 2.756916569519555
371 5.561266253563696
372 5.378595862206926
373 6.07802538205887
374 6.529477799228055
375 3.979480654044973
376 5.695259147163514
377 5.981351567660849
378 5.084308946192065
379 5.986616633588133
380 4.814211695504834
381 3.2556245774935846
382 4.42557982161674
383 5.146617767918538
384 6.374474986578215
385 5.70589446345081
386 2.6667429636317372
387 2.7699920215873464
388 2.9946785954356248
389 3.782180515123551
390 5.475648403024361
391 3.1992193086684098
392 2.769817560584905
393 3.3494473674002934
394 3.5691379089702573
395 2.870831145917896
396 3.635116317015765
397 2.9654446157748398
398 2.5856634507248666
399 4.449267862533594
400 4.688857660071636
401 6.633773298163787
402 2.824839117851621
403 2.719959978280985
404 2.945344364780633
405 3.5641864935539815
406 3.817965134817284
407 3.9826122656005385
408 3.8624684193474343
409 3.433111427253145
410 4.251316246879808
411 3.98642614226072
412 4.7171914251597595
413 4.956409529053162
414 4.661700016329076
415 4.65190505988298
416 4.159288575985112
417 4.460034552743238
418 4.633020396419955
419 4.086574666363692
420 4.646755360660301
421 3.3861672379088565
422 4.687442810112149
423 4.537488425030575
424 4.110538144601324
425 4.473677049704293
426 4.738578124541045
427 4.252019072383819
428 4.032237047109868
429 4.177090668390891
430 2.864419353568378
431 4.6118505195723385
432 4.161671809109076
433 3.965703331742876
434 5.1987114453112255
435 2.6679568699764267
436 5.484809656074401
437 5.108120688406802
438 2.983388106236348
439 5.194563922802556
440 4.442298024424442
441 3.649720579516588
442 4.986041584690648
443 3.8906776830297223
444 4.2879490606543165
445 4.912175824398101
446 4.783558677712561
447 4.9732508298348135
448 4.700533969911628
449 4.739345715116203
450 3.271400221865559
451 3.503205604750223
452 4.68200795615037
453 4.926642663367907
454 3.874797305505126
455 5.000735220352101
456 4.3935007083433515
457 2.704994120196826
458 3.715360404325874
459 2.795869598938314
460 2.9177534027315217
461 4.316879880731192
462 4.079090425862783
463 4.632240660830947
464 4.560055827154881
465 4.027915303253357
466 5.115968585346827
467 3.75838586985993
468 4.55789309113056
469 3.9488991277060967
470 3.4733063896172967
471 3.916926396023025
472 3.8581270211096492
473 4.736015870107029
474 4.587861733484746
475 4.987001813115364
476 3.8483187612158116
477 4.514358649699895
478 4.175419264035976
479 4.19866301182283
480 4.581879254657055
481 2.779113092236362
482 4.235786610138367
483 3.4075875828250313
484 2.917382435109239
485 3.4335247444596537
486 3.01152542138896
487 2.7259084949016965
488 2.799607872345279
489 7.766470206484343
490 4.057696664258353
491 2.6785149951667466
492 4.731590906778288
493 3.1605035116390057
494 2.9686092269464313
495 4.6191032814648265
496 3.8633058251557815
497 3.341288775883406
498 3.665816312941303
499 2.784789649023452
500 3.69541561116498
501 2.979822737987353
502 2.722172348958178
503 5.018344456657679
504 3.676677172028696
505 4.8072907309783215
506 4.7148647473533245
507 3.0578771468046524
508 2.792349818790393
509 2.842301413273094
510 3.502618215231284
511 2.7946501107816633
512 4.216025345655887
513 2.6510706083680744
514 4.730741493850366
515 4.53010692308155
516 5.909771061642233
517 5.069264942780333
518 4.33491795710342
519 5.128305115176764
520 4.032004320226827
521 5.5788552227472294
522 4.891065022709592
523 3.745428890046816
524 4.125889742588262
525 5.873845886069222
526 3.05330709796879
527 2.712143198439108
528 4.002028219471795
529 4.084630678782043
530 5.342579874063902
531 4.96637764824987
532 4.652084890174031
533 4.117403838097433
534 3.5853974549207437
535 5.72598467099876
536 4.167414911021765
537 5.242531261807293
538 4.10011277629037
539 3.8275488663715613
