0 3.1546455908924735
1 2.8891169007771835
2 3.005129260510635
3 2.846792928128233
4 2.7740920540811245
5 2.576112611464003
6 2.6838332014221606
7 2.6023210692707037
8 2.6266386547703395
9 2.7050161814386313
10 2.5779986884462103
11 2.6060277699271928
12 2.7327257840907304
13 2.5539738717704217
14 2.5943786830362265
15 2.7588253431260736
16 2.5095985060594006
17 2.6259531931775575
18 2.7575934871565777
19 2.4801843474461807
20 2.805460481884457
21 2.60504810334117
22 2.7802955033235763
23 2.630574229340139
24 2.7437018030321187
25 2.691087435150772
26 2.734028489113031
27 2.6126875866445896
28 2.6734088551010684
29 2.7131627050531217
30 2.6043943442745876
31 2.6724542824791904
32 2.5663743981719622
33 2.5814788669776987
34 2.6604875425824797
35 2.6241873354219405
36 2.5925027162083527
37 2.5910635802169923
38 2.612311299361068
39 2.625872720715895
40 2.7279925902467608
41 2.5856098094640743
42 2.6164390438403613
43 2.7752864892103304
44 2.530943733813009
45 2.663843921866609
46 2.69034953727356
47 2.6730073724876133
48 2.712204919152055
49 2.578368782974531
50 2.6462155227789306
51 2.724357586457789
52 2.732302705262928
53 2.6547321749674766
54 2.652837638214638
55 2.680302904092435
56 2.9464239030719432
57 2.532106182903733
58 2.727557349513975
59 2.4649174548063835
60 2.5692938398915723
61 2.4945521186998802
62 2.6513455254432348
63 2.7257680565843727
64 2.8029325130682143
65 2.801382093726349
66 2.5429613074635222
67 2.5609304034396874
68 2.5942712267656702
69 2.8125339983666726
70 2.640742554481879
71 2.763185997313628
72 2.7037317295741325
73 2.663428545672145
74 2.746103560956419
75 2.681037043750474
76 2.856406740118314
77 2.5622179242170824
78 2.5898764073169143
79 2.7252403599097073
80 2.5749916166374844
81 2.681426501175699
82 2.69405509796761
83 2.7153448915473386
84 2.486079191045974
85 2.635794239765504
86 2.6854651012494526
87 2.5535362693748347
88 2.934059006499878
89 2.764955860771221
90 2.806827959783662
91 2.660799415208802
92 2.6730410729718157
93 2.583975304789178
94 2.498118123045896
95 2.644054858452658
96 2.7275497596827933
97 2.594593719689111
98 2.6490971216533747
99 2.597821966437777
100 2.7311379194708865
101 2.7376228249418935
102 2.56672282234602
103 2.681722588195721
104 2.6904891213446276
105 2.611540681754214
106 2.6090505255760226
107 2.740789879743826
108 2.6402029338475286
109 2.711208376773833
110 3.6845995024958333
111 2.744878236837977
112 2.7295146324118833
113 2.7613031850777205
114 2.6169641889648694
115 2.5899257158026954
116 2.5732947111544595
117 3.047015237096082
118 2.83805600865956
119 2.7937842447536876
120 2.5798336606565244
121 2.630803463064404
122 2.784158515723846
123 2.730886692055852
124 2.6609136917273153
125 2.733279474455679
126 2.7367838905639914
127 2.677273945907726
128 2.593142951418804
129 2.721589910485
130 2.674385309871616
131 2.7630804003498297
132 2.717555193527306
133 2.751654206331615
134 2.814643553290355
135 2.730697872971635
136 2.7353690127017516
137 2.8634134922692325
138 2.575995750533628
139 2.6914336152718112
140 2.6550242901679835
141 2.549935730728987
142 2.6757620174903938
143 2.534558073596394
144 2.6785368835773458
145 2.5929396974199794
146 2.5356810552246234
147 2.83783528783247
148 2.562543610667729
149 2.549089615662559
150 2.575312946800198
151 2.66263033066927
152 2.5724935828564766
153 2.6405725227889487
154 2.8040796710206397
155 2.592237934201634
156 2.7502888955142275
157 2.567675903058822
158 2.7155214732482067
159 2.628653182692389
160 2.5753998603520327
161 2.593275094269843
162 2.5979660259970405
163 2.7115803971898673
164 2.7447184173354904
165 2.6023357701389327
166 2.625209026081652
167 2.5591457615942996
168 2.782508178609395
169 2.7701586074301434
170 2.645365047573329
171 2.792656044994294
172 2.602665787821787
173 2.570922804368001
174 2.574221748207562
175 2.679903457468236
176 2.742880644682721
177 2.7156734785999253
178 2.5811888577835442
179 2.656056826024539
180 2.639796436626407
181 2.516817302561369
182 2.637811210746933
183 2.598827703499607
184 2.763492614534336
185 2.598166147968984
186 2.5174651928616663
187 2.5298334360095915
188 2.6087870603584298
189 2.6869943624068515
190 2.645227122195458
191 2.5380883042495332
192 2.598835289054743
193 2.676510806360324
194 2.5623278828997846
195 2.7863702728409425
196 2.6162965194519767
197 2.5308350691956565
198 2.6588516842474004
199 2.6264822980554228
200 2.638161018401096
201 2.6273915431165142
202 2.5911087527773997
203 2.631256924336493
204 2.59652960463342
205 2.7224936123781407
206 2.704441972286413
207 2.624405746915391
208 2.760972824639841
209 2.5633008274359694
210 2.6074626900802187
211 2.598330705703686
212 2.6862033587490073
213 2.5403490392039725
214 2.547334545534045
215 2.6687705065880425
216 2.68202831261144
217 2.5276126033632536
218 2.6050117365251366
219 2.5276114845772963
220 2.573817572589286
221 2.6317956584671873
222 2.6011636659974355
223 2.630148034017595
224 2.6674695105820163
225 2.740257712014891
226 2.747519190735822
227 2.5993179564086817
228 2.6306991287993884
229 2.761881533736924
230 2.7976520032194703
231 2.726791372486804
232 2.863481086375054
233 2.7715275603638654
234 2.6228221432383303
235 2.7312856561562717
236 2.6260165335772467
237 2.637626723484686
238 2.6744584193824816
239 2.7021628954558485
240 6.417038322720809
241 5.6534856826714455
242 6.492299503687614
243 2.6293470051240764
244 2.772311742451597
245 5.986430786196119
246 2.7912221012759093
247 2.7246343703703606
248 2.7081835900884
249 2.711928950143988
250 2.7681650180001034
251 2.7214982962153256
252 2.6528619174190067
253 5.03600833499084
254 5.477266333366463
255 3.1840082290811904
256 5.474257804390517
257 6.739144892910838
258 5.984491047594764
259 6.37274498525776
260 4.996867657169326
261 2.6005780519425596
262 4.9984840142737434
263 2.9844480528228665
264 3.02968256381691
265 2.6058093736021477
266 2.7467969215637975
267 2.754262412225555
268 2.737492817210198
269 2.8387479766879755
270 5.1407834948462146
271 7.22392121951783
272 6.766084143153263
273 8.926906264072
274 11.080040870618317
275 9.471828473950263
276 9.83988778157877
277 8.037024600470428
278 7.129288325802154
279 7.504251989280562
280 8.740608540939531
281 8.030400808075074
282 8.613653051019472
283 7.609511044631201
284 5.596885011736231
285 7.486931507036007
286 8.279723721648427
287 7.55337389625468
288 6.324871832253215
289 6.661750105701464
290 7.421430415920731
291 7.507937846693549
292 3.439121124354725
293 9.375253643694828
294 6.411137726828729
295 6.871516819027439
296 5.938083755858061
297 3.890957122473079
298 8.294347428187251
299 8.937394286637181
300 10.039629018177706
301 12.313055634096484
302 7.097707839793324
303 7.332023544163752
304 6.7210989838627135
305 7.688803549341419
306 6.422869973189619
307 6.554131494048979
308 6.69396503515021
309 7.943274811010142
310 8.394914015579806
311 7.019365685400899
312 9.352123457754702
313 8.365579863781926
314 11.166712594126498
315 8.193709246277264
316 8.49459069532292
317 8.260058200226556
318 7.5296352177472725
319 4.366550841122469
320 8.6170783940213
321 10.855105923284674
322 9.005480843957685
323 5.662506043888253
324 9.979834910291947
325 11.055069053051882
326 12.720811802918428
327 13.364045336985642
328 12.579454423305158
329 11.017548139737833
330 8.593819203211584
331 10.984287025654291
332 7.595190301782918
333 7.115661223818209
334 9.43533802651059
335 12.003873374285524
336 13.45815356254189
337 12.591207297820347
338 13.1040120845244
339 14.025732644177973
340 14.468208084366083
341 13.206192497509134
342 12.957203157655863
343 14.297778477207544
344 14.603710986736978
345 14.227315030624597
346 13.821933839869065
347 13.420462831973998
348 13.73831311749989
349 13.795131808911192
350 13.828485733528042
351 13.279626613741474
352 15.409496745959178
353 13.296569822406576
354 14.483752728117137
355 12.763190335038475
356 13.26125195676187
357 13.230851950941544
358 13.165886477948478
359 14.123722771726918
360 13.553460726256292
361 12.64915528318418
362 12.892832754883006
363 12.45779195056456
364 12.801132072227846
365 13.863881438705484
366 12.498356279287107
367 13.390172982442923
368 13.681043182555783
369 13.668077518903445
370 11.979223732868071
371 12.615519855362164
372 13.924629949435213
373 10.799873013867375
374 13.523317787921313
375 10.254900100904596
376 6.980475740331239
377 12.568395989645769
378 11.029945867721063
379 11.942979294858484
380 10.346921427682704
381 12.105504404053763
382 11.092730420674577
383 11.046355086610394
384 10.800333445767132
385 10.41264539850266
386 10.16642266463658
387 11.270156559807367
388 10.802489590343372
389 10.434688276676017
390 10.768891225574931
391 10.29083935394981
392 10.683625116694126
393 11.812024990624595
394 12.185288608297082
395 13.046442814216215
396 11.384136747688109
397 11.617337636508218
398 11.172125455286839
399 10.860055291894607
400 12.670285828758155
401 12.085538359120546
402 11.84383871428458
403 10.895587910359783
404 13.678140545284528
405 10.570106096222673
406 9.95203749874988
407 10.473526938162829
408 9.476345157860273
409 10.796175068621759
410 12.311074999825344
411 10.742334539331832
412 11.122474064698004
413 10.111476765889977
414 10.711401354009679
415 10.281498909972111
416 11.97950408121214
417 10.596671748139528
418 11.022812193847301
419 11.295783680336234
420 11.920325059793687
421 10.571910312945164
422 11.61724511840248
423 12.685051068478534
424 11.184899399163598
425 12.119536030584298
426 10.583465588530249
427 11.440536138200715
428 10.999378297621641
429 9.953461009914301
430 10.626307457955106
431 11.74747941765336
432 10.681523965237934
433 12.127595151349485
434 9.826866048469396
435 11.022694599146488
436 12.939328798860764
437 10.758857951053182
438 10.777424464159255
439 9.604059098626525
440 10.169195683671607
441 10.39088475894216
442 11.793472833890512
443 10.668203739485227
444 10.445292955578475
445 11.261654592849801
446 10.198416133691873
447 10.521457392622247
448 10.020013451787149
449 9.757404678131469
450 10.586185629031162
451 11.535657450726916
452 9.9624243807159
453 9.985300773491295
454 9.708905218848981
455 10.116397397774668
456 9.630089344544805
457 9.846793712866944
458 10.514888467718034
459 10.841336379626721
460 10.632740631140532
461 10.247423419514256
462 11.012386586491974
463 10.331804554197289
464 10.045192120891597
465 10.474757234162253
466 11.009997891354196
467 9.931514577002138
468 10.231044256563857
469 10.513941688454844
470 9.824119283778778
471 10.271579661855542
472 10.81088594120771
473 10.918093988735519
474 10.498003356369502
475 11.049819478072562
476 10.515446918664493
477 11.051903993781265
478 10.29867480938999
479 9.513929737957133
480 9.73475934294643
481 9.90426417066086
482 10.61738411611031
483 9.96597456796081
484 10.150712840388714
485 10.327847929486508
486 10.87122644106716
487 11.103688987229942
488 10.757448621468933
489 9.859631750187457
490 9.47124120568441
491 9.66420655921859
492 10.362141164010538
493 10.012065256755973
494 10.774333062150372
495 10.539766407542718
496 10.175043082899107
497 10.841438862487756
498 11.11580151013492
499 10.638832700398332
500 10.772205415853922
501 11.083713505335234
502 10.317501935413487
503 11.099150654951623
504 10.541434094400454
505 11.060143067401865
506 10.5664214782524
507 9.780595797363727
508 11.459419628607757
509 10.554495772261653
510 11.13852196700712
511 9.95436370277718
512 11.254985173360474
513 10.366497173074338
514 10.009846280093573
515 10.93773544811426
516 10.622146675053633
517 10.62836039968945
518 10.395986118308567
519 12.686266349359176
520 11.162863899390196
521 9.972627284448443
522 11.246766063899793
523 11.840158486999327
524 10.170054567963138
525 10.669854178613722
526 10.689775370670263
527 10.745207011314077
528 12.628110430867677
529 11.187000163092383
530 10.965458433720473
531 10.620263867875963
532 11.002944429094732
533 10.31702702189111
534 10.749215067681806
535 10.504096224484563
536 10.54522154764242
537 11.619999217915472
538 11.34527657034693
539 10.638011580526545
