0 15.426629147633488
1 15.63020330295434
2 15.716134140007306
3 15.837702412537572
4 16.664111356229643
5 16.52812535383415
6 16.517865387677933
7 16.653173267879957
8 16.131422495957697
9 16.173928590928625
10 16.58029144108322
11 17.275423820178343
12 17.201411205983803
13 17.99705137061981
14 17.29121044404385
15 14.868425569822804
16 17.324262286624275
17 14.781206753968185
18 16.469837912375944
19 16.36095481298163
20 16.707070625733447
21 16.978410508345203
22 16.809833148365126
23 16.332999738579783
24 17.171606090326456
25 16.081005432671574
26 16.47966340535248
27 16.828424574461838
28 16.70736445208739
29 16.499234305856923
30 16.44798075281646
31 17.252542461771643
32 16.130144190773148
33 17.497022816223843
34 16.0369261966426
35 16.946004606327328
36 14.493778450883806
37 16.32427465158699
38 16.12422971265274
39 16.695714986127534
40 16.714731524403305
41 18.610837157607026
42 18.16426913213181
43 19.877986111270733
44 16.706859331278466
45 17.040364235306853
46 17.078213009559274
47 17.12256738076835
48 16.88147015496067
49 16.15385385398256
50 15.79713599615966
51 16.792324343713823
52 16.929313248507903
53 15.843369469734727
54 16.352492762269424
55 17.28446898623033
56 17.75519525256739
57 15.068241752664568
58 17.504455667743372
59 17.706957104498436
60 16.15825146181529
61 16.999566071352106
62 16.081043277024747
63 15.079338664392978
64 16.990171035907927
65 17.63022509655017
66 16.624257868146245
67 17.8304721400853
68 14.424629809774668
69 15.294993591059969
70 15.713491840161828
71 17.339091293178562
72 15.409903540385733
73 17.017681347683943
74 17.406208491440914
75 18.281069207621744
76 16.825231090768813
77 18.161904320454333
78 16.97588330086851
79 16.54114772563224
80 15.18633352886776
81 16.188170218060165
82 18.39256537896022
83 18.26418035458376
84 17.59235336225644
85 18.71354829768746
86 17.819768905811546
87 15.413268880989113
88 15.404022512020292
89 15.185887042929256
90 12.699757302759561
91 16.296111571422017
92 15.58360033862685
93 15.350458885740272
94 14.370761098017613
95 14.794549688138568
96 14.812395858521382
97 16.044877841634587
98 14.480303810476004
99 17.075929005720667
100 16.826915920843124
101 18.662034429618846
102 17.166812850948652
103 16.898941294780485
104 14.506074498689829
105 16.515911335411516
106 16.168843583862856
107 17.171564537118957
108 17.467332728820782
109 16.92785797343305
110 14.3691959372203
111 16.516489838138572
112 17.698326597951763
113 18.360557048664255
114 16.918475280501518
115 16.517722771674613
116 15.556438785904085
117 15.52238890436229
118 13.933693212280756
119 14.528418119499444
120 13.923563279657191
121 14.262079191972726
122 16.907069588834638
123 14.8430341637726
124 14.988754328708545
125 16.442630379609064
126 15.164005384061406
127 16.25517750572456
128 14.353409781462323
129 14.110428970837186
130 17.191839457125262
131 18.74038825713849
132 15.04294580312017
133 13.33075573560084
134 13.791755565647541
135 15.57893485572716
136 14.224730405885083
137 17.282329115835836
138 15.52265604172189
139 14.387840511595257
140 15.893084517803983
141 13.17549481487538
142 14.904260149868097
143 15.398854939191823
144 11.823017324403855
145 16.17014036639336
146 11.035276642662804
147 14.307172792817706
148 13.485580423396542
149 13.813490906284642
150 15.109559073308242
151 14.508780366199261
152 15.94503274159608
153 17.242077792193708
154 14.977207557487294
155 15.638821184489922
156 17.48307131020197
157 17.563387413408304
158 15.588990866617063
159 16.40716638345248
160 14.683712566708524
161 12.867391576496177
162 15.184272952370064
163 15.013823380526565
164 14.85541007292996
165 12.688820400342411
166 15.249947600314075
167 15.917174001232004
168 16.874286874039342
169 15.544999203274964
170 15.854971407422925
171 16.343506000814827
172 16.443126129986386
173 16.26079890818525
174 15.555510077073844
175 15.286247342270016
176 17.6289962409019
177 13.970626667166961
178 13.86846985311479
179 13.465841108770604
180 14.614465057090033
181 14.812892970043258
182 14.46015814405572
183 15.437031043978001
184 15.191008185449979
185 14.814979983548037
186 15.238630169245308
187 14.716342213048696
188 18.236029257614693
189 13.647762922950962
190 15.105331801230024
191 13.705090244080823
192 12.815838451393638
193 12.664159772397152
194 16.042415059909615
195 13.386460010578537
196 13.319811280580572
197 15.299109092779135
198 13.128501055402335
199 14.544275281956
200 13.131016482265542
201 15.377185293398126
202 17.33271975117891
203 17.076403630977328
204 16.460172875435305
205 18.16228275033155
206 14.771386876916734
207 18.1431286425117
208 15.920766085098581
209 16.73168509856717
210 14.513999490394202
211 14.487915802189885
212 12.87303698390691
213 13.507853739842881
214 14.46485436210501
215 14.007672619030894
216 13.733152940118293
217 13.075424959269284
218 13.92349470879409
219 15.117716364741733
220 14.836977792701349
221 16.43602973404608
222 14.095835831712002
223 14.82222960028535
224 14.516342706455509
225 17.791436853194668
226 14.221910180832335
227 15.738432463974274
228 16.42988222574862
229 15.709952393632287
230 14.554318814808047
231 14.984753307096218
232 15.729948005611618
233 17.05108973702233
234 17.793355161146593
235 15.996844428218152
236 17.750259128695518
237 14.884001348190367
238 15.57216123647334
239 14.913852042135462
240 14.622326931918426
241 14.037339597829394
242 15.845755722444414
243 16.24679502199814
244 15.759419496547045
245 14.537465144610735
246 16.217672340038508
247 15.650747007150061
248 15.559887324778083
249 13.76459215231663
250 16.302671901411003
251 16.919722735695853
252 16.926507063216164
253 17.149478713068554
254 17.027142130152573
255 18.099035445411186
256 16.68986837847326
257 15.296295529240556
258 15.894059713283871
259 17.344074125975464
260 18.686819282203977
261 17.149377927549516
262 16.246201948134445
263 18.442771713491215
264 16.800208012716997
265 18.93837400027206
266 16.766036435050175
267 16.303317794419694
268 17.279253212638416
269 19.85277934443268
270 16.74468533175694
271 17.99817580102912
272 19.006212182115263
273 18.889329036779003
274 20.154222233628232
275 19.060689371010763
276 19.296852115489006
277 18.571801480493395
278 18.832683602177514
279 17.41576055756439
280 19.824627093329397
281 18.12759888135709
282 19.320138919559177
283 20.007794304478573
284 18.801918855934918
285 17.610730014364783
286 18.737056252449147
287 18.973949614826395
288 18.648011519267353
289 18.313769578162727
290 17.79213246532528
291 20.429746198885926
292 18.07913051231181
293 19.50198360346954
294 18.11168596089434
295 19.718485074168285
296 17.167471610078188
297 18.858181627661263
298 19.49514358624427
299 18.892186595683444
300 17.19740405985786
301 19.777729293142976
302 19.491226933278707
303 18.259622558897966
304 19.304671351194678
305 19.333215125713046
306 17.812279318069397
307 18.731961564834723
308 18.579295869990705
309 20.247436034345892
310 21.668212303525152
311 20.098974648473824
312 21.746066923176382
313 19.44666241215155
314 21.843519581324863
315 20.869474490626086
316 19.473943796137572
317 16.27491474291272
318 18.15239607107753
319 20.22117871430874
320 20.4359990462782
321 18.99285258296029
322 19.153260537691732
323 17.67461264789395
324 16.99415346830037
325 18.767213854662316
326 17.610816089563702
327 19.352940442114217
328 19.228924421795995
329 17.255070031268545
330 19.152342434488585
331 18.245392143394184
332 19.992886442658918
333 20.546776967602497
334 18.607935880239875
335 18.621227165344116
336 21.34240981480179
337 19.63024887004772
338 19.907307812360624
339 21.42802469820719
340 22.564349866359358
341 19.947418386117967
342 20.62487384490852
343 23.21350248319863
344 21.229229212854705
345 21.42013604695075
346 21.03465603927403
347 18.275753109894996
348 19.719366697547276
349 21.64420262811825
350 19.5339333686601
351 20.345116915034623
352 20.295450012653856
353 21.871497745139354
354 21.236748288701012
355 21.904299129223055
356 20.199118885039095
357 20.71215312447478
358 18.949443417050716
359 21.835639800096178
360 22.00863254355991
361 19.854668780175356
362 19.969594593584073
363 22.049071517456138
364 20.98843325804177
365 21.06869916727391
366 18.23487504631251
367 18.99775217569076
368 21.436690599430424
369 21.474823689856798
370 19.983187098741844
371 21.451386440846797
372 19.82784892379783
373 19.660823006538873
374 21.70765473593232
375 20.164515808438743
376 17.626813167161647
377 18.931314162622066
378 20.24385139477077
379 20.196609642583475
380 18.978933331347193
381 21.12978657442654
382 20.145586509274498
383 19.70906577130839
384 18.681825437868763
385 19.851916049969784
386 21.073719647119788
387 20.59373003778415
388 21.381865634188127
389 19.01533440606955
390 19.42108629788307
391 19.970989807757164
392 21.186009262759242
393 21.726432551406155
394 21.033473459468063
395 20.676329678986043
396 20.209583533503796
397 19.79468129275301
398 20.90025964365213
399 19.481704767972523
400 20.354613398722513
401 19.336718496626887
402 21.70168443446928
403 20.129090391112438
404 22.431020862448758
405 18.401130960809308
406 19.825808165765235
407 18.96790606932675
408 19.80574229429892
409 19.544891395199386
410 20.531121773567204
411 19.8993440095049
412 19.970293651907916
413 18.547274310699947
414 19.052316078764882
415 19.62977837333077
416 19.614271405876607
417 21.34227539733151
418 21.718137318658705
419 22.052973803053064
420 22.230336119200118
421 21.315278456368187
422 20.278409511333585
423 22.211291750060663
424 21.2886061669913
425 21.738903233998585
426 21.790451050182
427 22.357167630143888
428 20.35331410802299
429 20.423088474632134
430 21.70101339965677
431 21.849009872971795
432 20.14057722580045
433 22.922264620269832
434 21.418957824699003
435 21.10985585877533
436 21.479737749724986
437 19.1813927784198
438 21.10747882797373
439 18.31634766412654
440 19.612680268342242
441 18.65069747746883
442 19.265219647616906
443 19.210852489818315
444 19.41069290808982
445 21.375738244575146
446 19.47059102197865
447 20.56391326851666
448 20.874885492696286
449 19.300036725368415
450 21.253734147113885
451 22.368701046735772
452 19.86442669078104
453 19.467158167587712
454 18.001687425933994
455 18.535308087983676
456 17.18639283465174
457 18.26357828183322
458 19.735482631022187
459 20.49126119826653
460 18.537197798109776
461 19.107491581014973
462 21.19751639133403
463 19.524735304070212
464 18.547563190282563
465 19.490123562276015
466 19.904339372660964
467 19.150860056569226
468 18.458564461044773
469 19.780223174861142
470 18.162882771296324
471 20.09801703661635
472 19.028106290024198
473 18.898223358999953
474 19.44623679742703
475 21.58284870152325
476 20.78815920461277
477 20.241533456160997
478 18.41425379782406
479 20.853041732997244
480 18.65806306028392
481 20.214190129415524
482 18.09783650870665
483 18.507567499397535
484 19.932186819561515
485 20.39800155919872
486 20.82070375627519
487 22.249480005026307
488 22.721481783384796
489 18.34130438523929
490 17.976328505014788
491 20.080062874004305
492 19.601757135248146
493 19.457114810737384
494 20.134732693006168
495 19.587896656121206
496 20.809514882686916
497 20.819773630653614
498 18.96556531859005
499 20.279135285798645
500 20.076594264758906
501 21.49820221081228
502 19.94464328739171
503 19.485478312558367
504 18.78887941259337
505 19.411693008188603
506 19.15304187279246
507 19.665872741777445
508 21.187297276148442
509 19.842711410375475
510 18.070553744153354
511 20.36400311280426
512 20.139666925565464
513 19.338563971309554
514 17.13380745206412
515 18.117997538065804
516 17.60147442694926
517 18.25612553106677
518 20.002197878430948
519 21.247166620600183
520 20.437143928231126
521 17.155501580761964
522 18.68785746449015
523 18.761851550033278
524 18.22285912303962
525 17.58993690207519
526 19.251435777547393
527 19.707921870759048
528 20.56092823479069
529 20.373701071834386
530 17.653989537435685
531 18.635500922489566
532 18.26964612442729
533 17.82636338073674
534 18.362487574879378
535 20.35461740534545
536 16.487942187304867
537 19.01362354704038
538 18.68700708554348
539 19.205035296845576
