1 0.19613906741142273 0.05773887783288956 0.057738881558179855
2 0.5951762199401855 0.1190592348575592 0.1190592348575592
3 0.6567863821983337 0.1514957994222641 0.1514957994222641
4 0.7109565138816833 0.19894754886627197 0.19894754886627197
5 0.7997945547103882 0.28341904282569885 0.2834189832210541
6 0.8098786473274231 0.2632538378238678 0.2632538676261902
7 0.803454577922821 0.2716355621814728 0.2716355621814728
8 0.7748544812202454 0.2676858901977539 0.2676858603954315
9 0.80551677942276 0.26776590943336487 0.26776590943336487
10 0.9076522588729858 0.3410452902317047 0.3410453498363495
11 0.922085702419281 0.3167445659637451 0.31674450635910034
12 0.959620475769043 0.33586564660072327 0.3358656167984009
13 0.9393612742424011 0.33771052956581116 0.33771055936813354
14 0.9297387599945068 0.3282575309276581 0.32825756072998047
15 1.1167775392532349 0.45729950070381165 0.45729944109916687
16 1.199907660484314 0.4918062686920166 0.4918062686920166
17 1.2533133029937744 0.4949095845222473 0.4949095845222473
18 1.2135558128356934 0.46792328357696533 0.4679233729839325
19 1.2828962802886963 0.5049102902412415 0.5049103498458862
20 1.5962780714035034 0.8111190795898438 0.8111190795898438
21 1.958890676498413 1.1374075412750244 1.1374075412750244
22 1.8194310665130615 1.045916199684143 1.0459164381027222
23 1.9660682678222656 1.1997381448745728 1.1997381448745728
24 1.8919423818588257 1.12296462059021 1.12296462059021
25 1.8784147500991821 1.07956063747406 1.07956063747406
26 2.0701613426208496 1.2787587642669678 1.2787587642669678
27 2.0302343368530273 1.2076449394226074 1.207645058631897
28 1.9568417072296143 1.1637498140335083 1.1637498140335083
29 2.027440071105957 1.1723073720932007 1.1723073720932007
30 2.0146491527557373 1.2467412948608398 1.2467412948608398
31 2.2446389198303223 1.3655846118927002 1.3655846118927002
32 2.248612403869629 1.4920430183410645 1.4920434951782227
33 2.333858013153076 1.5961600542068481 1.5961600542068481
34 2.1986424922943115 1.3645892143249512 1.3645892143249512
35 2.340766429901123 1.6273415088653564 1.6273415088653564
36 2.2751424312591553 1.518741250038147 1.518741250038147
37 2.189580202102661 1.4811466932296753 1.4811466932296753
38 2.1611971855163574 1.3283308744430542 1.3283308744430542
39 2.2237980365753174 1.476205825805664 1.476205825805664
40 2.2802650928497314 1.5131773948669434 1.5131773948669434
41 2.3832476139068604 1.5369206666946411 1.5369207859039307
42 2.269038200378418 1.430776596069336 1.430776596069336
43 2.3078224658966064 1.5354182720184326 1.5354182720184326
44 2.3291664123535156 1.470363974571228 1.470363974571228
45 2.409180164337158 1.5431973934173584 1.5431976318359375
46 2.348783016204834 1.5616018772125244 1.5616017580032349
47 2.4691390991210938 1.6946886777877808 1.6946889162063599
48 2.359191656112671 1.590179681777954 1.5901799201965332
49 2.4939770698547363 1.7929455041885376 1.7929458618164063
50 2.4604594707489014 1.790920376777649 1.790920376777649
51 2.4401113986968994 1.7136179208755493 1.7136179208755493
52 2.307366132736206 1.5411295890808105 1.5411295890808105
53 2.3676397800445557 1.5150513648986816 1.5150514841079712
54 2.383061408996582 1.5811342000961304 1.5811340808868408
55 2.3134524822235107 1.5622495412826538 1.5622493028640747
56 2.381295919418335 1.59352445602417 1.5935242176055908
57 2.447871446609497 1.5735931396484375 1.5735931396484375
58 2.436103582382202 1.6275418996810913 1.6275418996810913
59 2.3368141651153564 1.442209005355835 1.4422088861465454
60 2.2527520656585693 1.4441862106323242 1.4441858530044556
61 2.3656818866729736 1.5936551094055176 1.5936551094055176
62 2.397066593170166 1.5978392362594604 1.5978392362594604
63 2.371035099029541 1.5745985507965088 1.5745985507965088
64 2.4459359645843506 1.6507388353347778 1.6507388353347778
65 2.4215002059936523 1.6249607801437378 1.6249607801437378
66 2.4850058555603027 1.7025372982025146 1.7025374174118042
67 2.3904459476470947 1.5571376085281372 1.5571376085281372
68 2.532235622406006 1.7107551097869873 1.7107551097869873
69 2.562072515487671 1.8378738164901733 1.8378738164901733
70 2.837441921234131 2.13700532913208 2.1370058059692383
71 2.7711236476898193 2.106757164001465 2.106757164001465
72 2.8123834133148193 2.0709195137023926 2.0709195137023926
73 2.7125751972198486 2.007016181945801 2.007016181945801
74 2.5842411518096924 1.8108370304107666 1.8108370304107666
75 2.772235870361328 2.0354928970336914 2.0354928970336914
76 2.625645160675049 1.9008232355117798 1.9008232355117798
77 2.690518856048584 2.0103366374969482 2.0103366374969482
78 2.644303798675537 1.9085637331008911 1.9085637331008911
79 2.637937545776367 1.917995810508728 1.9179956912994385
80 2.5824451446533203 1.8144983053207397 1.8144983053207397
81 2.7394185066223145 2.072787046432495 2.072787284851074
82 2.797696828842163 2.124490737915039 2.12449049949646
83 2.618539810180664 1.8636537790298462 1.8636537790298462
84 2.5302493572235107 1.8213684558868408 1.8213684558868408
85 2.7376716136932373 2.0629515647888184 2.0629513263702393
86 2.8079724311828613 2.138198137283325 2.138197898864746
87 2.8666441440582275 2.1716601848602295 2.1716601848602295
88 2.730725049972534 2.064479351043701 2.064479351043701
89 3.0270025730133057 2.2946627140045166 2.2946627140045166
90 2.7438437938690186 2.0354607105255127 2.0354607105255127
91 2.7654025554656982 1.9991347789764404 1.9991354942321777
92 2.7473440170288086 2.0258681774139404 2.0258681774139404
93 2.8939156532287598 2.2280566692352295 2.2280566692352295
94 2.815697193145752 2.1123178005218506 2.1123178005218506
95 2.8200161457061768 2.014923572540283 2.014923572540283
96 2.83905029296875 2.097047805786133 2.097047805786133
97 2.8963847160339355 2.096651554107666 2.096651792526245
98 2.7248611450195313 1.9310495853424072 1.9310494661331177
99 2.59246826171875 1.708025336265564 1.7080250978469849
100 2.7120754718780518 1.9329423904418945 1.932942509651184
101 2.6717758178710938 1.9154430627822876 1.9154430627822876
102 2.643296003341675 1.8382362127304077 1.8382362127304077
103 2.894326686859131 2.0754458904266357 2.075446128845215
104 2.9042279720306396 2.0335533618927 2.0335533618927
105 2.865455150604248 2.12003231048584 2.12003231048584
106 2.6806209087371826 1.8186564445495605 1.8186564445495605
107 2.842172145843506 1.953715443611145 1.9537153244018555
108 2.916903018951416 2.0628421306610107 2.06284236907959
109 2.770364761352539 1.8811135292053223 1.8811136484146118
110 2.6501996517181396 1.6663477420806885 1.6663473844528198
111 2.876608371734619 1.9299074411392212 1.9299074411392212
112 2.7924928665161133 1.90241539478302 1.90241539478302
113 2.767113447189331 1.9141231775283813 1.9141231775283813
114 2.7767324447631836 1.8668526411056519 1.8668526411056519
115 2.7093262672424316 1.8072599172592163 1.8072599172592163
116 2.820495367050171 1.9270281791687012 1.9270281791687012
117 2.804344892501831 1.8825174570083618 1.8825173377990723
118 2.7968294620513916 1.910398244857788 1.910398244857788
119 2.8503310680389404 2.09738826751709 2.0973880290985107
120 3.197579860687256 2.410139322280884 2.410139322280884
121 3.1530375480651855 2.3542587757110596 2.3542587757110596
122 3.1040656566619873 2.3009068965911865 2.3009068965911865
123 3.3039653301239014 2.5144639015197754 2.5144639015197754
124 3.1790976524353027 2.4263248443603516 2.4263246059417725
125 3.005830764770508 2.2135584354400635 2.2135584354400635
126 3.0451033115386963 2.294663906097412 2.294663906097412
127 3.1401498317718506 2.4742746353149414 2.4742746353149414
128 2.9160029888153076 2.203782081604004 2.203782081604004
129 3.121232509613037 2.4229345321655273 2.4229345321655273
130 3.211541175842285 2.4635584354400635 2.4635584354400635
131 3.032038688659668 2.196661949157715 2.196662187576294
132 3.016310214996338 2.253965377807617 2.2539656162261963
133 2.9806318283081055 2.237622022628784 2.237622022628784
134 2.986405611038208 2.2065589427948 2.2065589427948
135 2.9281599521636963 2.157454252243042 2.157454252243042
136 3.0384879112243652 2.2933461666107178 2.2933461666107178
137 3.180185556411743 2.4697539806365967 2.4697539806365967
138 3.0634822845458984 2.3191277980804443 2.3191277980804443
139 2.978508949279785 2.282712936401367 2.282712936401367
140 2.9797747135162354 2.297013998031616 2.2970142364501953
141 2.859731912612915 2.07346248626709 2.07346248626709
142 2.897599220275879 2.0166122913360596 2.0166122913360596
143 2.9918863773345947 2.2105720043182373 2.2105720043182373
144 3.0365426540374756 2.3105814456939697 2.310581684112549
145 2.830354690551758 2.073585271835327 2.073585271835327
146 2.790188789367676 2.0197019577026367 2.0197019577026367
147 2.6607859134674072 1.8697655200958252 1.8697655200958252
148 2.8101465702056885 2.0306646823883057 2.0306646823883057
149 2.7377405166625977 1.9269367456436157 1.9269367456436157
150 2.7185816764831543 1.8787199258804321 1.8787198066711426
151 2.8100621700286865 1.9660316705703735 1.966031551361084
152 2.7458512783050537 1.9300472736358643 1.9300472736358643
153 2.889033317565918 2.0779659748077393 2.0779659748077393
154 2.7427451610565186 1.9181971549987793 1.9181973934173584
155 2.7332262992858887 1.8930858373641968 1.8930858373641968
156 2.8122782707214355 2.0527029037475586 2.0527029037475586
157 2.817592144012451 2.0202927589416504 2.0202927589416504
158 2.7478058338165283 2.0495243072509766 2.0495243072509766
159 2.7340102195739746 1.9291846752166748 1.9291846752166748
160 2.7072501182556152 1.8992668390274048 1.8992668390274048
161 2.632798671722412 1.818638563156128 1.818638563156128
162 2.706843852996826 1.8356388807296753 1.8356388807296753
163 2.6867268085479736 1.8630496263504028 1.8630496263504028
164 2.736953020095825 1.9480311870574951 1.9480311870574951
165 2.8181357383728027 2.080779552459717 2.080779552459717
166 3.1816699504852295 2.5528526306152344 2.5528528690338135
167 2.8859524726867676 2.202495574951172 2.202495574951172
168 2.951977252960205 2.213575601577759 2.213575601577759
169 2.87190318107605 2.024718761444092 2.024718999862671
170 3.0149519443511963 2.2779712677001953 2.277971029281616
171 2.7264885902404785 1.970624566078186 1.970624566078186
172 2.9268038272857666 2.183573007583618 2.183572769165039
173 2.864417552947998 2.109365463256836 2.109365463256836
174 2.8590617179870605 2.1214492321014404 2.1214492321014404
175 2.9317381381988525 2.2612345218658447 2.2612342834472656
176 2.946277141571045 2.27998423576355 2.27998423576355
177 3.001459836959839 2.296894073486328 2.296894073486328
178 2.9495255947113037 2.15858793258667 2.15858793258667
179 2.9149889945983887 2.160550594329834 2.160550594329834
180 2.7726526260375977 1.9727238416671753 1.9727239608764648
181 2.8715569972991943 2.0273096561431885 2.0273096561431885
182 2.8264670372009277 1.9918290376663208 1.9918292760849
183 2.8199045658111572 2.05767560005188 2.05767560005188
184 2.7159886360168457 1.8632607460021973 1.8632607460021973
185 2.9708685874938965 2.227222442626953 2.227222442626953
186 2.913666248321533 2.1721858978271484 2.1721858978271484
187 2.914411783218384 2.178467273712158 2.178467273712158
188 3.0537564754486084 2.3353271484375 2.3353271484375
189 2.8978962898254395 2.0914151668548584 2.0914154052734375
190 3.0956437587738037 2.228461980819702 2.228461980819702
191 2.862255096435547 2.107088088989258 2.107088088989258
192 2.957659959793091 2.2473866939544678 2.2473866939544678
193 2.9109363555908203 2.1891849040985107 2.1891849040985107
194 2.8120667934417725 2.085902214050293 2.085902214050293
195 3.024898052215576 2.315592050552368 2.315592050552368
196 2.915827512741089 2.1576430797576904 2.1576430797576904
197 2.975315809249878 2.174962282180786 2.174962282180786
198 3.0240705013275146 2.2389769554138184 2.2389774322509766
199 3.1103720664978027 2.423924684524536 2.423924207687378
200 3.1184170246124268 2.4621214866638184 2.4621214866638184
201 2.8596155643463135 2.110077381134033 2.110077381134033
202 2.957735776901245 2.2371246814727783 2.2371246814727783
203 2.901228904724121 2.181779623031616 2.181779623031616
204 2.891779899597168 2.1751554012298584 2.1751554012298584
205 2.9625158309936523 2.1430976390838623 2.1430976390838623
206 2.6443090438842773 1.8418493270874023 1.8418493270874023
207 2.8097338676452637 2.1072652339935303 2.1072652339935303
208 2.753758668899536 1.8756380081176758 1.8756380081176758
209 2.789302110671997 2.027606725692749 2.027606725692749
210 2.8926644325256348 2.171825885772705 2.1718263626098633
211 2.7944960594177246 2.051199197769165 2.051199197769165
212 2.9521255493164063 2.2067534923553467 2.2067534923553467
213 2.7692387104034424 2.0318119525909424 2.0318119525909424
214 2.9394001960754395 2.148167133331299 2.148167133331299
215 3.0295629501342773 2.3272864818573 2.3272864818573
216 3.156663179397583 2.43354868888855 2.433549165725708
217 3.1137945652008057 2.4429380893707275 2.4429380893707275
218 2.9377193450927734 2.208094835281372 2.208094596862793
219 2.8703107833862305 2.0988850593566895 2.0988850593566895
220 2.8996808528900146 2.0842068195343018 2.0842068195343018
221 2.998323678970337 2.2294657230377197 2.2294657230377197
222 2.9639079570770264 2.252131223678589 2.252131223678589
223 3.0055477619171143 2.1521809101104736 2.1521809101104736
224 2.899780035018921 2.015434741973877 2.015434741973877
225 3.0314273834228516 2.2956290245056152 2.2956290245056152
226 3.0325028896331787 2.2157294750213623 2.2157294750213623
227 3.0671257972717285 2.2530460357666016 2.2530460357666016
228 3.0787436962127686 2.313662052154541 2.313662052154541
229 3.1448216438293457 2.2726824283599854 2.2726824283599854
230 3.0196690559387207 2.146209239959717 2.146209239959717
231 3.1252553462982178 2.327420473098755 2.327420473098755
232 3.2398393154144287 2.498917818069458 2.498917818069458
233 3.078289031982422 2.3232693672180176 2.3232693672180176
234 2.9974400997161865 2.1405141353607178 2.1405141353607178
235 2.9802911281585693 2.1448814868927 2.1448814868927
236 3.155775308609009 2.365180730819702 2.365180730819702
237 2.9475386142730713 2.1708052158355713 2.1708054542541504
238 3.260385751724243 2.5211446285247803 2.5211446285247803
239 3.0840694904327393 2.2837603092193604 2.2837603092193604
240 3.2489187717437744 2.512829065322876 2.512829065322876
241 3.27797794342041 2.5615828037261963 2.5615828037261963
242 3.2241406440734863 2.4430015087127686 2.4430015087127686
243 2.97818922996521 2.1390936374664307 2.1390936374664307
244 2.9558045864105225 2.090101957321167 2.090102434158325
245 3.015538454055786 2.2158327102661133 2.2158327102661133
246 3.1062841415405273 2.31319260597229 2.31319260597229
247 3.2215640544891357 2.368506669998169 2.368506669998169
248 3.2588188648223877 2.4391095638275146 2.4391098022460938
249 3.205512285232544 2.3595311641693115 2.3595311641693115
250 3.18812894821167 2.3923966884613037 2.3923966884613037
251 3.0564045906066895 2.211357593536377 2.211357593536377
252 3.141064167022705 2.3166933059692383 2.3166933059692383
253 3.0718023777008057 2.2862250804901123 2.2862250804901123
254 3.2037503719329834 2.4710261821746826 2.4710261821746826
255 3.5642313957214355 2.894373893737793 2.894373893737793
256 3.3847243785858154 2.6064648628234863 2.6064655780792236
257 3.4198994636535645 2.789106845855713 2.789106845855713
258 3.289416790008545 2.553177833557129 2.553177833557129
259 3.081981658935547 2.313011407852173 2.313011884689331
260 3.510864496231079 2.710921287536621 2.710921287536621
261 3.4889395236968994 2.772658348083496 2.772658348083496
262 3.422428846359253 2.6847586631774902 2.6847586631774902
263 3.551905393600464 2.9378502368927 2.9378502368927
264 3.4970831871032715 2.7911782264709473 2.7911782264709473
265 3.448758602142334 2.7890021800994873 2.7890021800994873
266 3.4559590816497803 2.7390875816345215 2.7390875816345215
267 3.5261595249176025 2.9104650020599365 2.9104650020599365
268 3.3200931549072266 2.58526611328125 2.58526611328125
269 3.510051727294922 2.7703630924224854 2.7703633308410645
270 3.38541841506958 2.711937427520752 2.711937427520752
271 3.640221118927002 2.97017765045166 2.97017765045166
272 3.6274664402008057 2.9062130451202393 2.90621280670166
273 3.5620949268341064 2.8285467624664307 2.8285467624664307
274 3.6246178150177 2.881277561187744 2.881277561187744
275 3.5628504753112793 2.835505485534668 2.835505485534668
276 3.255206346511841 2.5338096618652344 2.5338096618652344
277 3.304389476776123 2.6044504642486572 2.6044504642486572
278 3.4536452293395996 2.7879116535186768 2.787911891937256
279 3.318803071975708 2.5065925121307373 2.5065925121307373
280 3.2655203342437744 2.4550116062164307 2.4550116062164307
281 3.4394359588623047 2.6699323654174805 2.6699326038360596
282 3.4689764976501465 2.7273192405700684 2.7273192405700684
283 3.4285032749176025 2.7300400733947754 2.7300400733947754
284 3.3534021377563477 2.611021041870117 2.611020803451538
285 3.459819793701172 2.608912944793701 2.608912944793701
286 3.310560941696167 2.516598701477051 2.516598701477051
287 3.350994348526001 2.645408868789673 2.645408868789673
288 3.296204090118408 2.5077967643737793 2.5077967643737793
289 3.092926025390625 2.208189010620117 2.208189010620117
290 3.358633041381836 2.6269991397857666 2.6269991397857666
291 3.2595877647399902 2.5641086101531982 2.5641086101531982
292 3.371711492538452 2.7275023460388184 2.7275025844573975
293 3.313516616821289 2.6107983589172363 2.6107983589172363
294 3.2378997802734375 2.499821662902832 2.499821424484253
295 3.393664598464966 2.6837282180786133 2.6837284564971924
296 3.289273500442505 2.654710292816162 2.654710531234741
297 3.3430957794189453 2.6344871520996094 2.6344871520996094
298 3.1733558177948 2.3912551403045654 2.3912551403045654
299 3.248494863510132 2.576305389404297 2.576305627822876
300 3.367708206176758 2.5862879753112793 2.5862879753112793
301 3.29876971244812 2.526360273361206 2.526360273361206
302 3.3895046710968018 2.6033482551574707 2.6033482551574707
303 3.2793779373168945 2.454533576965332 2.454533576965332
304 3.419121742248535 2.618283987045288 2.618283987045288
305 3.2103052139282227 2.467132806777954 2.467132806777954
306 3.071321964263916 2.2435340881347656 2.2435340881347656
307 2.832867383956909 1.8948475122451782 1.8948472738265991
308 2.9524166584014893 2.089251756668091 2.089251756668091
309 2.794114589691162 1.9663171768188477 1.9663171768188477
310 2.9438533782958984 2.114152193069458 2.114152193069458
311 3.018496513366699 2.2465481758117676 2.2465484142303467
312 3.0301599502563477 2.187445640563965 2.187445878982544
313 3.177567481994629 2.298659324645996 2.298659324645996
314 3.0008561611175537 2.1845803260803223 2.1845803260803223
315 2.831334114074707 1.9726375341415405 1.972637414932251
316 3.084876298904419 2.2601287364959717 2.2601287364959717
317 3.33296275138855 2.516566038131714 2.516566038131714
318 3.1901533603668213 2.358809232711792 2.358809232711792
319 3.0535972118377686 2.203890562057495 2.203890562057495
320 3.234955310821533 2.50996994972229 2.50996994972229
321 3.0346078872680664 2.183520793914795 2.183520793914795
322 3.031322956085205 2.2691469192504883 2.2691469192504883
323 2.9604620933532715 2.2100493907928467 2.2100493907928467
324 3.1332881450653076 2.292843818664551 2.292843818664551
325 2.9311914443969727 2.0782663822174072 2.0782666206359863
326 3.044623374938965 2.2864530086517334 2.2864530086517334
327 2.928497076034546 2.191202163696289 2.191202163696289
328 2.9233083724975586 2.1238036155700684 2.1238036155700684
329 3.275465250015259 2.6263234615325928 2.626323938369751
330 3.1706552505493164 2.4305765628814697 2.4305765628814697
331 3.287869930267334 2.4929745197296143 2.4929745197296143
332 3.2026588916778564 2.4989168643951416 2.4989168643951416
333 2.9861183166503906 2.1787478923797607 2.1787478923797607
334 2.932281017303467 2.1875357627868652 2.187535524368286
335 2.9411003589630127 2.184281587600708 2.184281587600708
336 3.0048513412475586 2.2976458072662354 2.2976458072662354
337 2.995415687561035 2.254345655441284 2.254345417022705
338 3.2431387901306152 2.5692992210388184 2.5692992210388184
339 3.036914587020874 2.347508192062378 2.347508192062378
340 3.191007614135742 2.6291089057922363 2.6291089057922363
341 3.275296926498413 2.727828025817871 2.727828025817871
342 3.1525049209594727 2.4486119747161865 2.4486122131347656
343 3.3436622619628906 2.644547462463379 2.644547462463379
344 3.1997172832489014 2.5175211429595947 2.5175211429595947
345 3.382169008255005 2.6885554790496826 2.6885554790496826
346 3.2793755531311035 2.6359469890594482 2.6359469890594482
347 3.116562604904175 2.437685489654541 2.437685489654541
348 3.28170108795166 2.5083703994750977 2.5083706378936768
349 3.033085584640503 2.2496325969696045 2.2496325969696045
350 2.983931541442871 2.1884396076202393 2.1884396076202393
351 3.1137781143188477 2.3877930641174316 2.3877933025360107
352 3.1866016387939453 2.5159621238708496 2.5159621238708496
353 3.207716941833496 2.47306489944458 2.47306489944458
354 3.223358631134033 2.5108025074005127 2.5108025074005127
355 3.247377395629883 2.4671711921691895 2.4671711921691895
356 3.1712749004364014 2.4098563194274902 2.4098565578460693
357 3.1571319103240967 2.4179751873016357 2.417975425720215
358 3.2238059043884277 2.50836181640625 2.50836181640625
359 3.100048303604126 2.306577205657959 2.306577205657959
360 3.2830281257629395 2.5000596046447754 2.5000596046447754
361 3.293867349624634 2.5414576530456543 2.5414576530456543
362 3.0159809589385986 2.2289342880249023 2.2289342880249023
363 3.175762176513672 2.4684417247772217 2.4684417247772217
364 3.1412899494171143 2.471482515335083 2.471482515335083
365 3.2161142826080322 2.5038561820983887 2.5038561820983887
366 3.2182343006134033 2.423539638519287 2.423539638519287
367 3.391024112701416 2.636956214904785 2.636956214904785
368 3.2910306453704834 2.540208578109741 2.540208339691162
369 3.2001309394836426 2.434802532196045 2.434802532196045
370 3.018101215362549 2.233407497406006 2.233407497406006
371 3.2408790588378906 2.514789581298828 2.514789342880249
372 3.2695322036743164 2.5375466346740723 2.5375466346740723
373 3.116619825363159 2.337944746017456 2.337944269180298
374 3.1523709297180176 2.2923691272735596 2.2923696041107178
375 3.2267961502075195 2.319044351577759 2.319044351577759
376 3.1715171337127686 2.336393117904663 2.336393117904663
377 3.1572585105895996 2.3155808448791504 2.3155808448791504
378 3.1948342323303223 2.365269184112549 2.365269184112549
379 3.139113426208496 2.349931001663208 2.349931001663208
380 3.20231032371521 2.376392364501953 2.3763928413391113
381 3.048518657684326 2.242727756500244 2.242727756500244
382 3.1588845252990723 2.347590684890747 2.347590684890747
383 3.0989341735839844 2.2568745613098145 2.2568745613098145
384 3.2056422233581543 2.5069010257720947 2.5069010257720947
385 2.9817092418670654 2.1464147567749023 2.1464147567749023
386 3.0500383377075195 2.132596254348755 2.132596254348755
387 3.057429790496826 2.2419400215148926 2.2419400215148926
388 2.9429328441619873 2.0525827407836914 2.0525827407836914
389 3.0490453243255615 2.2891910076141357 2.2891907691955566
390 3.224498748779297 2.461724042892456 2.461724042892456
391 3.2815613746643066 2.5291802883148193 2.5291802883148193
392 3.202993154525757 2.4536380767822266 2.4536380767822266
393 3.1875152587890625 2.3715317249298096 2.3715319633483887
394 3.1937777996063232 2.3947949409484863 2.3947949409484863
395 3.1115689277648926 2.2509236335754395 2.2509236335754395
396 2.9691715240478516 2.1540639400482178 2.154064178466797
397 2.9874439239501953 2.185696601867676 2.185696601867676
398 2.935145616531372 2.076984405517578 2.076984405517578
399 3.1151483058929443 2.3622796535491943 2.3622794151306152
400 3.1213338375091553 2.3505325317382813 2.350532293319702
401 3.2209267616271973 2.525890827178955 2.525890350341797
402 3.113792896270752 2.4211623668670654 2.4211623668670654
403 3.024817705154419 2.222898483276367 2.222898483276367
404 2.922806978225708 2.1039347648620605 2.1039347648620605
405 2.853883981704712 2.0926334857940674 2.0926337242126465
406 3.0417587757110596 2.2778186798095703 2.2778186798095703
407 3.0002048015594482 2.1359825134277344 2.1359825134277344
408 3.0896518230438232 2.153928518295288 2.153928756713867
409 3.1450257301330566 2.388347625732422 2.388347625732422
410 3.102433919906616 2.272078275680542 2.272078275680542
411 3.08115816116333 2.2322194576263428 2.232219696044922
412 2.9474937915802 2.0234718322753906 2.0234718322753906
413 3.153515338897705 2.3293776512145996 2.3293776512145996
414 3.040189504623413 2.2004194259643555 2.2004194259643555
415 3.033168315887451 2.233071804046631 2.233071804046631
416 3.0974156856536865 2.2657179832458496 2.2657179832458496
417 3.000556230545044 2.1670281887054443 2.1670281887054443
418 2.9579503536224365 2.104140281677246 2.104140043258667
419 3.2257978916168213 2.41438889503479 2.41438889503479
420 3.1406073570251465 2.187574863433838 2.187574863433838
421 3.141618490219116 2.232151985168457 2.232151985168457
422 3.2431840896606445 2.2510311603546143 2.2510311603546143
423 3.2704925537109375 2.314936637878418 2.314936637878418
424 3.1724886894226074 2.2128076553344727 2.2128076553344727
425 3.1950864791870117 2.256157875061035 2.256157875061035
426 3.161263942718506 2.2772560119628906 2.2772560119628906
427 3.2860629558563232 2.3716657161712646 2.3716657161712646
428 3.2607288360595703 2.318507432937622 2.318507194519043
429 3.224135398864746 2.3182156085968018 2.318215847015381
430 3.401223659515381 2.503321886062622 2.503321886062622
431 3.1340982913970947 2.1972923278808594 2.1972923278808594
432 3.0681047439575195 2.1479055881500244 2.1479055881500244
433 3.2342045307159424 2.322070598602295 2.322070598602295
434 3.2717695236206055 2.40571665763855 2.40571665763855
435 3.3721179962158203 2.5247833728790283 2.5247833728790283
436 3.151662588119507 2.319448471069336 2.319448471069336
437 3.138686180114746 2.262591600418091 2.262591600418091
438 3.0513274669647217 2.110649824142456 2.110649824142456
439 3.088263511657715 2.179292678833008 2.179292917251587
440 3.2672736644744873 2.397190570831299 2.397190570831299
441 3.121262550354004 2.2976841926574707 2.2976841926574707
442 3.3759071826934814 2.5160672664642334 2.5160672664642334
443 3.4305551052093506 2.5599114894866943 2.5599114894866943
444 3.2822799682617188 2.4315149784088135 2.4315149784088135
445 3.3042094707489014 2.4269931316375732 2.4269931316375732
446 3.2076416015625 2.3388314247131348 2.3388314247131348
447 3.1287713050842285 2.273731231689453 2.273731231689453
448 3.214509963989258 2.3744051456451416 2.3744051456451416
449 3.196882486343384 2.305523633956909 2.305523633956909
450 3.2969233989715576 2.434638738632202 2.434638500213623
451 3.25034761428833 2.390993356704712 2.390993356704712
452 3.416924476623535 2.6109776496887207 2.6109776496887207
453 3.238647699356079 2.3748667240142822 2.374866485595703
454 3.1564996242523193 2.2737443447113037 2.2737443447113037
455 3.239194393157959 2.431382417678833 2.431382417678833
456 3.310523748397827 2.3722939491271973 2.3722941875457764
457 3.3824849128723145 2.563051462173462 2.563051462173462
458 3.271219491958618 2.4067468643188477 2.4067468643188477
459 3.3585379123687744 2.5041699409484863 2.5041699409484863
460 3.3027994632720947 2.466453790664673 2.4664535522460938
461 3.2071692943573 2.3046681880950928 2.3046681880950928
462 3.1403141021728516 2.3154423236846924 2.3154423236846924
463 3.1253483295440674 2.2572317123413086 2.2572317123413086
464 3.069188356399536 2.308753490447998 2.308753490447998
465 3.067365884780884 2.3484420776367188 2.348442316055298
466 2.966953754425049 2.14034104347229 2.14034104347229
467 3.0235557556152344 2.1565749645233154 2.1565744876861572
468 3.0491909980773926 2.2546608448028564 2.2546606063842773
469 3.6090548038482666 2.908970355987549 2.908970355987549
470 3.117234230041504 2.2807400226593018 2.2807400226593018
471 3.0252089500427246 2.1500959396362305 2.1500959396362305
472 3.1126768589019775 2.272148609161377 2.272148609161377
473 3.154906749725342 2.3191192150115967 2.3191192150115967
474 3.183124542236328 2.3551645278930664 2.3551645278930664
475 3.085202932357788 2.2012429237365723 2.2012431621551514
476 3.1231350898742676 2.29707670211792 2.297076940536499
477 3.2381088733673096 2.3066227436065674 2.3066227436065674
478 3.0350987911224365 2.141954183578491 2.141953945159912
479 3.082486629486084 2.184570550918579 2.184570550918579
480 3.4676880836486816 2.653522253036499 2.653522253036499
481 3.5869460105895996 2.8329851627349854 2.8329851627349854
482 3.5309646129608154 2.7557311058044434 2.7557311058044434
483 3.3268306255340576 2.584508180618286 2.584508180618286
484 3.7926571369171143 3.077751874923706 3.077752113342285
485 3.814347505569458 3.1624598503112793 3.1624596118927
486 3.6837759017944336 2.9799516201019287 2.979951858520508
487 3.1456186771392822 2.2364501953125 2.2364501953125
488 3.319689989089966 2.460057020187378 2.460057020187378
489 3.6564056873321533 2.896481990814209 2.896481990814209
490 3.6649813652038574 2.9834976196289063 2.9834976196289063
491 3.7360568046569824 3.1265482902526855 3.1265482902526855
492 3.878728151321411 3.1854329109191895 3.1854329109191895
493 3.696641445159912 2.9350903034210205 2.9350903034210205
494 3.585331439971924 2.8217575550079346 2.8217575550079346
495 4.00528621673584 3.3181979656219482 3.3181979656219482
496 4.0117621421813965 3.347177505493164 3.347177505493164
497 3.929889678955078 3.322248935699463 3.322248935699463
498 3.5981900691986084 2.8674862384796143 2.8674862384796143
499 3.467710018157959 2.590027332305908 2.590027332305908
500 3.2773079872131348 2.3213045597076416 2.3213047981262207
501 3.3016152381896973 2.2929129600524902 2.2929129600524902
502 3.251166820526123 2.205869436264038 2.205869436264038
503 3.432455539703369 2.3839118480682373 2.3839118480682373
504 3.45933198928833 2.5408403873443604 2.5408401489257813
505 3.6930720806121826 2.899895191192627 2.899895191192627
506 4.205739974975586 3.5561091899871826 3.5561091899871826
507 3.7021267414093018 3.0258584022521973 3.0258586406707764
508 3.276401996612549 2.4811131954193115 2.4811134338378906
509 3.313715934753418 2.4536421298980713 2.4536421298980713
510 3.285783290863037 2.3677124977111816 2.3677124977111816
511 3.1305885314941406 2.1297192573547363 2.1297192573547363
512 3.105971336364746 2.14231538772583 2.14231538772583
513 3.2963967323303223 2.3174362182617188 2.3174362182617188
514 3.129223346710205 2.2098748683929443 2.2098748683929443
515 3.191126585006714 2.208454132080078 2.208453893661499
516 3.043935537338257 2.0386874675750732 2.0386874675750732
517 3.1525516510009766 2.1396334171295166 2.1396334171295166
518 3.505251407623291 2.584214925765991 2.584214925765991
519 3.2257957458496094 2.2521698474884033 2.2521700859069824
520 3.153024911880493 2.1611671447753906 2.1611671447753906
521 2.9327738285064697 1.9951823949813843 1.9951823949813843
522 3.2316415309906006 2.245094060897827 2.2450947761535645
523 3.2129781246185303 2.2752280235290527 2.2752277851104736
524 3.2528903484344482 2.3120319843292236 2.3120319843292236
525 3.1015729904174805 2.182532787322998 2.182533025741577
526 3.2789113521575928 2.269057273864746 2.269057273864746
527 3.3463692665100098 2.441560745239258 2.441560745239258
528 3.2646961212158203 2.289299964904785 2.289299964904785
529 3.174483299255371 2.2087764739990234 2.2087762355804443
530 3.1237242221832275 2.061654806137085 2.061654806137085
531 3.495678424835205 2.700251579284668 2.700251817703247
532 3.2309224605560303 2.2796781063079834 2.2796781063079834
533 3.0607683658599854 2.0485990047454834 2.0485990047454834
534 3.0506951808929443 2.0004799365997314 2.0004799365997314
535 3.4432778358459473 2.6261274814605713 2.6261274814605713
536 3.547807216644287 2.7137367725372314 2.7137367725372314
537 3.4905812740325928 2.6690642833709717 2.6690642833709717
538 3.5487258434295654 2.75809383392334 2.75809383392334
539 3.636904001235962 2.876270055770874 2.876270055770874
540 3.739403009414673 2.9429478645324707 2.9429478645324707
541 3.861053705215454 3.153731107711792 3.153731107711792
542 3.5990395545959473 2.81569766998291 2.81569766998291
543 3.4021010398864746 2.6319003105163574 2.6319003105163574
544 3.3542065620422363 2.531303882598877 2.531303882598877
545 3.3659183979034424 2.4772896766662598 2.4772896766662598
546 3.315646171569824 2.3715341091156006 2.3715341091156006
547 3.246551036834717 2.247973680496216 2.247973680496216
548 3.3752660751342773 2.528075933456421 2.528075933456421
549 3.6392860412597656 2.811920166015625 2.811920166015625
550 3.7262401580810547 3.018864870071411 3.018864870071411
551 3.4864096641540527 2.6105432510375977 2.6105432510375977
552 3.524188280105591 2.7076454162597656 2.7076456546783447
553 3.6450891494750977 2.799105644226074 2.799105644226074
554 3.8031604290008545 3.071761131286621 3.071761131286621
555 3.6564064025878906 2.90348744392395 2.90348744392395
556 3.3693416118621826 2.5111472606658936 2.5111470222473145
557 3.858508348464966 3.0852925777435303 3.0852925777435303
558 3.46878719329834 2.5573782920837402 2.5573782920837402
559 3.4620168209075928 2.5292675495147705 2.5292675495147705
560 3.51189923286438 2.5714309215545654 2.5714311599731445
561 3.4433629512786865 2.548804998397827 2.548804998397827
562 3.506845474243164 2.6280064582824707 2.62800669670105
563 3.6600050926208496 2.750528573989868 2.750528573989868
564 3.5662574768066406 2.6474032402038574 2.6474032402038574
565 3.7941110134124756 2.9371817111968994 2.9371817111968994
566 4.154572010040283 3.5054690837860107 3.5054690837860107
567 3.601510763168335 2.732089042663574 2.7320892810821533
568 3.126112699508667 2.0776455402374268 2.0776455402374268
569 3.1242728233337402 1.9532772302627563 1.953277349472046
570 3.3851189613342285 2.5364983081817627 2.5364980697631836
571 3.537086248397827 2.744020938873291 2.744021415710449
