5 	 8.032875061035156
6 	 5.845078468322754
7 	 3.95481538772583
8 	 2.3380846977233887
9 	 1.5332926511764526
10 	 1.2619792222976685
11 	 1.0409207344055176
12 	 1.5326366424560547
13 	 1.6666167974472046
14 	 1.6895636320114136
15 	 1.2408607006072998
16 	 1.0303409099578857
17 	 0.7110326886177063
18 	 0.6849098205566406
19 	 0.5966972708702087
20 	 0.6517051458358765
21 	 0.7338055968284607
22 	 0.9166544079780579
23 	 1.045349359512329
24 	 1.2185251712799072
25 	 1.1383092403411865
26 	 1.2728519439697266
27 	 1.480703353881836
28 	 1.2722914218902588
29 	 1.1676043272018433
30 	 0.9242667555809021
31 	 0.9037225842475891
32 	 1.0061120986938477
33 	 0.8829431533813477
34 	 0.7088562846183777
35 	 0.8514550924301147
36 	 1.0269025564193726
37 	 0.9651123881340027
38 	 0.7275693416595459
39 	 0.7827467322349548
40 	 0.9614652991294861
41 	 0.9056761264801025
42 	 0.7827042937278748
43 	 0.9673946499824524
44 	 1.1604557037353516
45 	 1.1057583093643188
46 	 1.0912086963653564
47 	 0.9144502878189087
48 	 0.9185163378715515
49 	 0.8294504284858704
50 	 0.8008910417556763
51 	 0.759182333946228
52 	 0.8490755558013916
53 	 0.9738512635231018
54 	 1.116237759590149
55 	 1.174710750579834
56 	 1.2129913568496704
57 	 1.406698226928711
58 	 1.355588674545288
59 	 1.2173124551773071
60 	 1.023974061012268
61 	 1.1390209197998047
62 	 1.222451090812683
63 	 1.028082251548767
64 	 0.891064465045929
65 	 1.210482120513916
66 	 1.4508211612701416
67 	 2.1278510093688965
68 	 1.692137598991394
69 	 1.445389747619629
70 	 1.3899457454681396
71 	 1.7844595909118652
72 	 1.1338422298431396
73 	 1.0754897594451904
74 	 0.6970186829566956
75 	 0.5625078082084656
76 	 0.5395079851150513
77 	 0.55225670337677
78 	 0.6964617371559143
79 	 0.8850141167640686
80 	 1.895641565322876
81 	 0.9979078769683838
82 	 0.9134813547134399
83 	 0.8176221251487732
84 	 0.7393975853919983
85 	 0.7585358023643494
86 	 0.8078373074531555
87 	 0.7665817737579346
88 	 0.7563154101371765
89 	 0.816476583480835
90 	 0.8319897055625916
91 	 0.8338800072669983
92 	 0.9365140199661255
93 	 1.17207670211792
94 	 1.227393388748169
95 	 1.3796172142028809
96 	 1.2048097848892212
97 	 1.0056493282318115
98 	 1.0865044593811035
99 	 1.080020546913147
100 	 0.98055100440979
101 	 1.0643199682235718
102 	 1.016798734664917
103 	 0.7407099604606628
104 	 0.6204522252082825
105 	 0.5486646294593811
106 	 0.5866608619689941
107 	 0.5902937650680542
108 	 0.5912526249885559
109 	 0.7746828198432922
110 	 0.9979894757270813
111 	 1.8915141820907593
112 	 1.637783408164978
113 	 1.094978928565979
114 	 0.8008678555488586
115 	 0.677245020866394
116 	 0.6507219672203064
117 	 0.6835789084434509
118 	 0.7661093473434448
119 	 0.8419497013092041
120 	 0.87105792760849
121 	 0.9099445939064026
122 	 1.0395680665969849
123 	 1.1093065738677979
124 	 1.1653125286102295
125 	 1.3608754873275757
126 	 1.2954707145690918
127 	 1.4330666065216064
128 	 1.2832989692687988
129 	 1.2339539527893066
130 	 1.5106183290481567
131 	 1.1409432888031006
132 	 1.018083930015564
133 	 1.01268470287323
134 	 0.8429877758026123
135 	 0.7231943011283875
136 	 0.7989649772644043
137 	 0.8019391298294067
138 	 0.6796453595161438
139 	 0.6493480205535889
140 	 0.7592743039131165
141 	 0.7585328221321106
142 	 0.7296662330627441
143 	 0.8184586763381958
144 	 0.9466784000396729
145 	 0.9360353350639343
146 	 1.1595393419265747
147 	 0.8420634269714355
148 	 0.8232740163803101
149 	 0.7347874045372009
150 	 0.6688690185546875
151 	 0.6782901883125305
152 	 0.6643694043159485
153 	 0.6602073311805725
154 	 0.6702565550804138
155 	 0.6080223917961121
156 	 0.6483126282691956
157 	 0.7302857637405396
158 	 0.8971086144447327
159 	 1.4679481983184814
160 	 2.2133893966674805
161 	 1.9565626382827759
162 	 1.1870009899139404
163 	 0.8174499273300171
164 	 0.7058185338973999
165 	 0.6502477526664734
166 	 0.6705985069274902
167 	 0.6128262877464294
168 	 0.5995538234710693
169 	 0.5261667966842651
170 	 0.5437932014465332
171 	 0.48211678862571716
172 	 0.5405963659286499
173 	 0.6047321557998657
174 	 0.6940598487854004
175 	 0.629976749420166
176 	 0.6520159244537354
177 	 0.7241261005401611
178 	 0.7570878267288208
179 	 0.7983353734016418
180 	 0.906078577041626
181 	 0.9766606092453003
182 	 1.1210824251174927
183 	 1.3436663150787354
184 	 1.4526422023773193
185 	 1.5374348163604736
186 	 1.9899094104766846
187 	 2.142216205596924
188 	 2.1713156700134277
189 	 1.951796293258667
190 	 1.7922009229660034
191 	 1.3834530115127563
192 	 1.1991310119628906
193 	 1.3885021209716797
194 	 1.3608732223510742
195 	 1.0687710046768188
196 	 1.039608359336853
197 	 1.240689992904663
198 	 1.1431704759597778
199 	 0.926470160484314
200 	 0.9798787832260132
201 	 1.1399646997451782
202 	 1.1127033233642578
203 	 0.957914412021637
204 	 0.9461647272109985
205 	 0.7069979310035706
206 	 0.5984780788421631
207 	 0.625352680683136
208 	 0.6112762093544006
209 	 0.5690547823905945
210 	 0.49213647842407227
211 	 0.5284361243247986
212 	 0.5513433814048767
213 	 0.6154439449310303
214 	 0.8308451771736145
215 	 0.9392991662025452
216 	 1.2095413208007813
217 	 1.7018332481384277
218 	 1.87412691116333
219 	 2.3587074279785156
220 	 3.27500319480896
221 	 3.652214527130127
222 	 3.855304718017578
223 	 4.795208930969238
224 	 4.89849328994751
225 	 4.669454097747803
226 	 5.017865180969238
227 	 4.950242519378662
228 	 3.7449092864990234
229 	 3.157663345336914
230 	 2.2397260665893555
231 	 1.6904815435409546
232 	 1.4951335191726685
233 	 1.4330936670303345
234 	 1.1777406930923462
235 	 0.9606960415840149
236 	 1.584234595298767
237 	 1.7316879034042358
238 	 1.1440786123275757
239 	 1.0750079154968262
240 	 1.1043652296066284
241 	 0.9921992421150208
242 	 1.1602216958999634
243 	 0.9615799784660339
244 	 0.88177490234375
245 	 0.8657827377319336
246 	 1.0610582828521729
247 	 1.163901925086975
248 	 1.0004278421401978
249 	 0.749782919883728
250 	 0.7011327743530273
251 	 0.6897434592247009
252 	 0.7029187679290771
253 	 0.9026468396186829
254 	 0.8144263029098511
255 	 0.704748809337616
256 	 0.6360625624656677
257 	 0.5242233872413635
258 	 0.5284794569015503
259 	 0.5421233177185059
260 	 0.48065707087516785
261 	 0.5415403246879578
262 	 0.6164860725402832
263 	 0.663152277469635
264 	 0.6458957195281982
265 	 0.6913659572601318
266 	 0.8690379858016968
267 	 0.7289235591888428
268 	 0.824320375919342
269 	 0.9561129212379456
270 	 1.0794636011123657
271 	 1.1777853965759277
272 	 0.8784308433532715
273 	 0.8914194703102112
274 	 0.9321861863136292
275 	 1.5023726224899292
276 	 2.32853364944458
277 	 2.2162668704986572
278 	 3.461934804916382
279 	 3.855517864227295
280 	 3.1368048191070557
281 	 2.5350184440612793
282 	 2.3396949768066406
283 	 1.7997015714645386
284 	 1.0340884923934937
285 	 0.8203076124191284
286 	 0.6657385230064392
287 	 0.5568457841873169
288 	 0.544581413269043
289 	 0.5280462503433228
290 	 0.5463516712188721
291 	 0.6332558989524841
292 	 0.7034798264503479
293 	 0.8657733798027039
294 	 0.7616439461708069
295 	 0.8272498846054077
296 	 0.8476687073707581
297 	 0.9348661303520203
298 	 0.8543190360069275
299 	 0.8116663098335266
300 	 0.8789722919464111
301 	 0.8791443705558777
302 	 0.8681308627128601
303 	 1.0032455921173096
304 	 1.0791473388671875
305 	 0.9402599334716797
306 	 0.9217004776000977
307 	 0.9675208926200867
308 	 1.002110481262207
309 	 0.9527988433837891
310 	 0.9800775051116943
311 	 0.9382702112197876
312 	 1.125849962234497
313 	 1.2616989612579346
314 	 1.2553417682647705
315 	 1.304674744606018
316 	 1.046080231666565
317 	 0.8952826261520386
318 	 0.739881157875061
319 	 0.6776005625724792
320 	 0.6433971524238586
321 	 0.6435272097587585
322 	 0.6637191772460938
323 	 0.7125417590141296
324 	 0.6644540429115295
325 	 0.7118745446205139
326 	 0.567535400390625
327 	 0.5130321383476257
328 	 0.4751194417476654
329 	 0.4620794653892517
330 	 0.5508304238319397
331 	 0.6406449675559998
332 	 0.7935950756072998
333 	 1.1326426267623901
334 	 1.1839433908462524
335 	 0.8571783900260925
336 	 0.7377477884292603
337 	 0.7039932608604431
338 	 0.6282745599746704
339 	 0.6213297843933105
340 	 0.6060666441917419
341 	 0.6851195693016052
342 	 1.243938684463501
343 	 0.9017007350921631
344 	 0.7992714643478394
345 	 0.8175157308578491
346 	 0.7877411842346191
347 	 0.7730013728141785
348 	 0.7510533928871155
349 	 0.6189521551132202
350 	 0.5429506301879883
351 	 0.5266266465187073
352 	 0.5926356911659241
353 	 0.6187241673469543
354 	 0.6561749577522278
355 	 0.6686424016952515
356 	 0.8292739987373352
357 	 0.8259492516517639
358 	 0.850820779800415
359 	 0.9405049085617065
360 	 0.6875540614128113
361 	 0.6453353762626648
362 	 0.7539999485015869
363 	 1.2014174461364746
364 	 1.8996434211730957
