0 10.047817556240938
1 10.090415851938895
2 9.798138066708324
3 9.518495943242383
4 10.087797955184755
5 10.07311586956455
6 10.03986109463485
7 10.041918263091071
8 9.567272779899003
9 10.013819781767031
10 10.23300543775599
11 9.479809860998182
12 9.842965247281764
13 9.535494425880804
14 9.367856786527692
15 9.457147192273995
16 9.733160971986669
17 8.694794078145707
18 8.586549869737183
19 8.314322233164765
20 8.038636427194215
21 12.17757227687901
22 8.897695476926119
23 9.32562875038497
24 11.403123495006842
25 10.514868160246875
26 9.969136980226482
27 10.911495994622658
28 10.568818735666408
29 8.760733551327702
30 10.660090083747209
31 10.132203815564262
32 9.072449662919317
33 11.44575970477113
34 9.625710906529669
35 10.99512169631133
36 10.039883727214747
37 10.722295499476159
38 9.94888258546837
39 10.419047560780996
40 10.467517676864853
41 10.122385343589363
42 8.548100373728913
43 9.235737761545435
44 10.927488574751262
45 10.296725023983967
46 9.088310325629264
47 11.084447423458355
48 10.15768302081168
49 10.878596184800836
50 9.821250710168481
51 8.07725068679138
52 9.586993036750435
53 8.794754483332285
54 10.363707873837935
55 11.348717270038856
56 10.229504454120004
57 11.799323656832156
58 9.917259083010252
59 11.36483680398748
60 11.325726429873578
61 11.232133424767701
62 10.783563428639836
63 10.074386816224942
64 11.25757326213873
65 11.813568330417723
66 11.761741762713335
67 11.947666427344364
68 10.473605387592452
69 11.511966300520891
70 9.151939724256556
71 8.439403299183974
72 9.626074917158093
73 11.67778338724501
74 10.806929484943113
75 9.467707422287894
76 11.25618284603607
77 10.96865923697486
78 11.844093527570744
79 10.924799893004712
80 11.26569694054872
81 11.19941631428048
82 10.01983755605303
83 10.597876899608666
84 11.038415447264356
85 10.310710821307753
86 10.569311529417453
87 12.300942019564955
88 12.001996764491798
89 11.882462486630976
90 11.210378360831868
91 11.575520650265572
92 11.65090117901206
93 9.91698150649451
94 9.90884708128967
95 11.07736037329455
96 11.34091979692829
97 10.97828553123257
98 9.73733899143773
99 11.17119423350286
100 10.764890521668287
101 10.490833669255437
102 10.534143345968888
103 10.360696873988589
104 7.846248317378895
105 10.040144625398083
106 9.494011904755364
107 11.454519968525908
108 11.147948272375498
109 9.371754634895945
110 9.712202404728737
111 10.373074298378075
112 13.679624610062163
113 11.860486813117133
114 12.592035606714711
115 11.91484795470208
116 11.082199132454965
117 12.473286726499197
118 11.857870571835662
119 11.593146119665592
120 12.054436400468997
121 11.899083610648535
122 10.99324478248913
123 12.243808314582475
124 12.68537542714074
125 11.898986155808137
126 10.193645225770693
127 11.446203315032863
128 11.065040404877001
129 11.651640737536825
130 10.917728895257211
131 10.46541831054296
132 10.252617740746505
133 9.95974248651609
134 11.821251813012804
135 11.847668971822692
136 12.695649487148543
137 12.285611905830589
138 12.908314958700384
139 12.787490800605493
140 10.485935130549745
141 8.651027016221072
142 10.47450611590956
143 12.187506612291175
144 10.973028343031054
145 10.238684362752949
146 10.723467274960528
147 12.456097756561364
148 12.73146495888307
149 12.278974427693516
150 10.280535390902287
151 10.142394571817269
152 10.899480315641004
153 11.243890994823772
154 12.56642430190673
155 11.655826067352768
156 12.300286489825622
157 12.043765634543867
158 12.809470076151493
159 11.44165633303675
160 11.883578228786268
161 11.856891702398345
162 12.168578568347751
163 11.135723301783626
164 10.518379951427884
165 12.148516246168034
166 12.365258694840382
167 12.327704010979136
168 12.010213742489784
169 10.301785832178359
170 11.319313946886925
171 11.357131885679639
172 10.883400342078476
173 11.498029324279605
174 11.50134192056784
175 11.515950429446857
176 11.928550594473437
177 11.400829151159897
178 11.957319653243056
179 11.508528679308318
180 11.459002159004635
181 9.345231642044803
182 11.101408160221558
183 9.833469874396437
184 12.026302062166055
185 10.942235180509716
186 11.569241993729591
187 10.809008305681727
188 11.938804087955969
189 10.852967750590333
190 9.237414138342453
191 13.168380062094137
192 12.28433669640221
193 9.818193039384392
194 12.853613775111976
195 13.060859871413353
196 11.426284779332708
197 11.245274791179163
198 13.117417601264753
199 13.488097398669579
200 12.940382390330958
201 12.292917224026406
202 11.183979417533935
203 12.275703929669682
204 12.413866678028992
205 12.488106806277964
206 12.845780903328974
207 12.082457066410807
208 12.93722584223998
209 12.239597429290606
210 12.682228689277874
211 12.34529220770333
212 12.340749002098441
213 11.884976255480618
214 13.104322929513172
215 11.764444398997693
216 12.485999812073546
217 12.403912396315922
218 12.573130706185571
219 12.833371649693259
220 11.283418683985815
221 11.968429030293667
222 11.950079762636278
223 12.240624670539606
224 9.213595498363931
225 10.58260924064632
226 9.0190638017489
227 12.170414639436482
228 11.319557094204345
229 11.836128538422527
230 10.04023975063258
231 11.007125488357284
232 10.432346996881925
233 10.752323863927876
234 11.273399080239946
235 12.355796590219025
236 12.344460885539196
237 11.835376444699529
238 10.794804566594982
239 12.714774654835946
240 10.681781137587395
241 11.435295626622336
242 12.295242984807611
243 11.390584088661397
244 11.877514240444636
245 11.58728824048424
246 11.910826894112544
247 11.915093944683337
248 10.197221070473507
249 12.417185359760191
250 12.442537300722556
251 11.043466921729566
252 11.575535593150928
253 11.555110506358696
254 11.521975600794097
255 12.110411709092594
256 12.389534225271218
257 12.364520866757818
258 11.186874381318098
259 11.881006200095312
260 11.550966837620171
261 12.328217861104882
262 10.687489889442464
263 11.36629976141175
264 10.710465297455151
265 11.248143111185517
266 11.582568485242895
267 12.42459057683562
268 9.958508690649618
269 13.79198830366578
270 11.446008144541672
271 12.086091880827297
272 12.964170476162925
273 11.806664373858451
274 12.656680401029488
275 11.833974279504483
276 12.697055058246434
277 12.77470358459734
278 13.068830567185342
279 12.072561140231265
280 12.821888154564414
281 14.30720597988126
282 13.468485708515349
283 13.79719127753231
284 12.5851562585141
285 11.581724384991803
286 12.84579429412297
287 13.02636538732309
288 13.277685563462583
289 12.915749440849972
290 11.860075156910323
291 13.754920684722478
292 14.300215113992495
293 13.33636567497557
294 11.943421451446586
295 11.780660699643176
296 12.466343101295065
297 13.498021769068105
298 10.494188894754588
299 12.949445293932618
300 12.401183669351672
301 14.014268785380276
302 12.295282924522168
303 12.865608194156122
304 13.712398292599605
305 12.953395032329178
306 12.846879967564323
307 12.77979069996957
308 11.87243688054031
309 12.283739424413904
310 13.021946140348392
311 12.498281697604344
312 13.084240410890736
313 12.79062728068013
314 12.702622583297035
315 12.278067294916976
316 13.140196147401102
317 13.132190764715585
318 12.205764397523444
319 11.344672563081946
320 12.344887824878823
321 11.90234166510693
322 11.274392578897052
323 12.084817378980835
324 10.183474787871017
325 12.661500866008659
326 12.874034160200994
327 13.255011989019229
328 11.23356862067718
329 13.484543091160823
330 12.600800958263145
331 11.54331212357302
332 12.105154330190915
333 11.920360084397995
334 12.203105144332671
335 12.392219965970341
336 12.742471967667399
337 11.771356431221308
338 12.540879466438488
339 12.119155553388982
340 12.209228587202993
341 12.658869563877458
342 12.911463820600513
343 13.054228724156328
344 11.992017483495967
345 12.87527404656385
346 12.794095194372929
347 12.670701089794175
348 13.229839280693819
349 13.91380164331026
350 13.77450112800776
351 12.264933439515643
352 12.592956763570047
353 13.674912524349468
354 12.175909634840233
355 13.19624437779
356 12.590399854938331
357 12.745565010249786
358 13.92076893165517
359 14.013756724304658
360 13.278989949724382
361 12.884696127369192
362 12.591496230857132
363 13.417169145263724
364 13.511450854167718
365 13.742715418889711
366 14.002274839492335
367 13.42243846644329
368 13.591992535394692
369 12.917653132970607
370 11.686321499457458
371 12.76680655409021
372 11.929556950334785
373 12.079015788920284
374 13.359992469780098
375 12.273364773174745
376 14.188368085603816
377 14.11994670601439
378 14.010586117623717
379 13.9174692063665
380 14.329697738819483
381 14.190574963932436
382 13.478123711309534
383 12.312507955939903
384 14.205081425728158
385 13.705326037053114
386 12.979644236863642
387 11.699993052467114
388 14.617812600741805
389 14.006224857162822
390 11.430634755446906
391 13.768613265634782
392 12.660017227605092
393 12.200869383944951
394 12.500413442315493
395 15.36944918923178
396 13.26742880752265
397 9.223138346266174
398 11.736167484873155
399 11.50719138852349
400 11.107749943846855
401 11.586650174701184
402 11.145808801777264
403 11.881713288287287
404 12.145437037525891
405 11.840609452885825
406 12.425876058639481
407 12.33262448689243
408 12.564227082431922
409 13.511004259016593
410 13.5524524453727
411 12.80044577402262
412 13.981282987256597
413 12.4212535654702
414 11.900723489442044
415 11.816691206515761
416 12.415330332352463
417 11.76053631055591
418 11.34008091455991
419 11.69661611010413
420 12.183591808770995
421 11.955614749636238
422 10.685671062372856
423 11.227493389336443
424 11.328684792663962
425 10.628289044444712
426 12.07958927611571
427 10.807119011792985
428 11.903884463527913
429 11.762646208390752
430 9.796832845624202
431 11.118202088607442
432 10.667937664947122
433 10.51624606379511
434 10.306798303639257
435 12.406619576175496
436 9.718985853362183
437 11.156553193542305
438 10.614741455434102
439 10.373924592749281
440 11.238574486339303
441 10.756112690440423
442 10.92954020134725
443 11.269135984810495
444 11.385682127942536
445 11.54252287721202
446 10.361247220627135
447 10.612419439690774
448 11.745804902204277
449 10.475626331383522
450 10.496634208403918
451 9.92928049146316
452 10.335856598698427
453 10.99746388125794
454 10.006772391213612
455 10.569682608644365
456 10.753988034175014
457 9.34181816317792
458 11.028943811839609
459 10.124964632430427
460 9.901625606280502
461 11.140167650356057
462 11.14893247951165
463 11.943991059315412
464 12.07784847577275
465 12.123653558636848
466 10.122070264719243
467 10.51535139861785
468 10.867391165017244
469 11.315455500715675
470 10.862866066263868
471 10.117880058422221
472 7.252896125484274
473 7.400840501589248
474 12.379315800328067
475 12.849585374688811
476 10.532182396508421
477 11.92265531625539
478 10.488749172291577
479 11.45776272959298
480 11.159365631493426
481 7.445681895345381
482 10.373557480251575
483 11.417994864765715
484 10.32524198810677
485 11.500030406368927
486 12.514457088666692
487 6.829074048779293
488 7.807948184644411
489 11.46583984833418
490 11.466275528816645
491 12.040658529510166
492 12.318250519546615
493 11.026808645061662
494 11.094470189014874
495 12.764818654483598
496 11.118046293271323
497 10.74178197209072
498 13.213895076118165
499 11.276890387849681
500 11.611391142090062
501 11.448165891198043
502 9.749083386889245
503 11.309464256530351
504 10.308766961099497
505 10.45064164680446
506 11.652526981195672
507 9.999388482149568
508 9.791717910451718
509 9.616049067890405
510 12.906495897016175
511 9.324858860418109
512 10.446030222979275
513 9.63968264566948
514 10.452574590142648
515 8.644906785008109
516 9.59028860987398
517 8.852097085915018
518 7.441927461405151
519 8.536103397772134
520 7.7743229682772235
521 9.595418816948598
522 7.03544097597312
523 7.733346700111404
524 6.9941401921061175
525 9.965270180910913
526 7.708361003855066
527 10.588503609595001
528 6.524708439539729
529 6.138634845917891
530 9.072915485488043
531 9.315994565271183
532 7.485263877385476
533 8.130813996025942
534 8.67887465831867
535 6.274636700545647
536 6.316070243323193
537 5.999169395864811
538 6.986330388056991
539 11.379881221980634
540 10.408092828849707
541 10.518152132729254
542 9.191373610531068
543 7.5534169410000125
544 6.487459058349039
545 9.66394470864627
546 6.822617267684703
547 7.5284540611213036
548 7.68432343798794
549 6.807692697595472
550 7.370249958772162
551 6.598427593745691
552 6.52381184829531
553 6.078280104525075
554 7.974125441549471
555 6.277178764171061
556 6.898301544693158
557 7.833125701891418
558 6.081901175005622
559 6.247600112023955
560 6.819705447458356
561 5.886492947392384
562 7.246579931692299
563 6.865646149918917
564 9.65904154017521
565 8.714874930120788
566 10.389987388254742
567 10.144820942819887
568 8.364380652707606
569 8.610210805099998
570 6.3021742109304455
571 6.537202517697701
