0 16.40926600926221
1 16.028487097823263
2 16.31687766491092
3 15.725120676809663
4 15.945095723065943
5 16.089452080424117
6 15.87288412039092
7 16.183990104451535
8 16.288594545045953
9 15.78050078896309
10 16.081504691633253
11 16.354013607861937
12 16.74391890421577
13 15.72027897466663
14 16.38072083821729
15 16.127193336269276
16 15.42542078107334
17 15.00914036805094
18 15.83716556553874
19 15.72723132434742
20 13.922812765661106
21 14.606785868182913
22 16.67422353989872
23 16.15886278232856
24 13.805050991746151
25 16.265577297065754
26 15.602023973547851
27 15.380938835614307
28 15.006159678427244
29 14.977034814982234
30 15.468948755720238
31 14.970216862053556
32 16.79532283892238
33 16.16427635145702
34 16.87923906569987
35 16.089418054185884
36 16.733849609131116
37 16.772807445129637
38 17.33784987758331
39 16.120249093408187
40 14.860376288900996
41 15.686854656417239
42 14.16030839711902
43 14.812117652544611
44 17.298256941711404
45 16.227450779013495
46 16.530551374799174
47 16.000287144960193
48 14.951682841407102
49 15.700859037920194
50 16.37884700291381
51 14.580340586363247
52 16.38942062759227
53 16.49085086822849
54 16.2933036461516
55 16.11039316458437
56 17.3465241001321
57 15.148334077404373
58 16.486526953741766
59 16.30899329307907
60 15.895212214576018
61 16.70252142984658
62 16.33284284686701
63 15.825145479876896
64 17.266827119633632
65 16.33683413467284
66 13.831305274289079
67 16.7027115143564
68 17.065966772061664
69 16.95363217810234
70 17.157490155310885
71 15.639300682071692
72 15.181672892595882
73 14.492495034798575
74 15.011094445955555
75 14.81771515759947
76 16.98283167140115
77 15.921789525368272
78 16.464576595233453
79 16.206683299227517
80 15.733253411283973
81 16.494068370154476
82 13.718181604576538
83 14.890377256406769
84 16.937001168066054
85 14.45730120432773
86 16.22613883840221
87 14.864454350296299
88 14.586520332465163
89 16.52660964036223
90 16.008949840564945
91 15.899627039537096
92 16.83809638843108
93 16.42805179997267
94 16.450378604662873
95 15.879088285436548
96 16.41744792287502
97 16.042392346787647
98 16.846718232345108
99 15.546326554542263
100 14.048950333711328
101 15.386612757160517
102 14.891422422749367
103 17.0907955399824
104 16.114955278243812
105 15.71335381578781
106 17.6307607702535
107 15.283109215284313
108 16.507225928413344
109 15.155931856100981
110 15.515811945852224
111 14.90660944612971
112 17.133974690243203
113 16.666964015469905
114 16.314993026408217
115 16.19242009077185
116 15.80337736088789
117 14.336857956871246
118 14.473566897517935
119 14.621736677513008
120 16.920365615169388
121 16.280950672341103
122 15.969483768708628
123 17.07987870294234
124 16.540163474269338
125 16.56696044951034
126 16.544237698470724
127 16.857107437479442
128 16.62160974423071
129 14.960736561498955
130 16.577334652682264
131 16.37772585488381
132 16.334940629547702
133 16.42580925554848
134 15.533508766498988
135 15.865152410020174
136 16.65746295510436
137 15.521519151861805
138 14.800848586534766
139 16.46665233987932
140 14.447631757480787
141 14.518688097778542
142 14.97262785253803
143 14.710621843285056
144 14.922667036156799
145 16.963597650860372
146 16.821033312375015
147 14.809361608530239
148 15.826644840113502
149 17.09191026904007
150 15.806097424568117
151 16.91920789076525
152 16.61014629450657
153 16.053817597553177
154 17.113557249485986
155 15.959019620057088
156 16.103130710260125
157 17.15557469942882
158 16.538508026157153
159 16.473187824411248
160 16.332692931301576
161 17.16409182434385
162 16.184485871155797
163 16.33323207300517
164 15.881573643616914
165 16.396723567980153
166 15.709095378848703
167 16.609716455148106
168 14.730994042667849
169 14.74816035079998
170 14.19212878109181
171 14.604433193542318
172 15.116595074738848
173 15.31678565097777
174 14.917143220015566
175 16.15505906623782
176 16.87587434476512
177 16.858672408056325
178 15.949233457288317
179 14.531706475294717
180 13.925310608504784
181 14.874951169712222
182 16.517770787070976
183 17.11828827546701
184 15.068168980062078
185 15.407381184099876
186 15.0950480117546
187 15.147108728274349
188 14.865226151793095
189 16.340950691796827
190 16.44504550154707
191 16.92764911943887
192 15.174931143136954
193 14.34715708010233
194 14.734700422583716
195 15.07041275009162
196 15.574967244610823
197 14.831398309163571
198 15.918182885758775
199 14.926239566590576
200 16.561168199178297
201 16.263774384836683
202 16.45678115606745
203 17.5196108118734
204 14.188642487362776
205 15.428127469392008
206 15.349353097215522
207 14.24958455421076
208 16.933330296314406
209 16.079873042938818
210 17.65142461872966
211 16.921144949788932
212 17.772995595575644
213 15.756144363629248
214 15.087126798190031
215 15.739019675062183
216 14.50866879540633
217 16.157968944723685
218 16.103389175597442
219 15.018866234848415
220 15.57467590949816
221 14.875587467536462
222 16.665025156548317
223 14.941349653459516
224 14.932952146390827
225 16.16627148218583
226 16.656487770523846
227 16.073053310594883
228 16.55559753009433
229 16.491117762279885
230 16.67459208359049
231 16.59449887317016
232 16.30928326431905
233 16.59354568318717
234 17.577970094672622
235 17.61180787048572
236 16.515282133834518
237 16.62988253661875
238 16.723698119766155
239 16.485917140595326
240 16.723763827709572
241 16.08004574830302
242 15.890154257936826
243 16.141009607106565
244 14.56225097851466
245 15.155652015680323
246 15.665207228124494
247 16.302507378598833
248 16.773689683640807
249 13.906085464157218
250 15.130689402182261
251 15.687622639009463
252 16.610253848623934
253 16.775052185494904
254 14.897089305610601
255 16.334510757749147
256 13.967975883442016
257 15.169868456332368
258 15.74339879541393
259 15.130858589957683
260 13.552746493952458
261 16.372280998567394
262 14.951720851015423
263 14.685937884187107
264 16.52176348943881
265 17.257653507020546
266 16.625571932275438
267 16.902130950190784
268 16.154738673023147
269 15.693678956829372
270 17.32979011150136
271 15.999679217614778
272 17.28198278653172
273 10.0534584798186
274 10.105413219248954
275 10.261234788629402
276 16.435957266202294
277 15.492781517583884
278 15.626373969562769
279 17.174445568870688
280 15.109326691100524
281 14.58790162031873
282 14.830835787635912
283 15.102814239130764
284 15.007088154112934
285 14.875206104302107
286 14.53068273984898
287 15.246713688180249
288 15.825628237239307
289 15.958077516743085
290 17.281831543086177
291 13.935025491594608
292 14.093399357349044
293 14.117195071103698
294 14.98833909330933
295 14.605465381130124
296 16.52618369817009
297 14.363689780903016
298 15.435844707634264
299 16.444660563433814
300 14.709037383642682
301 16.129155307516303
302 18.400912419244175
303 16.898336369819937
304 9.273532916534666
305 12.065470323158397
306 10.726289521853479
307 10.859696139174758
308 12.018232498016813
309 12.133245204020321
310 11.724319690462396
311 10.695429010965192
312 9.57380301629425
313 9.166909516664576
314 10.280269334005748
315 11.472150736575074
316 12.0733873190805
317 13.59616775395528
318 12.592134321034887
319 10.505609762709339
320 9.98340191885461
321 10.03847244187326
322 9.45481574190949
323 8.303249520088293
324 10.893809596385323
325 12.631590863631244
326 10.348415335747942
327 11.209872684596405
328 9.870980401378091
329 10.566022282990238
330 11.770048371934344
331 10.458969870141896
332 14.973108753291113
333 9.831364806639005
334 12.32719775329754
335 11.51392557185098
336 10.967996477641362
337 9.861083142657836
338 10.458949731644974
339 13.794068661573943
340 13.054229983133114
341 9.81937652545906
342 11.867840697233321
343 10.129886642512862
344 9.80630551514614
345 11.56909498872879
346 11.276512942598037
347 12.857478128455446
348 8.774257552021103
349 12.583558681619198
350 9.275363939183876
351 11.369727498803009
352 10.465835453109552
353 11.533134048549872
354 12.830483366987428
355 11.36343642398328
356 13.3114237891831
357 12.99638383574018
358 11.616819288119558
359 11.63852560743402
360 12.425771729391185
361 13.381754861082044
362 12.89573600659638
363 13.97893989972573
364 13.424061198006234
365 13.337827315663297
366 13.982347865004511
367 13.421985472559706
368 11.428089579987967
369 13.859152111300755
370 13.093201257140382
371 13.51049146225561
372 14.087413759974257
373 12.450230981426516
374 11.153915164492181
375 12.022609961260132
376 13.029689409116566
377 8.43888921610207
378 9.780245289177902
379 8.944412110813477
380 10.446009111384315
381 9.996805385616742
382 10.037432066280589
383 10.371253648887588
384 12.078062375684281
385 11.011456963265232
386 11.895590325987735
387 10.627820944133802
388 11.965033762124413
389 12.534367929179004
390 12.162054766540923
391 11.495690521846633
392 11.512433657379713
393 11.483547840649265
394 10.478853718096916
395 13.098521894075288
396 12.656432030752518
397 10.193657844691556
398 8.35892297069513
399 9.298681913973438
400 7.9471476357049236
401 9.570392909102207
402 6.514082443767965
403 9.656970848983221
404 10.384052623645042
405 8.942896674432339
406 9.761264199294853
407 8.236377256441518
408 7.97059259335515
409 12.305674154605132
410 10.913843143118667
411 10.557095699803462
412 8.325656594938048
413 8.58356888244289
414 9.180442422780143
415 9.111181727553383
416 8.522544953918732
417 10.967722862680475
418 8.188656177909369
419 11.191839235379542
420 13.959018406513405
421 10.371515977049453
422 10.167819117247335
423 11.97966611099873
424 8.440528249340856
425 10.352699871617212
426 12.702165825656332
427 9.433427665737417
428 9.8922777656399
429 11.102561593426724
430 10.693173223187703
431 8.831598669656628
432 8.870880517077225
433 10.27155642919623
434 11.326574999965928
435 12.65329383479885
436 12.80357983743726
437 13.685490839561455
438 8.030794881170975
439 9.825595855310793
440 10.820904374614884
441 13.581360910529543
442 10.814468194053884
443 7.466793358126892
444 6.973120749724209
445 5.935269070430799
446 5.16839003068743
447 6.880713283300203
448 5.568329616358168
449 6.809910278562921
450 7.3968463764174075
451 6.293660375862854
452 6.133792259756774
453 5.643956696711267
454 7.517725941629496
455 6.348032786389929
456 5.131731561335162
457 5.826167537772958
458 7.6431463163095295
459 7.399084135097262
460 6.085713884064836
461 6.256856831495636
462 4.812708086335703
463 5.627984784158839
464 7.864620400421247
465 4.7405244809209215
466 5.29240230573854
467 9.237238490525296
468 6.627267074904565
469 9.004907998868674
470 7.644834009085508
471 6.7419254948141125
472 12.697921767943534
473 10.959945971549473
474 7.342140444827504
475 7.334549088471808
476 6.011258822160206
477 12.017344783659437
478 11.52105536800652
479 12.897971349445966
480 14.10997116251911
481 18.547345761745852
482 20.009073391069293
483 14.863078739455824
484 21.67448199425093
485 22.99323384049329
486 18.760092273309056
487 17.320304854699884
488 17.790518838915634
489 14.8639603769766
490 18.217395950577437
491 17.536697271144487
492 16.34242929453659
493 16.632182314767217
494 13.911396213631221
495 17.75693076359247
496 17.59477848645042
497 21.808075688122944
498 18.697499582350808
499 15.125424212559889
500 10.485865024293878
501 14.083544305747363
502 18.545145651032264
503 15.900435364345169
504 16.12780756001297
505 15.206967177120289
506 15.131201419859327
507 16.087600547017825
508 20.2744993957982
509 13.443629164480031
510 15.222842264708143
511 14.27391762398372
512 17.178355135851824
513 10.158039263340262
514 11.274985468114485
515 13.819063439734235
516 11.480967215728786
517 9.72121014324741
518 12.129743355963516
519 13.991336558426058
520 11.32907814941981
521 13.791096546901386
522 18.3567785101429
523 10.045542435948123
524 10.838603555501066
525 10.734941830304965
526 10.738747273971128
527 10.999457790546801
528 15.11121627877557
529 12.658726213171485
530 10.73863295219328
531 18.284119346701427
532 13.115213320890604
533 14.016061401942519
534 13.014764207470405
535 16.62680699926417
536 15.343407630771479
537 15.347716626242446
538 21.25314681519696
539 18.20655398169119
540 13.834183412413308
541 9.579743532199183
542 16.694628831628595
543 14.213007492722511
544 15.79746592047412
545 12.789116549156134
546 17.86345074643617
547 18.81813841858607
548 19.669566926198456
549 14.068915301511577
550 14.663827414801634
551 17.040741647114682
552 17.678628353226
553 17.239411766994667
554 17.957604164786055
555 14.195703069892254
556 18.233576989109096
557 17.848294397155737
558 16.7551086011199
559 16.413790036768827
560 16.943180036746558
561 17.431730586891767
562 13.586544007913052
563 15.558741160120462
564 14.941859051173479
565 15.662567479216817
566 14.652081010788905
567 17.38442660854657
568 13.919424643820358
569 14.458587154034705
570 16.726837484724523
571 16.26449553473797
