0 14.117053960796621
1 13.807591882616066
2 14.15314453201646
3 13.783575744419013
4 13.648694363633911
5 13.625557298711147
6 13.662844677342672
7 14.11295151855886
8 14.317267649021868
9 13.020851841485959
10 13.96860172581242
11 14.326217825023692
12 14.452232620552035
13 13.374278246100491
14 14.462741598632702
15 14.367140062136302
16 13.258478699200875
17 13.006472119810523
18 13.598829338458478
19 13.73628218976756
20 12.754521930242301
21 11.541437748320282
22 14.229490262922505
23 14.961590406170156
24 12.319914653984087
25 14.723327971379158
26 13.812150038429385
27 13.53432681383307
28 11.754064272824223
29 12.42295047277947
30 12.921868019202329
31 13.776176473024034
32 13.877017297868386
33 14.230938373136327
34 14.590821663491013
35 14.129649702025098
36 13.542152214795717
37 13.906174563022631
38 14.314776560646292
39 13.580801623105677
40 12.73076768153471
41 12.875235476675508
42 11.115786520089602
43 12.238713670591274
44 15.724721189751568
45 13.871711052037107
46 14.63066397635399
47 13.71892264251788
48 13.33165572671996
49 15.242256961173101
50 16.03494635341079
51 14.62890292154177
52 15.02085283432918
53 14.114523553591827
54 14.617740211985883
55 13.85550419301156
56 15.290792416172359
57 13.306504093111657
58 14.495135889257906
59 14.120862795391286
60 13.429418237919258
61 14.487328605458641
62 13.935500879145009
63 14.538216177692474
64 14.119490321011613
65 13.611279419623038
66 12.24690361014154
67 14.276454314462262
68 15.015331519710655
69 14.363538563656274
70 14.384605529964906
71 12.564640096986079
72 11.641426452525362
73 11.942124561682197
74 11.508553346385758
75 12.757407239060974
76 13.039394575826421
77 13.354672432947563
78 13.139142151805821
79 12.003223215808308
80 13.548843906112078
81 14.242251810722875
82 12.602974688868436
83 11.650483682418104
84 14.925641246962181
85 12.592123356164436
86 14.491677696893998
87 12.35067478668912
88 12.99822954906717
89 14.278802261183664
90 14.096529150809591
91 14.374886697117914
92 14.709609855369669
93 14.307356375855148
94 13.685530496343127
95 14.55375178758538
96 14.7717189615855
97 14.053990090603813
98 14.65372364448293
99 12.996006699040594
100 11.146145803090263
101 12.235469349857132
102 13.506328196313678
103 14.566904861768908
104 12.435087637903385
105 13.343441108493192
106 14.81595123127254
107 13.103591417029074
108 14.743762958434079
109 13.365612524442435
110 13.282089833565713
111 12.795887395220273
112 15.262233216564692
113 14.135388639839173
114 14.707238710161796
115 14.428235164667226
116 13.91243067874397
117 12.102473231219584
118 11.77985598551618
119 11.253025538363115
120 14.662558418881071
121 13.764645027338444
122 13.479854485838281
123 14.24150380302825
124 14.171321837702763
125 14.650035888428787
126 14.285927836654725
127 14.2403102883965
128 14.00822108946276
129 11.507693160290744
130 13.731871293359179
131 14.970260235088787
132 14.889451771207536
133 14.73802394945013
134 13.716506486618693
135 13.76636897496268
136 15.13989899538273
137 12.988070634966896
138 11.803880939480045
139 13.588540298875335
140 10.820248863185034
141 12.368725060857562
142 12.718920001287335
143 11.569986483570535
144 11.142826501087209
145 14.175218768261361
146 15.136968991644338
147 12.3848590905248
148 13.958405800359373
149 14.874315407975097
150 13.977510591794829
151 14.506581983377368
152 14.033307024383248
153 13.684150439233788
154 14.726622518625172
155 14.950087640121751
156 16.277078394698634
157 14.829827705993026
158 16.074962315679773
159 16.627885288096152
160 16.208726556370024
161 14.470058318143643
162 14.200060701271376
163 14.528135930959106
164 14.371452038614771
165 14.17355424185051
166 16.212123390340974
167 14.612319272429849
168 11.575984460919294
169 12.334562772255444
170 12.45055391890522
171 12.89540983528197
172 12.82387763374464
173 12.954734932311798
174 12.581146930033647
175 14.30768430068085
176 14.444482284878411
177 15.270048723890088
178 14.338012057011435
179 12.216034688209847
180 11.771909650498284
181 12.557408056012077
182 13.849424025668096
183 14.54784826004285
184 13.08558723766496
185 12.907480676680123
186 12.848675536175017
187 12.726330467536643
188 12.644968884745104
189 14.448176246117418
190 14.823071759656054
191 13.832227406297623
192 12.32230142720856
193 11.847799139817655
194 12.083569041445328
195 11.873210377273587
196 13.046178120296908
197 12.060726364256976
198 13.912368724111847
199 12.961893541143025
200 13.937837768301977
201 14.244091569847587
202 14.18519941572521
203 14.25811312781514
204 11.937310711063173
205 12.081524024865375
206 13.143493375124875
207 12.576936340529596
208 14.54090797148682
209 12.055171773697076
210 14.928816759660931
211 14.595385244038459
212 14.308124508622312
213 13.972072787157682
214 12.554013508916324
215 13.339559535391238
216 12.54120586682242
217 13.482245113290723
218 14.469799368166642
219 12.84637244712371
220 13.351463598908015
221 11.50279769298049
222 14.31879149864084
223 13.273024425274713
224 13.766447493877724
225 14.096877531033291
226 13.944848209334381
227 14.133147106433663
228 14.453420378326458
229 15.4218637468428
230 14.593681955873498
231 14.485139536621912
232 14.373616823972434
233 14.342370630539788
234 14.503691739379109
235 14.574935226018622
236 14.040107462188391
237 13.582004204487244
238 13.294651439215132
239 14.74013160109992
240 13.586764545739793
241 15.576538120687218
242 14.3104435826581
243 15.091303017983453
244 14.554485954428824
245 14.938197196707542
246 15.693255185406384
247 15.910540178317206
248 15.268965956499567
249 12.448204432730892
250 15.094827154335059
251 16.44847448466356
252 15.406542920265345
253 16.704502116241457
254 16.04993677734674
255 18.87638542170181
256 14.837310518782504
257 15.414775084608056
258 14.2636779777863
259 15.549311618804037
260 14.472137029480818
261 15.7908790742887
262 17.222871403419262
263 15.950696320398622
264 15.809589857189874
265 17.96672175457915
266 17.774976717087434
267 24.14668848781181
268 15.342404981593031
269 17.8047021056203
270 19.62370936409761
271 20.096309428788228
272 20.620442280301514
273 10.156963576786831
274 9.227112990714362
275 10.007538139711945
276 18.62864022227519
277 18.01735280045989
278 16.23684413822711
279 15.83945042850591
280 14.886045436548697
281 12.182282300195622
282 13.788670053118391
283 14.882089415566206
284 15.755459322041672
285 13.654459096466208
286 14.308792324472936
287 15.522521777214221
288 16.968872581692835
289 16.507947354864978
290 18.720042603842874
291 12.205247509900872
292 12.431442380065315
293 11.64600788783041
294 11.445106218348643
295 10.867440129529976
296 15.173738980425075
297 16.15472298949546
298 14.570862459110966
299 15.778399906456595
300 18.230742706963497
301 17.242819048202676
302 14.838076282886867
303 14.926665219576053
304 9.164215385677892
305 10.107681461268072
306 8.751888291676854
307 10.237064267742356
308 10.445286834169323
309 11.476291011409792
310 8.874347079717875
311 8.250358818727992
312 6.8245184283941995
313 7.013682602525924
314 8.302129289800414
315 8.38276712080738
316 10.414454465203946
317 12.050462222627056
318 8.997213146629802
319 9.090338399323278
320 9.660315597606617
321 8.296352919274268
322 7.591757006315315
323 6.513270211813289
324 10.7304525139236
325 9.818190588438913
326 8.606574730578448
327 8.765139294344536
328 8.163353161253577
329 10.005430643880107
330 9.16308054091541
331 10.202052156025415
332 11.779589126726716
333 10.155387289168317
334 9.083808966516555
335 9.147387584063877
336 8.754344510328412
337 11.428399654517072
338 10.060602571971021
339 11.858368477602752
340 10.264191739741774
341 7.651740723057785
342 9.84497816834803
343 7.871688930618015
344 9.127541568599835
345 9.148725522027727
346 8.375813000929753
347 11.651222834833094
348 6.909381462334763
349 9.286814896922257
350 8.326391777326625
351 9.131766718495518
352 9.480736384714696
353 9.645606033018675
354 10.506474480674722
355 8.340340747922252
356 10.076407456363803
357 10.131091384462545
358 10.461608609854279
359 10.597312547835404
360 12.201298311918048
361 13.719618045009453
362 13.342792066522307
363 14.156146547182225
364 16.121077748705368
365 14.044843716221957
366 16.152271221862843
367 14.522718238334651
368 13.047213564771878
369 15.375266124881062
370 15.369963949309122
371 12.688416778434858
372 14.113150794332524
373 13.030596713087075
374 11.793763760417148
375 13.879370084470569
376 11.923694636464488
377 7.5650571640807325
378 10.272833725146286
379 7.765114552852758
380 11.623191764437452
381 7.509973732650525
382 8.371713040093884
383 8.15691992543968
384 12.07263205358826
385 9.998244074913309
386 12.051691317132367
387 11.447705700966129
388 10.433826822008255
389 13.518779823602891
390 12.959650317051695
391 12.558545570179062
392 10.627835791764918
393 10.691883668500765
394 9.856781704505021
395 12.199833996772151
396 9.690971210932123
397 7.220121656100978
398 7.287661414843016
399 4.99997916112002
400 7.230612180919296
401 5.501537967219162
402 6.969433451532118
403 7.875643622642024
404 7.4782758188170515
405 7.249293412774165
406 6.922129419482034
407 5.903526516049949
408 6.59900660952702
409 12.137985775042237
410 9.039930206232253
411 10.710248388278957
412 6.650630673414297
413 5.922553496460444
414 6.61188947192845
415 6.2331191639766255
416 6.280374915516922
417 9.401389446913653
418 7.217849230029406
419 10.327061450089168
420 9.204858522356504
421 8.203847167261388
422 8.894698072685497
423 9.748050075865036
424 7.986170692513551
425 7.8217109344033116
426 9.04298725969745
427 8.356765311010165
428 8.08522648194449
429 10.41483360842496
430 8.069287851947044
431 6.682695122167219
432 9.848167042497847
433 8.570442665797623
434 8.651646809192782
435 9.494044346075087
436 10.336758186400234
437 10.124455594628259
438 7.973324912853546
439 8.807052211441269
440 7.162290521274927
441 10.033516747904459
442 8.918094645892788
443 9.054449354243719
444 7.465496233909354
445 6.571733099104092
446 6.055927990678404
447 6.2290203478663875
448 6.044680569723716
449 6.670413280189264
450 7.8486584051627615
451 6.298766311595367
452 6.035482356105466
453 6.72391020239803
454 6.950629224800595
455 6.993259503779988
456 7.355391279443242
457 7.458206796503611
458 9.886397785299755
459 8.71569776359326
460 6.28243234092826
461 7.1866151305954515
462 6.4359227135009345
463 7.374128040846469
464 9.786931186593531
465 7.412899646209403
466 10.006998669270999
467 11.156357965325293
468 9.712431270747764
469 14.730141138478109
470 11.019805508135928
471 9.850373455680623
472 14.766111880895343
473 11.268523128405612
474 11.48359679755838
475 9.833606011191304
476 7.477700585570564
477 8.767529776940702
478 10.015471267800274
479 12.189462072088125
480 15.64305286865106
481 21.622078581408577
482 24.190843791441544
483 19.818289121028275
484 26.4304275021034
485 28.822847453400097
486 21.760603384897117
487 15.312578896370303
488 16.41329963725625
489 18.40153114888274
490 22.643600119065912
491 23.60119892331755
492 20.70681754214025
493 22.01274406090405
494 17.86757057411896
495 24.037350071260796
496 24.556459798371367
497 27.07725409327792
498 24.169970370902693
499 19.343090613545456
500 12.547965232906595
501 11.440232275056848
502 14.507112508662187
503 15.475683344793149
504 18.164861540053028
505 18.24784940990815
506 22.510510990210648
507 18.95012182943286
508 24.394189846688313
509 15.422196979575393
510 16.363334756932083
511 12.017305665304354
512 14.422037128937577
513 8.38560692292675
514 11.017889908888797
515 12.606684621562048
516 9.713412436631085
517 7.61233859505316
518 10.072085800180941
519 11.631151333018616
520 9.397872796418115
521 13.259092625091155
522 14.8812355234181
523 8.677525583013889
524 9.02143558996611
525 8.804365545500062
526 9.684565639301189
527 9.679741060440088
528 11.942244865864403
529 9.049582510466887
530 6.934726476674947
531 17.259052095645565
532 10.659587622210967
533 11.28648070855484
534 10.281955364579144
535 17.648697633522527
536 16.61740928058252
537 15.984087980933602
538 18.68997599120838
539 20.680095570472893
540 17.941519319110615
541 12.43710137085631
542 17.24799269963208
543 14.08106984294111
544 14.04011696464096
545 10.653367527934163
546 15.180212090739376
547 14.614796075375414
548 19.226866321291464
549 14.473189690965127
550 14.809856770705814
551 14.34791652369701
552 17.762663620231272
553 16.757122306614093
554 18.314768416717737
555 12.991261786688142
556 18.962830184148594
557 18.889497019711616
558 16.079585557685686
559 17.221365207765697
560 17.789775991415187
561 15.705584553664425
562 14.18110514390859
563 12.910416393535689
564 17.190798666938793
565 17.5155073964213
566 16.119594767213016
567 17.761516272760634
568 15.316637400564463
569 14.051332622442873
570 17.462078727956648
571 15.889631970168526
