0 2.545556025009117
1 2.563700779353585
2 2.5917579304299867
3 2.6521121482164016
4 2.5961415874459304
5 2.675819040277093
6 2.676291936565021
7 2.6228714852318005
8 2.5127847159712875
9 2.5214512560341267
10 2.5923121429713234
11 2.622126904915032
12 2.563410799851892
13 2.693420883732798
14 2.607506180101417
15 2.58853351916444
16 2.6512493487077378
17 2.5685962398086724
18 2.570645654972245
19 2.4881625774599008
20 2.6904835087767807
21 2.6811045148999564
22 2.7638956596977633
23 2.6050975190651613
24 2.599386978178273
25 2.5042820039788594
26 2.7413779545695904
27 2.5458466695166115
28 2.517479317819399
29 2.566395337926769
30 2.5510600922542364
31 2.7291048722882927
32 2.6360234025854243
33 2.6326393428348585
34 2.6881571720580815
35 2.6937690104735097
36 2.5586315773332755
37 2.64029064699213
38 2.5429925709968733
39 2.5693174364014197
40 2.725158780744465
41 2.586579743063293
42 2.634159476535955
43 2.88423706514066
44 2.5773306686899815
45 2.69227005105754
46 2.560176845522885
47 2.633548117794324
48 2.616544503288515
49 2.6682200363773623
50 2.795770673835976
51 2.657491635813231
52 2.639194130921448
53 2.6053762382878527
54 2.742032562539986
55 2.6027747330010276
56 2.602525577548811
57 2.650326695128862
58 2.552751347084004
59 2.6231067659776004
60 2.673455787916708
61 2.5280598517223374
62 2.460152388072155
63 2.6707309122642613
64 2.6264080530876193
65 2.754565961611265
66 2.6485655348167954
67 2.6140170038411314
68 2.5694488306375267
69 2.545070037136304
70 2.5164117899416887
71 2.509379879358598
72 2.5745925365944666
73 2.702616383512446
74 2.5632753194228393
75 2.80016991750582
76 2.4255550823683576
77 2.575763024491247
78 2.7011457664885534
79 2.7814047177737415
80 2.554589793867054
81 2.6021566570053367
82 2.5788109408062736
83 2.712542781796186
84 2.6635721533936247
85 2.620016684943491
86 2.616700796223319
87 2.653144829342188
88 2.8062782575398586
89 2.600799020904579
90 2.5453992905533256
91 2.6011517394566828
92 2.6475561361694218
93 2.763918355374172
94 2.5355722264937075
95 2.690856088977941
96 2.5695300272917008
97 2.657773961003433
98 2.5767242736070806
99 2.55520324425074
100 2.587707457228741
101 2.6033807141099636
102 2.596431311044485
103 2.741466175578782
104 2.5686951377943843
105 2.596546168237445
106 2.6102645131949864
107 2.516925019215577
108 2.575958242304416
109 2.6100873385477943
110 2.589321684275813
111 2.5857535677129384
112 2.633004429879031
113 2.6042559720122402
114 2.601532747978074
115 2.6084640236964036
116 2.605648884310735
117 2.62058907464566
118 2.654402535820056
119 2.6746937465630474
120 2.5242487876277875
121 2.546640980433996
122 2.6370932924192614
123 2.5548411997449834
124 2.6112676108308968
125 2.667203861164351
126 2.6754192540204205
127 2.7074708176959583
128 2.600087094161142
129 2.7206610771630237
130 2.6390302681947797
131 2.6200793698933227
132 2.5726097808660153
133 2.5795684337614904
134 2.556187769928084
135 2.6955785411376105
136 2.5667941507973655
137 2.565382676704989
138 2.5651129198563525
139 2.7191254892636474
140 2.674732526413132
141 2.635538002992295
142 2.6375815552313373
143 2.6832953066303813
144 2.5634568830264075
145 2.666998506092468
146 2.608075562353154
147 2.706157805268473
148 2.630849513829905
149 2.555196719371544
150 2.6690250722708324
151 2.54972300668082
152 2.5157567105046055
153 2.6454772124407744
154 2.610547004476334
155 2.574176769218752
156 2.6548184226730767
157 2.6209434420259523
158 2.6052176925349073
159 2.554885601947097
160 2.68142394980555
161 2.612510049762043
162 2.600476815825936
163 2.605432407671448
164 2.6414464203327084
165 2.5407055677503365
166 2.650828982112851
167 2.6722904590918426
168 2.6859624768947548
169 2.6079610211285598
170 2.6330802382055465
171 2.540606359177799
172 2.58175931831673
173 2.7554587054390596
174 2.550043001896994
175 2.592296249159807
176 2.6072042483336966
177 2.6547727561392107
178 2.701319500664884
179 2.734534482552515
180 2.586622063681573
181 2.550583756518634
182 2.5293436788906027
183 2.6387866094753645
184 2.546398119890071
185 2.6001713201504435
186 2.6573515553758296
187 2.560798418749742
188 2.5361992797103676
189 2.4194111607379907
190 2.6893840339270496
191 2.57882833668984
192 2.576183016156274
193 2.6201848110522157
194 2.64344782800205
195 2.5577869640913926
196 2.681637892750676
197 2.621786468931739
198 2.630811238818587
199 2.5586099185521527
200 2.667525422365051
201 2.7509160033333346
202 2.6400294183076856
203 2.575503414202767
204 2.5380287001659227
205 2.699554475421996
206 2.6345173814148835
207 2.637121581507589
208 2.5403471478422035
209 2.6501011333852795
210 2.5041620604196067
211 2.62707107392061
212 2.7070760844442403
213 2.577933809085779
214 2.6518240732860963
215 2.608245241251663
216 2.6641439756631726
217 2.5301370146987345
218 2.686572417821016
219 2.6118018302956103
220 2.774682197109802
221 2.5291471887447075
222 2.657634142292659
223 2.5758891803436175
224 2.549417657920713
225 2.652180193567359
226 2.6236100081593317
227 2.7038419770356428
228 2.6584542208989856
229 2.596507788036168
230 2.7078280395893435
231 2.5652159372920083
232 2.7531631557387604
233 2.5244788571629915
234 2.538504914591447
235 2.770969788071597
236 2.826806427990958
237 2.687790394428236
238 2.574320941378718
239 2.901285288303889
240 2.7005585491390316
241 2.786066263587432
242 2.5634445079604533
243 2.559565101088593
244 2.8579689113166906
245 2.5617836932905025
246 2.7149961725613445
247 2.5991426346434485
248 2.537547017992716
249 2.544320369737429
250 2.6170821476603305
251 2.5773583963008293
252 2.4664881119290842
253 2.6541050764478866
254 2.5514766574393564
255 2.570478143435131
256 2.6469532312575392
257 2.656638785070323
258 2.6021001290126726
259 2.6819116153924027
260 2.6154943536774384
261 2.544461270860712
262 2.6888016415667852
263 2.6960187545910883
264 2.7635963568104374
265 2.5535361811250037
266 2.7691873561687608
267 2.63146380579922
268 2.62728063149624
269 2.616674286044594
270 2.6081681056864974
271 2.713042513693677
272 2.7953039128637682
273 2.6643620395548626
274 2.548895161119873
275 2.6989073581618204
276 2.617184727815416
277 2.5279365006804912
278 2.7043947513253124
279 2.6518804182667646
280 2.636178367243413
281 2.597060001576078
282 2.7193389953888687
283 2.5247597604140846
284 2.654790573026231
285 2.5965915491809723
286 2.5557786411635517
287 2.797408224531197
288 2.5969763750309784
289 2.7004679195438426
290 2.549603340450524
291 2.6788939958544495
292 2.6067985274991945
293 2.613404495622793
294 2.70291250868337
295 2.48574439188984
296 2.6684764077145955
297 2.645644516580174
298 2.6791487102027993
299 2.5618213324330044
300 2.691572575466811
301 2.6334731097764466
302 2.576491519195227
303 2.650550398851563
304 2.689359467993921
305 2.6989667590734903
306 2.5202047224892583
307 2.6015428212760443
308 2.6006446395821894
309 2.6450354261803843
310 2.816821350931849
311 2.568869015020726
312 2.6104591288119696
313 2.6901553059620524
314 2.74645345628798
315 2.5891748504172
316 2.589595601135142
317 2.658520620653177
318 2.666411717186013
319 2.646602060773631
320 2.5148992087821957
321 2.732646533567996
322 2.624915630232065
323 2.671421632989085
324 2.836461550370508
325 2.815656204054627
326 2.706375677841855
327 2.76592527118828
328 2.6445389440725986
329 2.570697781599853
330 2.746493449435701
331 2.645684203248866
332 2.58478678450577
333 2.743257668371795
334 3.024128376048492
335 2.586476953782256
336 2.607732137250432
337 2.764875432668304
338 2.6630152875709663
339 2.7233131706214198
340 2.530442189544733
341 2.6201833573458195
342 2.6079651967538253
343 2.6694825911755005
344 2.7289675322919478
345 2.600877175183331
346 2.6576552918582683
347 2.6226117559967075
348 2.6682067432358325
349 2.628497620157194
350 2.695047787713637
351 2.6202126304212126
352 2.6813257769161187
353 2.657775018811737
354 2.5753610784270986
355 2.746431381314023
356 2.733149803951084
357 2.5488511678961108
358 2.619010155401857
359 2.6305940468798483
360 2.679219045379732
361 2.643706610874162
362 2.816750806477776
363 2.6522151010901514
364 2.6517298663550766
365 2.6594120736730686
366 2.6621917515235407
367 2.7665885427863848
368 2.6996923411883755
369 2.7321532127857378
370 2.6732871046427253
371 2.567124441479045
372 2.6315071399111387
373 2.5698993614779195
374 2.5671282807357585
375 2.7099345954482494
376 2.787743324413117
377 2.7080221916256155
378 2.730828758081649
379 2.8868411979597823
380 2.6463748077109988
381 2.5734512202528603
382 2.8403704902821163
383 2.5867571859692493
384 2.577716248571381
385 2.7306937030577267
386 2.6489260980076383
387 2.7044270070210805
388 2.642611465568075
389 2.924049546489008
390 2.779913038628454
391 2.6699448850749237
392 2.7045197585863083
393 2.767912771197362
394 2.6102380786791852
395 2.5470217093638774
396 2.494464378263261
397 2.589669643125762
398 2.647424130689612
399 2.6308566101998188
400 2.7658820931815966
401 2.603662953743358
402 2.601910895061465
403 2.5780355966218935
404 2.9232702118641423
405 2.616272101894141
406 2.6961259855855895
407 2.6768269284083375
408 2.820669635614664
409 2.687697604587555
410 2.801608935787835
411 2.672585680879409
412 2.723989617928514
413 2.6071070994442973
414 2.9865385567570764
415 2.6307794469636128
416 2.9953057056558823
417 2.5538577712487087
418 2.5216394478887274
419 2.687258432773981
420 2.5998572866950833
421 2.623659812961313
422 2.832307348890354
423 2.7396671216580377
424 2.5643555311689767
425 2.5531782416974558
426 2.9293158341272716
427 2.8212722786162683
428 2.5441256980783593
429 2.6748130972147006
430 2.7313474315765593
431 2.647500240516146
432 2.703718825562468
433 2.74368706185692
434 2.5246387275234587
435 2.6750531524719383
436 2.5392274063332674
437 2.589966069862165
438 2.7344874864485145
439 2.6188026672959137
440 2.680523285240155
441 2.573007404406166
442 2.531528687770983
443 2.7618558056739966
444 2.5538497749536173
445 2.566981401959791
446 2.5976004350873882
447 2.807218695485572
448 2.8241627371576206
449 2.7501859621097196
450 2.6475700028029485
451 2.5840492488422133
452 2.5573675386987538
453 2.734478257161093
454 2.7489509265173333
455 2.7384962291817327
456 2.6202780393959206
457 2.804619635240163
458 2.806480247123009
459 2.5640053057449155
460 2.5876433429822443
461 2.5678788820021134
462 2.780937849387479
463 2.516861515803565
464 2.8901178403522505
465 2.670138741655487
466 2.6828782395139856
467 2.617024654795599
468 2.6799003802840833
469 2.754043176401881
470 2.738516611256444
471 2.763382871250439
472 2.71224441607737
473 2.5665836191400153
474 2.740122966354323
475 2.878808406147817
476 2.598807220178008
477 5.325094428465904
478 2.5930797304252904
479 2.6318742062871894
480 2.683419717407772
481 2.7364892734978734
482 2.5588765670678733
483 2.6172020204172695
484 2.6772204177400334
485 2.6974924599121017
486 2.494379067914415
487 2.688043855009748
488 2.680635592177344
489 2.636471742094184
490 2.673409376509977
491 2.6159996860557895
492 2.6194762774491034
493 2.5442978521478414
494 2.6895307041379275
495 2.775956629613435
496 2.6804091438769633
497 2.6709295904132615
498 2.5456662626243696
499 2.7490585482944905
500 2.626913401306015
501 2.6546683034000598
502 2.6416571151692065
503 2.722121044169989
504 2.6719933067228725
505 2.670896766624543
506 2.8049535852324294
507 2.720246419460484
508 2.619834659476664
509 2.7287747147778925
510 2.673069337455669
511 2.665404711499536
512 2.70842827941439
513 2.6860054294555504
514 2.7621611271474227
515 2.6596458113547636
516 2.5278479922431325
517 2.599205813754735
518 2.5856053842957105
519 2.747223141823823
520 2.589260583122241
521 2.6485343168281066
522 2.7704433479507165
523 2.7234057641907965
524 2.865814359732894
525 6.731840236507724
526 7.882347693998895
527 7.378930173869188
528 6.563203694496582
529 6.083624549814807
530 6.6693086897556775
531 6.770831172405785
532 6.4176163751355775
533 5.981159421628073
534 5.029376746156928
535 6.068910247584713
536 5.705259842181314
537 2.741741015061356
538 7.681307188777584
539 4.063474042976433
540 9.04820120437967
541 11.854493566999714
542 9.04687000704801
543 9.695397989570584
544 9.924932082872662
545 9.377333032683653
546 8.172900179816187
547 8.957447994763031
548 5.307708698498135
549 7.47986444479953
550 7.892319853882557
551 6.249208491104
552 5.5146001358410786
553 6.94753475369816
554 10.245537952899575
555 9.411312822968215
556 9.425861128236178
557 8.986738146312533
558 4.741698473038201
559 4.773144935385804
560 8.4433443637368
561 8.008461448653913
562 9.548836315709744
563 7.5808185948875435
564 8.63437245086292
565 9.463924033201883
566 9.684833173096816
567 9.362973393940248
568 7.839545161941118
569 6.005904719003281
570 7.7834763367654105
571 5.485584876982011
