0 2.871408496187718
1 2.8054765237752246
2 2.7435219938585016
3 2.8397113325221532
4 2.649200513995149
5 2.6613151614463635
6 2.885952824331638
7 2.7217380024305884
8 2.6923498418926592
9 2.939183919037132
10 2.8653749124519323
11 2.8018326091293364
12 3.0519214534015804
13 3.322836992325477
14 2.953964185261754
15 2.9055702582268137
16 2.747542614471001
17 2.9124790363546347
18 3.527712255320606
19 4.306198606526173
20 5.443966324954819
21 2.875102265662821
22 5.235796394147461
23 5.281928996107573
24 4.344045704101865
25 5.281413663741185
26 4.922352845719694
27 3.1199665735891204
28 5.087235914030082
29 5.288904052165485
30 2.8921608840968167
31 2.912225056852833
32 2.8253880393917865
33 2.878164573084727
34 5.893142387305836
35 2.906586232512791
36 2.784309739435026
37 3.0783116454377994
38 5.125015844056799
39 5.3427030075076924
40 4.853267001644292
41 4.944662324811093
42 4.762162745815154
43 4.878494705271203
44 4.944581815333895
45 5.215872284250779
46 5.2283703313663334
47 5.179577282427912
48 4.747611039543118
49 3.0826743528768814
50 2.7786635743368966
51 6.859473948794602
52 2.8128744443825204
53 4.824156041892455
54 2.791187044240145
55 5.22778150935546
56 2.787933295380272
57 2.832689514989923
58 4.416937537181238
59 2.7309254993716396
60 2.6436969784891238
61 2.7389601032001236
62 2.887176840943927
63 3.5508834287776962
64 2.772151403294145
65 2.644224507547421
66 2.8444921736815676
67 3.079317652060435
68 3.1053377563680207
69 2.726805706864767
70 2.681144414237043
71 4.002325605615137
72 4.306201873495503
73 2.888821802885494
74 2.656892631292167
75 2.7164665870438998
76 2.855699256778396
77 2.804845478440049
78 2.5755108151123838
79 2.6421473567401583
80 2.992096221380106
81 3.0966955904074287
82 3.7480826166993015
83 3.2942786223314555
84 2.7435827038161986
85 2.829335180240091
86 4.890750618162954
87 2.7211111170528612
88 2.7855673032281945
89 2.862181168200303
90 2.690613762903928
91 4.88192752937937
92 2.672490233748276
93 2.6598412064373838
94 2.70060745691184
95 4.363348741846775
96 5.631548380119269
97 2.6132954313036367
98 2.6124882826088225
99 3.069447778431859
100 2.7627717069299043
101 3.5419347910734085
102 2.9146445647294934
103 2.759456339563038
104 3.1149549242395373
105 2.7503134627522243
106 3.253912993296305
107 2.78584848036419
108 4.788920991724619
109 7.655041823583769
110 7.820786313644663
111 6.941657161321158
112 2.9109196587816286
113 2.8006506140976777
114 2.8840605556958545
115 3.680851776090849
116 2.977414593187555
117 2.6995981528566118
118 2.7960818126793967
119 2.8293516653500483
120 5.284941659579619
121 2.692262355943418
122 3.1474784183572546
123 2.7393480678194138
124 2.794838177350269
125 2.546079477452464
126 2.7127059127494086
127 2.6853683060163807
128 2.656011047875775
129 2.8948326398905566
130 4.55342315143803
131 2.755238662618558
132 2.737565563046651
133 2.9447828645975993
134 2.7590666678762834
135 3.0239312492427586
136 2.8042298813144786
137 2.939330357980312
138 2.6810972074103834
139 2.717486275283006
140 2.796845042329695
141 4.0925710333759495
142 4.331377872212517
143 4.825314171143942
144 2.867261589294237
145 4.176424376471522
146 2.9613864755256922
147 2.833433337343801
148 2.8072184077471887
149 2.6218313968201215
150 3.6235675767528583
151 4.7729843735699795
152 2.7775320346030536
153 2.752611147246886
154 3.0936465495181684
155 2.777370863481581
156 5.324934890384827
157 2.745067867753321
158 2.7922534003803854
159 2.7152543458924208
160 4.6617511816599375
161 2.624876969875972
162 2.9447733304569237
163 3.1645534720132207
164 2.951201378589719
165 2.7671762665854076
166 2.9011547693013773
167 2.785660880588919
168 2.7729139054863974
169 2.8221895067257203
170 3.110650668163565
171 4.60845439897513
172 2.772326013179097
173 2.7732055582869566
174 3.0059289011508032
175 2.8869632561263607
176 2.9725631315476337
177 2.867996300323675
178 2.8366788097145545
179 2.6958780195435126
180 2.6888233609847054
181 4.218165575610706
182 2.7056709393347704
183 2.7836539337071526
184 2.6493048047575565
185 4.102202111420393
186 2.6932621536426966
187 2.9634981953619928
188 2.7484560454138673
189 3.0913682342640145
190 5.473637992924122
191 2.868766018393381
192 2.7411911000151776
193 3.0730710530473666
194 2.756222123676029
195 2.7323355620025476
196 2.9767835091949957
197 2.6601789620011984
198 2.8032439812309566
199 5.260427300132693
200 4.991482040495669
201 2.9869310968411478
202 2.835437973221397
203 3.019541590224312
204 3.035236744279629
205 2.745032906206573
206 2.704170174896023
207 2.9210083601176486
208 2.593531471509716
209 3.0487638453355985
210 3.0953673508953083
211 2.768644879895648
212 2.798249675628977
213 3.1556113721887478
214 2.8016930613559756
215 2.8772505097547896
216 2.8863464233385536
217 2.8247130622444954
218 2.669658007809024
219 2.9894299198640018
220 3.1076678064072936
221 2.8418424196021674
222 3.0405059332714184
223 2.9016194811740306
224 3.878830078092349
225 2.6993936354237364
226 2.715547904545442
227 2.777261949588979
228 2.761144871204081
229 2.5946649933254644
230 2.6828871835016344
231 2.675359274154819
232 2.6796242345466577
233 2.6187202773606515
234 4.359904920964409
235 2.894038755187951
236 2.678348981855795
237 2.735100709039457
238 2.8364044542458364
239 2.7700917261469
240 2.882931198382241
241 2.6788235701019754
242 3.142289230075364
243 3.1318323871373375
244 2.9850696761445477
245 2.8102668952110648
246 2.767614145994138
247 3.0173703677930765
248 2.987805540665858
249 2.810376912544106
250 2.915213786657994
251 2.700828891399857
252 2.6041135330880634
253 2.6802110086557653
254 2.9126959646783783
255 2.733532294800565
256 2.964747035157398
257 2.7892487475639345
258 2.7320565459399884
259 2.765143636283095
260 2.7876205198680215
261 2.6995111878549367
262 2.979972316902722
263 2.6775495396957205
264 2.8621430628504334
265 2.7892874566202077
266 2.778809095550682
267 2.822757005247123
268 2.7917754320237074
269 2.7068177836211977
270 2.605155225083672
271 2.9545173298086818
272 3.0112509028626517
273 2.950390129692231
274 2.7081206722685374
275 2.7941756918817706
276 2.7616460600514783
277 2.7982143228593532
278 4.9853030200512345
279 3.7043369879300623
280 2.9850897051643948
281 3.0309862780240935
282 5.014272004430593
283 2.9604054186463427
284 4.676176133045701
285 5.252823951400427
286 2.983093228652959
287 2.965867278814493
288 2.967565002772533
289 2.717821298964628
290 2.8490906121035944
291 2.7391137606506004
292 2.733521295632846
293 2.7684230181639817
294 2.7822555125210946
295 2.777318961500075
296 2.8116743496582925
297 3.0521300560334175
298 2.8351750151701145
299 2.8315495779611872
300 3.102611721261331
301 2.7753038182754266
302 2.751995650462406
303 2.7525439237905625
304 2.751197639548157
305 2.6264845661183767
306 2.731203015617683
307 2.7678812597042195
308 4.916876154979744
309 2.8868092586784475
310 2.8856139857241234
311 2.626537764464239
312 2.8101471823467983
313 2.7459827573115976
314 2.677308506680372
315 5.230344441421461
316 2.652708548583247
317 2.8395189099636364
318 2.7409000831682593
319 2.7467575238455706
320 2.919038174793324
321 2.9844333192059027
322 2.6742795929310867
323 2.8005693146354105
324 3.981375281424723
325 2.729312460350533
326 2.6580974390014442
327 2.7127045241832985
328 3.166874613191406
329 2.7379927578832204
330 3.0334298750231192
331 4.092271267832256
332 2.7800566758304215
333 2.737486182373722
334 3.3038620110372157
335 2.684499448258555
336 2.7375584608363295
337 2.7349756722146226
338 2.9686937488537293
339 2.7934223324532175
340 2.6695270224038876
341 2.926535265251288
342 3.3527960769973153
343 4.935364397408548
344 2.7557667511219104
345 2.6220152355814936
346 2.637264592598434
347 2.8679558942628356
348 2.7473575662702254
349 5.302751249482018
350 3.158007892298538
351 4.583734973361363
352 5.130948301962312
353 2.78786821047069
354 2.893296135119007
355 3.175206715048446
356 3.128562108581168
357 3.1805251358915627
358 5.425326077568753
359 7.793391008873647
360 6.617830847201231
361 5.407245811340443
362 6.41968504466801
363 3.5555888032324106
364 2.7269893789126662
365 2.833086603262907
366 2.901608892468059
367 3.075101835577553
368 2.9895317229134752
369 2.7251140034878496
370 2.7110403636723968
371 2.720911805115388
372 3.0928691850996204
373 2.9430227583602866
374 2.938743044802507
375 5.04816901859748
376 3.0166115785747074
377 2.8775091795869803
378 2.711171681063431
379 2.864971701201847
380 4.408669792467975
381 2.7489808657048274
382 2.7917294511266166
383 2.86587912989417
384 5.965829502058594
385 5.089132324745333
386 2.734076782658146
387 3.800812950963686
388 4.5854142924143515
389 5.329237727941476
390 5.0135771980380435
391 4.456717376293152
392 4.9153499988236975
393 6.320499708369301
394 4.9357582754330815
395 5.1650188323599
396 5.1989968835875855
397 7.381995020409511
398 4.800009293000385
399 5.342931086329054
400 2.727854703222687
401 2.8069867837696836
402 2.876306602520438
403 2.7629676134538594
404 2.763287449767671
405 2.6963228812303406
406 2.708010762028222
407 2.794943503420719
408 2.7356868155773846
409 2.892863019352032
410 2.69007649610785
411 2.912549579000011
412 2.9357002359064808
413 2.77811532994597
414 2.6739717474329363
415 2.7348793265244202
416 2.8941909013392135
417 2.7916700891919226
418 2.776066525145529
419 2.8302662209931304
420 2.8414737354151325
421 2.6681422164180435
422 2.737866270663354
423 2.856360710037054
424 2.7506313953504677
425 2.704512236956101
426 2.68109813103323
427 2.7546347156495203
428 2.74200895407581
429 2.685392546006343
430 2.794415663974422
431 2.844164571918656
432 2.7555103861547856
433 2.711410847817221
434 2.8309828995904116
435 2.722624308620144
436 2.7693033738789965
437 2.7805663381654897
438 2.868945369413517
439 2.7530769679851548
440 2.68141663591071
441 2.734424967660498
442 2.7694989828387397
443 2.803837094366574
444 2.9020679093974064
445 2.899886030936443
446 2.5531954287784386
447 2.6994287525888843
448 2.881961496726173
449 2.7761818098183113
450 2.8148154413442072
451 2.6926843390660724
452 2.8844398083584544
453 2.811221961064734
454 2.6786654929705973
455 2.7746236524470427
456 2.7820693875973728
457 2.9240496937019445
458 2.7192316485267574
459 2.8440962737579825
460 2.8324661631316976
461 2.6380677448135534
462 2.684490828277628
463 2.738051582484508
464 2.803785304594245
465 2.782094188610102
466 2.7297981211010622
467 2.7289581442649804
468 2.755375225911122
469 2.939463928770655
470 2.79160381952104
471 2.9196053280236187
472 2.8016152579925495
473 2.8706726698369978
474 2.810078186283183
475 2.6763151032851713
476 2.6944392498742977
477 2.9090136567252958
478 2.802911615879158
479 2.910751328017805
480 2.7882700245645897
481 2.8729674264941543
482 2.733248955505912
483 2.685509556671563
484 2.9728041239222196
485 2.7888346545280576
486 2.7392463759771815
487 2.6698376765769933
488 2.7144812212456917
489 2.7203597193059643
490 2.605019718432005
491 2.592121717380694
492 2.855274269384953
493 2.7068769664686196
494 2.7421394983323024
495 2.7679637337713876
496 2.966663080619799
497 2.906269899095751
498 2.8800196038166352
499 2.6544370931447734
500 2.8426115512132712
501 2.7895147936104374
502 2.7556009401445807
503 2.683396351449853
504 2.7227366711007757
505 2.7889386879442473
506 2.69550893538235
507 2.763410851733676
508 2.8337468535228973
509 2.643193584000931
510 2.6902262705776994
511 2.7771278241690545
512 2.8253072526347225
513 2.7043004645088335
514 2.7176837110620897
515 2.6448581251721706
516 2.8493798237765353
517 2.898508267223245
518 2.6455091787997134
519 2.722790499696752
520 2.656343622849864
521 2.865349634880818
522 2.8095206718651324
523 2.7458024222565403
524 2.7720052139830798
525 2.742122825162315
526 2.807838418789255
527 2.926575392637484
528 2.804068032856095
529 2.7743777234044416
530 2.751945715710842
531 2.9396305703548493
532 2.896732269474367
533 2.7224631914427064
534 2.8245990429537344
535 2.6198050792379433
536 2.844145988352946
537 2.8287125197662357
538 2.8419909300531097
539 2.7869893443013853
540 2.812292429060193
541 2.806380619437821
542 2.912232078325401
543 2.8160420088262144
544 2.887685473758494
545 2.895932910300706
546 2.869665962417183
547 2.797285932039925
548 2.6968042040857085
549 2.8400300100080127
550 2.8166890339208392
551 2.7828672790055635
552 2.734313731084539
553 2.7351316639284207
554 2.814667269674551
555 2.6702551365352187
556 2.681175225759882
557 2.7436789776629413
558 2.7205401576962513
559 2.6250587679288184
560 2.7830156413335074
561 2.858231247940468
562 2.6894282034884913
563 2.79714192154504
564 2.713803813727432
565 2.7997409255783796
566 2.806341180146538
567 2.9750629112788207
568 2.6960469748374085
569 2.6948138360037146
570 2.7408672215147867
571 2.7640729606970775
