0 14.800890892734177
1 14.901991419425496
2 14.875419157366657
3 14.684070949301837
4 15.08037510743009
5 14.971855948934238
6 14.653640995974838
7 15.013612968244791
8 14.053877532797836
9 14.96269171468353
10 15.212734141204345
11 14.867278647436342
12 14.572756208405577
13 15.208014245929302
14 14.864928080117256
15 15.094533867281978
16 15.120250188463583
17 14.152948742577436
18 13.971914150251633
19 13.807746951405043
20 13.657183416278903
21 18.303341397328687
22 15.163830968214583
23 15.07927955222522
24 16.94227250869283
25 16.53770302077477
26 16.823766451117844
27 16.330849672000948
28 17.01918461504148
29 15.001491300834646
30 16.143805179054763
31 15.940044138579415
32 15.636475082275547
33 17.28394918308588
34 15.863635504370594
35 17.02332044177084
36 16.081769879751494
37 16.66070091563096
38 16.455468416046035
39 16.20742703306967
40 17.190470381095412
41 16.182766047808283
42 13.82813533204932
43 15.766067839489589
44 16.931506283007042
45 16.675197147925317
46 15.413940525382714
47 17.855288876657667
48 16.471102756687905
49 17.68752909078653
50 15.823370011387002
51 14.431573730790705
52 16.523252963213437
53 15.610045141598635
54 15.73274645270654
55 17.613364380467736
56 15.851639241217132
57 18.147447221554888
58 16.65759660438136
59 17.633533136675187
60 17.958870154539593
61 17.878956419385062
62 16.651972728997603
63 16.526253631827004
64 17.527117253322746
65 17.71965656723829
66 17.321975716615732
67 17.819379879213596
68 16.664189756978526
69 18.153360209400216
70 15.04912766467193
71 14.795012751836625
72 16.06646393498146
73 17.78864978449298
74 16.501440746412285
75 15.17770642755894
76 17.323509789985312
77 17.504807940489897
78 18.24963211956354
79 16.782995429048057
80 17.074659605629794
81 17.40867649988898
82 15.917839358936467
83 17.316070018432566
84 17.26165791135804
85 16.807156048421547
86 16.622801326338095
87 18.648969070410473
88 17.911158298991058
89 17.538152972280542
90 17.748921960647042
91 18.58900431966423
92 17.639369600196403
93 15.61444658182438
94 16.17548233141675
95 17.34822730989109
96 17.415375643696862
97 17.54090837367984
98 15.906764546046963
99 17.128533736347084
100 16.868572397412965
101 16.48554059964672
102 16.991973116419537
103 16.811212787826566
104 13.78306798217112
105 15.954505447310614
106 15.609534671098759
107 17.88604420413841
108 17.467972305634614
109 15.861921221953644
110 16.087671137553247
111 16.15934118455676
112 18.89045233663179
113 18.1314066571232
114 18.34187785590133
115 17.685032276634104
116 17.375609889498282
117 18.085012134144307
118 17.42871539741984
119 18.469350730174682
120 18.094637443294083
121 18.240146488597798
122 16.627092780596602
123 18.331245604667046
124 18.385421364363502
125 18.064793350791664
126 17.0808210960842
127 17.90296400914616
128 17.509853238835166
129 17.848425729693737
130 17.25529348457688
131 16.648157394023208
132 16.6821400333541
133 15.430065645532652
134 18.07928067802946
135 18.04463630977495
136 19.006805670635313
137 18.745764398381613
138 18.247791587001565
139 18.44300404344861
140 17.995808525717862
141 15.426514680232733
142 16.698490837862803
143 17.850714087688726
144 17.47719040655267
145 16.39784079473004
146 16.765984445536635
147 18.437950489047726
148 18.735914247232333
149 18.273541027157428
150 16.19522633593311
151 16.796694995198493
152 17.581488385773998
153 17.180795318860714
154 18.44538129859614
155 17.66732309521332
156 18.70100031978925
157 17.422970709793443
158 18.62959518221625
159 17.717738225631496
160 17.940444633153668
161 17.82929101747784
162 17.475381599096007
163 17.59879268079991
164 16.2502809519811
165 17.88265653659384
166 18.054027644420255
167 18.095550920079102
168 17.789370583254385
169 15.411128861212923
170 17.09987502205806
171 17.38530881491734
172 17.079991062320904
173 17.734957777763668
174 18.140937852193623
175 17.264209685244747
176 18.087882704658025
177 17.832446428381363
178 17.656783462270436
179 17.358486778940147
180 17.3659920243553
181 15.679742004527045
182 16.570288994133957
183 15.239284598487302
184 17.78079738671841
185 16.838301415154174
186 17.022311232263473
187 16.756596197402366
188 18.1711200671183
189 17.035957338347945
190 15.39803803457342
191 18.818420919286073
192 18.586564251234172
193 16.47849273427047
194 19.20518852196515
195 19.12742585507969
196 17.52306410908141
197 16.688379144613485
198 18.94663338800183
199 19.368336388512976
200 18.943645027146363
201 17.93577151572353
202 17.63049914274723
203 18.3030780410381
204 18.079023985485037
205 18.479385358872868
206 18.44479527766609
207 18.44173988780343
208 18.216113081792283
209 18.94256345347012
210 18.415743205052113
211 18.616378403097432
212 18.31269432731533
213 17.852410310005066
214 18.968565980605838
215 17.670838352532993
216 18.44622083694423
217 18.36191091582032
218 18.51903120697817
219 18.40774734160228
220 17.567267601249025
221 18.331067813908927
222 18.063413670031437
223 17.966135064834933
224 15.418583356721218
225 16.770841461331223
226 14.302287958844015
227 18.112647947858964
228 16.588665390957306
229 18.30630150656312
230 15.749908563856046
231 17.15409147804098
232 17.108848058769755
233 17.308491802829373
234 17.399232742368113
235 18.35445364036076
236 18.840504904256793
237 18.024819263549357
238 16.904226731579325
239 18.220442029139416
240 17.041099421037586
241 17.579860405950356
242 18.283357639231
243 16.70841362018882
244 17.206552279373298
245 16.796817240520852
246 16.95412624037365
247 17.43122537418385
248 16.874417030967603
249 17.210093832968475
250 17.976967289547307
251 16.915724587128917
252 17.33509454215338
253 17.138788863093378
254 17.334476236559595
255 17.78816638018559
256 18.37309478440082
257 19.03896459062313
258 17.441126673110418
259 18.04465032621994
260 16.98345953268492
261 17.570886765808208
262 16.770581277602364
263 17.313402996198036
264 17.592871020140777
265 16.800254389360312
266 17.832623332575086
267 18.064889694185766
268 15.471590222429887
269 19.513142173515448
270 17.031417754256232
271 17.88677838205938
272 19.211069413493913
273 17.72223464564989
274 18.293699770986816
275 16.850262881836308
276 18.627072056061493
277 18.34106252217781
278 18.877180351237488
279 18.402438554905036
280 18.444597948852692
281 19.140373575049523
282 18.87978315197804
283 18.82360007576611
284 18.664395082816764
285 17.89494252005734
286 18.29506523286318
287 18.924961960055054
288 18.829704026025855
289 19.01273479327091
290 17.837704128611605
291 19.669609932003564
292 20.069018499023578
293 18.8095170914048
294 17.799215358585208
295 17.461998208962118
296 18.24838323717545
297 19.198859093502726
298 16.239850528795397
299 17.882683220489717
300 18.373551154226952
301 19.19476485991994
302 18.497569857621464
303 18.01004131967902
304 19.58469453425344
305 18.792814838927892
306 18.485596328979664
307 17.970480918187853
308 18.14687565418068
309 18.79311975243012
310 18.576177338966513
311 18.536878913265493
312 19.685463801040665
313 18.407907581046807
314 18.69813977693858
315 18.885803630474722
316 18.754632677261757
317 18.39611573930396
318 18.9550693546236
319 17.625181900397937
320 18.026793757081897
321 17.631737746059382
322 16.930689180444386
323 18.383585719563
324 16.606003923651443
325 18.5714254942111
326 18.43558927397714
327 18.420226919592945
328 17.706951759740345
329 18.680441353521914
330 18.616567907269047
331 18.68651116246342
332 18.37472736719747
333 17.566233049397844
334 18.552492631490495
335 18.493969388923425
336 18.403175187902686
337 17.811567141334535
338 18.98719903472041
339 18.917597111566206
340 18.275266005784335
341 18.324509351452043
342 18.950075766732546
343 18.562573099202282
344 18.192296607880117
345 18.82946321935297
346 18.575078396108722
347 18.359874376191726
348 19.102872767881
349 19.202604026763893
350 19.694779287121026
351 18.377717549789338
352 18.57558526648728
353 18.99106442403012
354 17.60905972617731
355 19.361321076882152
356 18.619683740783078
357 19.40337950311234
358 19.52342431515723
359 19.57717985648622
360 19.253144373311176
361 18.664786941763616
362 18.05282173746343
363 19.338518060446226
364 18.831577138382357
365 19.010730007336157
366 19.377955895732146
367 18.881836630758592
368 19.405089711919338
369 18.407799496783806
370 17.184431832494987
371 18.293032512425796
372 17.97517489923593
373 17.57349669997405
374 18.693004056615592
375 18.052801061228035
376 20.154467319951653
377 19.72466823737
378 19.348724816890165
379 19.78978169875967
380 19.911436506980188
381 19.25285009875818
382 18.914204350789728
383 17.729842517759284
384 19.51254794266082
385 19.273063335254218
386 18.885635202518547
387 17.21271194009669
388 19.558946418186366
389 19.81092409993091
390 17.234880476019644
391 19.853533777258473
392 17.94295129323324
393 17.338600043514273
394 18.079446994903993
395 20.259674420351118
396 18.762438828367713
397 15.71030536134892
398 17.939833991637894
399 17.37188667478931
400 16.49086503736869
401 17.379497579191067
402 16.188942490657944
403 17.38842152062545
404 18.272343574987012
405 17.553576604976776
406 17.864249688389656
407 17.729694042094255
408 17.60075576223842
409 18.735191786300845
410 18.705918118535923
411 18.02090919393523
412 19.044079643217575
413 17.98142124360927
414 17.01447004379931
415 17.104206123185868
416 18.177835404346734
417 17.436269438927148
418 16.697223100908907
419 17.37076273583077
420 18.507703831949584
421 17.179766857816684
422 16.369910607252667
423 16.59170414194546
424 16.640335336947945
425 16.31190779206085
426 17.019809810817023
427 16.533064519061867
428 17.33833284562455
429 17.111168784630905
430 15.297280839758407
431 16.835827574100104
432 16.358011326649855
433 15.662711867261534
434 16.599454537903682
435 17.71523850017407
436 15.218265174909167
437 17.08305792194181
438 16.093267098222462
439 16.32242546072765
440 17.04888719777768
441 16.245261074753465
442 16.72116346777917
443 16.136153679261536
444 16.91914524842317
445 17.0177126352504
446 16.025634113848053
447 16.056656703286876
448 17.41953378198517
449 16.29213202197723
450 15.906057178806309
451 15.819344048696863
452 16.079286892866055
453 16.434608260907577
454 15.32672944173489
455 16.52976407012445
456 15.66977463162089
457 14.876729829175401
458 16.27584540416837
459 16.344757995710435
460 15.336162688280588
461 16.313392198284244
462 16.833638559416162
463 17.149586300841758
464 18.048807480015327
465 18.06414636969197
466 16.54269497244723
467 16.610796535648035
468 16.090425446961127
469 17.2949555789979
470 17.392718525131066
471 17.92061105140661
472 17.918623899194227
473 18.373407277809562
474 17.37869256622571
475 18.78013345025062
476 17.697574459977908
477 19.65324565296475
478 17.306115780949373
479 17.3665649309785
480 18.019254989051625
481 17.41779851515223
482 17.043143445268935
483 17.17054061962601
484 16.5448751143095
485 17.861681608409857
486 18.51556047137648
487 16.970525422781314
488 17.73348914365971
489 18.348785726684397
490 17.777901251939987
491 18.436818904944765
492 18.871442233189054
493 17.484241125810957
494 17.999099325840735
495 18.387947061366077
496 17.719867399516403
497 17.29571062756586
498 19.431443276317275
499 17.95190337261959
500 18.447501474486995
501 18.010790123755918
502 16.116496529867412
503 18.122324595412294
504 16.778694208651192
505 17.27565539826448
506 18.240023892838998
507 16.72055067422457
508 16.708656353564937
509 15.475879153695992
510 18.46746405865342
511 16.22564939812508
512 17.893050160348107
513 16.015611135040587
514 18.812221233994194
515 16.791479597013108
516 17.836078840172124
517 17.638621489442873
518 16.354219467438224
519 17.290818519323164
520 16.9605416156235
521 18.066388011675887
522 17.4089016788787
523 16.049226392626846
524 16.070088163156683
525 20.170899222689908
526 18.847221898910824
527 18.47637015091202
528 19.075289129488116
529 18.1038744204433
530 18.48953406132752
531 18.581132220289614
532 18.260056809065727
533 19.134978106245374
534 18.72697121636682
535 19.603204791492495
536 19.094686176426936
537 17.080784702181305
538 19.69155361553934
539 18.390853579997906
540 20.13380717183865
541 17.994522867592558
542 19.883727209050406
543 18.641653745659994
544 19.160265429130305
545 18.914476913416237
546 18.745651610592876
547 20.507511203612488
548 18.259532575478985
549 18.821303250506205
550 19.588649673893574
551 17.513256751026624
552 19.141034203317837
553 18.529257040080996
554 19.699652012205718
555 19.083742562120122
556 19.588846064749788
557 19.758153666001377
558 18.79894757460135
559 19.382644555376686
560 19.60644745903156
561 18.41677094635371
562 19.372120952673214
563 19.380832250925835
564 19.542500190216437
565 18.94407903590187
566 20.20439256411173
567 18.323512198538662
568 18.668175695159224
569 18.562084849953827
570 18.935777203296556
571 17.65197981967124
