0 3.020048496535122
1 2.947015380588386
2 2.8923285978398234
3 2.850805369986156
4 3.0535685682298763
5 3.038588674503776
6 2.995614743998037
7 2.852017367076643
8 2.72267715641992
9 3.2458038621358183
10 3.102859083363066
11 2.8900932841191906
12 2.697248829701643
13 3.25291677762009
14 2.9099369293578494
15 2.9078529531324913
16 2.645667838677917
17 2.8781227121302555
18 2.8392061626641696
19 2.8329674444068345
20 2.9486715339032057
21 3.579373373887928
22 3.0771702465016695
23 2.9828045472069826
24 2.774380115320251
25 2.9075969047754064
26 2.943959839297665
27 3.178631240432804
28 3.2155527847868477
29 2.93365359332601
30 2.8623549709911837
31 2.7143762354933227
32 2.6766858929331354
33 2.9486846532823874
34 3.194087684848914
35 3.007633690467909
36 2.7494609677475146
37 3.21624339573344
38 2.788309757277024
39 2.8871532255586887
40 2.7237713331986746
41 2.8346299556533467
42 2.8735018659648093
43 2.973053959756186
44 2.8301907244001043
45 3.149504521379826
46 2.808479900784766
47 2.8917215945362336
48 2.897336183159093
49 3.5574640026742097
50 2.80978995574485
51 2.8358449486091093
52 3.1635167840015805
53 2.973893839032311
54 2.7779545030930093
55 2.930511776824219
56 3.0348565745634226
57 3.0114926039900727
58 3.0604196318006816
59 3.0580871659508233
60 2.7805834644359546
61 2.657393541913911
62 2.9035464584029254
63 2.9413233769967
64 2.822943098499696
65 2.936657071474854
66 2.870537327486025
67 2.9678238774186494
68 2.791314737587871
69 2.795273317710912
70 3.1329599690463312
71 3.2365183469865286
72 3.4202920558105667
73 2.715174253397092
74 2.8450976744793475
75 2.994993083491392
76 2.650204304579321
77 2.7591338892007546
78 3.275158035195503
79 2.8466225670418286
80 2.775811839919284
81 2.6992352547302754
82 2.684353300056079
83 2.7231714639470117
84 3.473903009234504
85 3.115616778158776
86 2.9805299646793366
87 2.8781444945751944
88 2.7687146556827624
89 2.954422422005922
90 3.172876221943812
91 2.8017181781907143
92 2.792992877952538
93 3.021482442346709
94 3.0449235847936666
95 2.8695232740258505
96 2.9943286523195534
97 3.015568915890661
98 3.0145509127925814
99 2.9554967156399075
100 3.151770152461756
101 3.122747062600571
102 2.799843637268809
103 2.952287408556408
104 3.1244845143716953
105 2.9072243798726176
106 3.008610006834965
107 3.0122950513598665
108 3.0622882960969005
109 3.0799736036296523
110 2.841706013334436
111 2.8491815737725825
112 2.901721812875319
113 3.037528982734756
114 3.077403210925217
115 2.702710469562381
116 3.0640889552074575
117 2.8125610966564825
118 2.765695489008557
119 2.876239886054165
120 2.925188213029385
121 2.920429295768395
122 3.0109695337409317
123 3.36488985370131
124 2.826946529817558
125 2.9563840813705027
126 2.9107159631011714
127 2.9148164888516703
128 2.8346810416374293
129 2.943706153467863
130 3.2371996731807196
131 2.764082748400896
132 2.9016021238417955
133 2.9013667909679923
134 3.04519997513123
135 2.827683752192745
136 2.78093307069968
137 2.7966080825445108
138 2.6657249324434615
139 2.867238262020957
140 2.6198723625908777
141 3.023853002778102
142 2.954870558877657
143 2.75709582714671
144 2.9508623799173614
145 2.9674081779614
146 2.9380271377460354
147 2.9482513108717496
148 2.752539394330491
149 2.875696284648411
150 2.9461088687109664
151 3.261160021639772
152 3.4050289569561993
153 3.1376022496470077
154 3.134189757345123
155 2.967890325107899
156 2.9447778114028957
157 2.9702463860606967
158 2.933217254890465
159 3.003821167449456
160 3.2064366987533943
161 3.3018132050153572
162 3.2476321236956087
163 2.9760303353907
164 2.889259530164011
165 3.017201766890767
166 2.893266960893512
167 2.9587905277777664
168 3.002520394775051
169 2.8858644405874547
170 2.8526881002735203
171 2.981791289057842
172 2.9448894098377614
173 2.990722625511641
174 3.135641477209118
175 2.857867351845598
176 2.7995223991980147
177 3.117004785514809
178 3.0361301814998556
179 2.831530209961728
180 2.7855539777854186
181 2.929532400417961
182 2.693333971363845
183 2.9308903391737338
184 3.3307205342699833
185 3.049088661411413
186 2.656682814045427
187 3.076915022667913
188 2.8629396411368746
189 2.8846623377572667
190 2.9548928619908006
191 2.916581401577555
192 2.9229310184666315
193 3.0276574222759622
194 2.9132409897398466
195 2.8587351882974357
196 2.962723638829956
197 2.991540695651986
198 3.1010060094855225
199 3.092119079784665
200 2.783997949844674
201 2.8607409140023545
202 3.061749922865581
203 2.817399661443085
204 3.1013922103303764
205 2.767888305482978
206 2.901230223609664
207 2.98574474167852
208 3.1165830842359568
209 3.3879964177961237
210 2.885278057903192
211 2.6430478579543695
212 2.710772054190033
213 2.8335567966685926
214 2.656892820105687
215 3.0540470325913787
216 3.043838165942033
217 3.072246496296054
218 2.6600824884325354
219 3.116855849232738
220 2.9209118837499406
221 2.8332333458092878
222 3.1679516605039066
223 2.936567406048101
224 2.9302689025610458
225 2.821028067315468
226 2.812194621077834
227 2.977009378809308
228 2.897092633387318
229 2.7946868707832477
230 2.9528772303326383
231 2.9559395562838247
232 2.542053771640493
233 2.8090529467116503
234 3.052872075851747
235 2.695253976553783
236 2.9041080824551235
237 2.8965375306870538
238 2.919851744472931
239 2.9461391146139464
240 2.8517810915558255
241 2.6631758914112034
242 2.867541535276934
243 2.926660760625061
244 3.1056294114650034
245 3.0199532841626033
246 2.7708886526814998
247 3.08784503436888
248 2.577121530439629
249 2.7169003069294404
250 3.042304355194606
251 2.821787256001648
252 2.9685912891096913
253 2.890860344937267
254 2.8423780488857737
255 2.8512503463544796
256 2.693040503525084
257 2.7118121925120704
258 2.6778214171485564
259 3.029482060137558
260 2.7920974166215125
261 3.117013348476144
262 2.9060568234488513
263 2.752000861315796
264 2.9444690168625978
265 2.81780915781491
266 2.7980546805320947
267 3.094593342412786
268 2.97393821137265
269 2.895244935253993
270 3.005226492966795
271 2.887120872871751
272 2.7618511110510555
273 2.7116964672272994
274 2.9667123507806274
275 2.7572572933528874
276 3.168985790750494
277 2.8399924853097627
278 2.715914542974819
279 2.9146970864027653
280 2.7983901150015833
281 2.818101055317737
282 2.784773868891773
283 3.155044689016873
284 2.941077018904382
285 2.8273261545154806
286 2.7640341186714243
287 2.8960291484974525
288 2.790590258434143
289 2.7522438475461786
290 2.8214547287081504
291 2.7947306562586367
292 2.877083306175895
293 2.715430112788866
294 2.8559009699486855
295 2.827369386941529
296 2.8395765070415306
297 2.6521570045551717
298 3.007742794545943
299 2.7732524170709927
300 2.978804797978694
301 2.9319290837383987
302 2.7594127463829965
303 2.9292061523671036
304 2.9617677744311917
305 3.0702422173877437
306 2.840779198369705
307 3.104207408806758
308 2.963953154106081
309 2.7800287348198474
310 2.872411611351487
311 2.876970745250651
312 2.767967538858763
313 2.9058843134280865
314 2.789739923138322
315 2.6787184915552302
316 2.7860361798664637
317 2.971066610269035
318 2.8954675301092543
319 2.6776525936408144
320 2.6950270648895995
321 2.7826402747466488
322 2.9382291100074114
323 2.6440379401550573
324 3.111014181009087
325 2.7729616035112743
326 2.744180264086874
327 2.877922386026831
328 3.0954554513594057
329 2.9843192320446925
330 2.696673194307253
331 3.0820661327245253
332 2.8442405169016727
333 2.9108117980332997
334 2.74956848715895
335 2.9129262404479483
336 3.011245674642262
337 3.058969036386055
338 2.7822202386425463
339 2.68813080978019
340 2.8329754921838575
341 2.9161847660422207
342 2.810592448281977
343 2.7480643160563316
344 2.8890439546789826
345 2.9410041464171948
346 2.8417184634193045
347 2.6157829709143017
348 2.774215872215745
349 2.780593638216543
350 2.7364958416215845
351 2.8573489368496974
352 3.049077134336606
353 2.812862935427336
354 2.9854431025808705
355 2.83365496312474
356 3.0966779169093104
357 3.0360817666022974
358 2.939113950825001
359 2.9067422020731546
360 2.9153103542384375
361 2.6559697030638345
362 2.7130722652329267
363 2.9756442286382283
364 3.111944975083599
365 2.875631490067633
366 2.7754240914699078
367 2.752563141963543
368 2.876229716822302
369 2.818929218056129
370 2.7162527466520863
371 2.765127065239828
372 2.6930302292885067
373 2.5854366927648624
374 2.7176346264045415
375 2.695831999319245
376 2.754423127849073
377 2.994047289500157
378 2.742270567842793
379 2.9330325172447385
380 2.6754242422436896
381 2.757509553205337
382 2.6787958874936857
383 2.7681544554498605
384 2.861231086606958
385 2.589430335808875
386 2.8755299379053807
387 2.7300762774510123
388 2.674096225154334
389 2.7478859955728288
390 2.6262279815314815
391 2.9782197144316713
392 2.599176887695436
393 2.790947158857899
394 2.736484732230666
395 2.568676428296766
396 2.819471432748718
397 2.8418809532663754
398 2.790917918397648
399 2.6609834397926773
400 2.818524222388759
401 2.712964749656133
402 2.9565128366804667
403 2.698962266373938
404 2.630730841164333
405 2.7106073092174228
406 2.757169812192561
407 2.759150703989307
408 2.780170520495741
409 2.7004078208058426
410 2.6384918547175102
411 2.6833509999428746
412 2.804311911591155
413 2.7455928330094292
414 2.71725098949941
415 2.659694661628176
416 2.8020781628544924
417 2.8827658782978
418 2.8278802536542464
419 2.846239082739843
420 2.8265251638944795
421 2.650418516639943
422 2.8014602782384803
423 2.7265589096745586
424 2.819812502133714
425 2.708349726469219
426 2.6761016987770585
427 2.8065406145338034
428 2.7186045762046507
429 2.8284198017327142
430 2.8415593821455207
431 2.7114771015295953
432 2.635250319590243
433 3.0155381830484234
434 2.91023512488279
435 2.934156119069095
436 2.7289252303589926
437 2.815898364855593
438 2.7486266604256846
439 2.9201839985068885
440 2.611104420474956
441 2.6938660811446407
442 2.7130444773990376
443 2.639949116795961
444 2.8581909202720617
445 2.7677127123636036
446 2.8329453660488517
447 2.762359338336931
448 2.7707272109830057
449 2.726532932446915
450 2.7354035024567067
451 2.658030299453414
452 2.7888170448336256
453 2.6704312020915824
454 2.7781879520671175
455 2.80874931410801
456 2.7240550921953948
457 2.7465982963431412
458 2.8272027522681538
459 2.927927662658084
460 2.755205993399207
461 2.670720706491267
462 2.7198918906365894
463 2.6613069952363455
464 2.8108512990764076
465 2.690276797050623
466 2.9391170151055706
467 2.9871246645938516
468 2.6823349014378146
469 2.840663576262055
470 2.6702881210388454
471 5.919748729282776
472 8.262360833145994
473 9.399628350903846
474 2.745733108772775
475 4.247580312918884
476 6.485168426682824
477 5.602478635246353
478 3.3236440232338196
479 2.9065529216958566
480 4.206298264890648
481 7.431133857350798
482 4.595021001678541
483 2.8990383802815396
484 2.8406033176452934
485 3.3637556232557584
486 2.82011363403502
487 7.798666355650177
488 7.867810726081487
489 2.60537861481192
490 3.007693438996181
491 2.858430980435155
492 2.9177408639706135
493 2.744148049936478
494 2.6228661222589422
495 2.6898983899568294
496 2.892355931540169
497 2.8963621769703463
498 2.691257948876886
499 2.7376361793770188
500 2.8551996617311084
501 2.78093346731037
502 3.162683804524068
503 2.7824771978456297
504 3.0337569356860725
505 3.2699461131690546
506 2.906446939893206
507 2.7268355033637413
508 2.9714342813107297
509 3.0007673370602146
510 2.823410699551508
511 3.09454153777088
512 2.946132458995679
513 2.8300779380209184
514 7.328534422241608
515 6.763705542375194
516 6.958041075964993
517 6.559870292466449
518 7.939001327757813
519 7.407539694116827
520 8.017763928411256
521 6.706598970728007
522 7.780918961579586
523 7.926647628119073
524 7.404341788264917
525 6.392777076677959
526 8.374499881493731
527 2.9399293329499168
528 8.163850998646971
529 8.538350242809441
530 7.257199789354284
531 7.033276450887011
532 7.4872737161620275
533 7.269111042240876
534 7.78137990244327
535 8.751454213957484
536 7.976861164841496
537 8.42977538924172
538 9.828146575842423
539 8.628413148435138
540 6.725579834695237
541 2.8991555420468735
542 5.689735212827203
543 5.6970479084375
544 7.542408037569681
545 5.310454593241508
546 7.513450054765778
547 8.692219618417097
548 6.53053738587223
549 6.800704234915359
550 6.905586029276256
551 7.6705600151317475
552 7.782897938293919
553 8.642435041344529
554 5.606266529909446
555 5.611818767073222
556 5.444652561494348
557 4.5577431189057895
558 8.693920142641213
559 7.89375570226223
560 6.497402571937533
561 7.423199626232521
562 6.632715252189809
563 10.045056452697914
564 5.10282941287174
565 4.198398425902636
566 3.092280737533726
567 2.832694818527716
568 2.6573207247740696
569 4.722302510102285
570 7.782264391560019
571 6.876039716919631
