0 2.5690520962787544
1 2.5770163215166795
2 2.606332650949759
3 2.5470667907923676
4 2.6341198563509463
5 2.586639627790198
6 2.5149259479091404
7 2.636618850074377
8 2.5810109479420613
9 2.6426461604390363
10 2.6507931411566146
11 2.669214252655411
12 2.6744190234553207
13 2.796697156000432
14 2.622782906345864
15 2.534192621519869
16 2.4790888730905114
17 2.669192757511671
18 2.670198451374281
19 2.6011548211660567
20 2.5109473634608435
21 2.69863278182261
22 2.642850416718512
23 2.596275092894066
24 2.714195182594843
25 2.627010605506267
26 2.551156748099434
27 2.5715479533365646
28 2.7203126771814126
29 2.7372198316924434
30 2.519846962924874
31 2.5241357554387114
32 2.7306480104515307
33 2.6175762169992325
34 2.5601641655329033
35 2.7956503853695023
36 2.685643542741755
37 2.670873365840822
38 2.5421735097945235
39 2.6600720579411696
40 2.684079612146231
41 2.529311768396357
42 2.5801611188155102
43 2.552814435873713
44 2.5287486346133807
45 2.492452867334337
46 2.591507543870267
47 2.534640715252313
48 2.5790100414881407
49 2.5407438082533353
50 2.6448854585892123
51 2.6704462895749286
52 2.6091337127024987
53 2.544501756407365
54 2.594267513783947
55 2.693728191126773
56 2.5984985866308015
57 2.6027506043852986
58 2.48417072266794
59 2.6077289109867934
60 2.7085126948069225
61 2.6293359370563323
62 2.5096405203753815
63 2.71369266851377
64 2.7209915555487467
65 2.66991908010971
66 2.6323161963959474
67 2.557606525248171
68 2.5641203281150005
69 2.757733704544255
70 2.589951053792756
71 2.8016663886734485
72 2.645798358256748
73 2.638982029147085
74 2.7471182645062133
75 2.5637780217079467
76 2.612555932765779
77 2.567678097722278
78 2.7361601339697503
79 2.8119239638395612
80 2.4931791859398618
81 2.6269507530754366
82 2.5975264798786646
83 2.645561079465481
84 2.5098254683500714
85 2.7359289972241743
86 2.6291755595530613
87 2.5223087238772757
88 2.594572138236865
89 2.50155115430451
90 2.592696337212446
91 2.710305000429752
92 2.683662768271442
93 2.604790949724645
94 2.569784144949025
95 2.623450773014453
96 2.613650886255735
97 2.698584409211347
98 2.731625152278353
99 2.7618914555854444
100 2.5563858334310336
101 2.6616626546354443
102 2.7412717010279715
103 2.6471946981751846
104 2.6544712607057748
105 2.581577219322341
106 2.618148921626057
107 2.701364879513799
108 2.6631250388709824
109 2.6330883948349713
110 2.669836820643808
111 2.56549878121664
112 2.608759204768877
113 2.5160633697523744
114 2.6224931451915756
115 2.7001127239573743
116 2.62450674269743
117 2.7074954635382786
118 2.7529903578006083
119 2.9125075118585553
120 2.7197632874307103
121 2.7127499434964726
122 2.5818166488890926
123 2.52971823057706
124 2.485438438143122
125 3.0335195489049664
126 2.637464330962034
127 2.5426934024636885
128 2.6392388298355494
129 2.6013205452646453
130 2.740132029440476
131 2.6064434723652345
132 2.698005567019826
133 2.6588499940923533
134 2.697016647630039
135 2.5920561311050863
136 2.574904087174595
137 2.5160938422905943
138 2.656799289814272
139 2.6026314035820906
140 2.612007209373944
141 2.6221831655391377
142 2.6502496021863804
143 2.4965176564011413
144 2.6330869800848404
145 2.5384977802341395
146 2.454723699121137
147 2.68426527947227
148 2.431759297283055
149 2.6133780577882413
150 2.6245459550065076
151 2.7738836496194517
152 2.5119818874583313
153 2.6146929866214257
154 2.6115092711887726
155 2.810333046044633
156 2.6738464268321227
157 2.616085476620968
158 2.5701000024131644
159 2.559125352499572
160 2.612682794479504
161 2.5671363990727887
162 2.700370204158548
163 2.557224436068929
164 2.6425122241425756
165 2.697880309456792
166 2.749453467766488
167 2.5420430465610697
168 2.574570540278056
169 2.585288823474458
170 2.641461158634213
171 2.538923123034891
172 2.6442215170818106
173 2.7021587523635144
174 2.7149021260006734
175 2.7349562507128353
176 2.6781519519210035
177 2.504303226812537
178 2.5708232081774236
179 2.632788177061735
180 2.6104381403411177
181 2.527114069186845
182 2.528309520524109
183 2.8596309088294136
184 2.615591886769502
185 2.6114281210612567
186 2.5476869968521068
187 2.609659607462764
188 2.6991312813550037
189 2.6266898530842733
190 2.527908910826197
191 2.5186623320988044
192 2.6814524817192638
193 2.6090176876752595
194 2.661728551317786
195 2.6335432108187717
196 2.568918470987615
197 2.791504447406846
198 2.6045925845270532
199 2.6224098142529058
200 2.601099090207631
201 2.7317538421148404
202 2.6418438797385004
203 2.656478010758736
204 2.6490588187973545
205 2.595594638243164
206 2.5426177575981366
207 2.6680151185642598
208 2.4808982737366776
209 2.703378668452294
210 2.58857942166172
211 2.776136910369813
212 2.573095099951256
213 2.6578649165306896
214 2.50984718391661
215 2.7154224012460006
216 2.543911196658352
217 2.7013592275473473
218 2.516686349281007
219 2.5731522227460624
220 2.711884678057328
221 2.737550466904729
222 2.5867921699383905
223 2.5352476045465018
224 2.5894413729142824
225 2.807849122210275
226 2.6217573973284884
227 2.7225010297710663
228 2.682074861676703
229 2.6638951798526516
230 2.6632510990582228
231 2.5739283752798943
232 2.710169133844866
233 2.5598508475267328
234 2.63671083585051
235 2.6399301594047797
236 2.67390965715995
237 2.610703404679285
238 7.883195206806239
239 7.394896346886413
240 7.643402926882612
241 7.941514313995864
242 7.429655594649682
243 7.794374156537494
244 8.391021429175266
245 7.90587395091448
246 8.10798561181923
247 8.346218151865097
248 9.104937159721754
249 8.109809804009574
250 7.964193776726197
251 8.248478766983972
252 7.496493390955128
253 8.631257299456843
254 7.6222807342001975
255 7.889571311693518
256 8.036826621887872
257 7.777277604875902
258 8.227306302650767
259 8.414112033922919
260 7.7028699259482645
261 7.269701858310869
262 7.761934909500239
263 7.719525184642296
264 7.182665911562125
265 8.777572968559117
266 7.132844781504752
267 8.298099300221798
268 7.6776019601186345
269 8.907472115627185
270 7.700578538616384
271 7.728230312635687
272 8.233596572132898
273 8.292662015732864
274 7.863050288121791
275 7.729459500943332
276 7.51332645141629
277 7.978421143887079
278 7.402285446591658
279 8.58583855915104
280 7.693198200162122
281 7.9826338403223
282 8.192969875481532
283 8.161859071842594
284 7.7073638505093625
285 7.2559559936302955
286 7.9739540661351604
287 7.38429871783419
288 7.331310409551569
289 7.093508726307831
290 6.936393790034088
291 8.068384650745095
292 8.023275588556102
293 7.718898887809104
294 7.19056322235521
295 6.795236724539737
296 6.3986069675005846
297 7.706642380048753
298 6.870060589288283
299 7.359867618063539
300 7.214055792257244
301 7.375970219489982
302 6.748040727437447
303 7.088031506557633
304 6.5987389255403635
305 6.634979173486718
306 7.507254978005033
307 7.772736771537034
308 7.3245934130666095
309 8.151554256865278
310 7.240664194658773
311 6.4305072978344935
312 6.987379335889705
313 7.144553216124247
314 7.025224918033134
315 8.104626493306958
316 7.20956211099004
317 7.105478503976036
318 7.678889145766077
319 7.761539550381416
320 7.377776425640897
321 7.142372344456868
322 6.867289516845298
323 7.034846745041205
324 5.89115972462149
325 7.743156898009363
326 7.3318800625493985
327 6.62695634262786
328 6.886316627174346
329 7.552679975157653
330 7.455397043892138
331 6.646613568234026
332 7.371511023974045
333 7.418160726772274
334 7.498248218604253
335 7.2891179646994795
336 7.2945032019525815
337 7.2096975064400475
338 7.064279155749315
339 7.8189952430384695
340 7.206727919419051
341 7.0819382279430805
342 6.57122146126468
343 7.415946825366275
344 7.498186658846869
345 7.672717531341705
346 6.652362323917399
347 7.566875731457688
348 7.103654075598116
349 6.758737968718357
350 7.7445779328085615
351 7.181686104577882
352 7.628035495654791
353 6.899642471292541
354 7.205500234150077
355 6.712691081390624
356 5.686414287186281
357 7.659531441164186
358 8.454247279959468
359 6.784550071023292
360 6.8295303998657895
361 6.543764553013397
362 6.681506561656557
363 6.521103600652508
364 7.569814318192351
365 7.11581554095082
366 6.832755752741616
367 6.09578046706121
368 6.989426442154257
369 7.606656863569527
370 8.206363992817082
371 7.348055469801763
372 7.0077887136411094
373 7.157874490173603
374 6.789297890968256
375 7.7677538531748125
376 7.833498582700506
377 7.737579701314661
378 7.07764995709088
379 6.880624272466663
380 7.701000446884572
381 7.868782452351979
382 7.068393386715659
383 7.597373888209808
384 6.2419125936853055
385 7.682461825627899
386 6.969992612293667
387 6.950493598582994
388 6.801374043511591
389 6.875968849311012
390 6.997216488854204
391 7.342353083553439
392 7.485219834308304
393 6.8694002769248135
394 7.214460232091779
395 6.7539304361335555
396 7.0598199495991265
397 6.737208134145138
398 7.406331526717076
399 6.38769081515103
400 7.518030637294477
401 7.382753879980109
402 7.626608853444448
403 7.679444754724487
404 6.654548658203794
405 7.497827065184273
406 6.574479479646448
407 6.495824397170733
408 6.7480114180641655
409 7.110077085648986
410 6.589800484809078
411 6.411786935690682
412 7.4218449977541665
413 6.904431178517447
414 4.861186185077263
415 6.749930045080997
416 6.195724727658299
417 6.890528199162217
418 6.539293395889355
419 6.465708971953171
420 6.5585308958743305
421 7.547045026427594
422 6.288002165689618
423 6.888204054014244
424 7.372191719470167
425 7.984025736299518
426 7.2699860534522
427 7.27959799470076
428 7.296516044725093
429 7.734074305514515
430 7.382634504603414
431 7.069629190698893
432 5.924044193987783
433 6.231308901617793
434 6.528364809081462
435 7.568012787074581
436 7.921986985198773
437 7.494465479737682
438 7.3922401479312185
439 6.723311066672286
440 7.213294914227705
441 7.307955222407347
442 7.0842484610977445
443 6.9000936157625485
444 7.495190127160582
445 7.173837439005987
446 6.990314389555875
447 7.067029410799973
448 6.70709709431951
449 7.068095224335993
450 6.875930191062508
451 6.567553817441149
452 7.182445876509527
453 7.3884350562723204
454 6.450117758085568
455 7.2738897846543615
456 6.766116808083323
457 6.403578980334097
458 7.5701127240983475
459 7.199527989457901
460 6.826036780156032
461 7.224326784605742
462 7.541334020869797
463 7.4443419221195875
464 6.9004695931158695
465 6.530642325509843
466 8.16071346613983
467 5.505996941787386
468 6.379626507181836
469 7.17334929512407
470 7.521474145557977
471 7.948145692558785
472 7.418250760336025
473 6.616232909520489
474 8.772678038825592
475 7.826273233560332
476 8.626536396901182
477 5.9778435153516165
478 7.188914818945257
479 7.610471234945323
480 7.059722061897913
481 7.245822770357367
482 7.373272336166686
483 6.632781012992885
484 6.614885608729899
485 8.000972572897757
486 6.149874634554268
487 7.1614004827047175
488 8.173102254425048
489 6.875559821351708
490 7.602033869546685
491 7.521384010718551
492 5.932633099182952
493 8.081614597100858
494 8.187709083266494
495 7.082460154713674
496 6.916219324520161
497 6.987427440830818
498 7.932289240806852
499 7.713111719805726
500 8.31804418357681
501 7.112628011800107
502 7.291894873092339
503 5.276282030645615
504 6.5188309227202055
505 5.840550640998476
506 7.2202855562062
507 2.599661959135745
508 8.26109611133582
509 5.331578945129237
510 7.505711582154132
511 7.0416721151574775
512 7.650342006330589
513 3.4170742014179436
514 3.627427766848047
515 2.6278088263515236
516 3.443786023973959
517 2.8002416340396334
518 2.618357731129441
519 2.6652137433010448
520 2.638328925885323
521 3.073127658391199
522 2.6010319603423
523 2.613223485595076
524 2.644905105620515
525 2.6805136373313307
526 2.7108086857909655
527 2.720488592270388
528 2.562231519219243
529 2.646450982665181
530 2.6882865914822136
531 2.805440755644597
532 2.7145969319156746
533 2.6742589258287732
534 2.802121742029032
535 2.72105828248907
536 2.823386187188168
537 2.6887884874194277
538 2.784589704672404
539 2.7000493366647773
540 2.7052204116015375
541 2.7024300616431374
542 2.745688134855428
543 2.820914958835373
544 2.8361186539633674
545 2.7829117982447413
546 2.863823448357143
547 2.7078216086849216
548 2.722668694033894
549 2.6203052284087627
550 2.6595378448876574
551 2.517816862036678
552 2.693804952333526
553 2.705308375150067
554 2.6994271724198655
555 2.662065077132242
556 2.633346192618279
557 2.6303628794962695
558 2.8394252391526744
559 2.806014947461577
560 2.740949311167294
561 2.697151203168547
562 2.7953178896237203
563 2.719651394281816
564 2.724990391081726
565 2.926478031469742
566 2.6573267428549405
567 2.512651226301762
568 3.376248081463546
569 2.631898728086646
570 2.6578404599328693
571 2.71439877933915
