0 17.149811866378034
1 16.903071643117187
2 17.00097965212911
3 16.77603751666163
4 16.66388652406019
5 16.38196662829959
6 17.16489751349002
7 17.056716967862403
8 17.08562391275613
9 16.535768215479038
10 16.771493273642978
11 17.070850428860894
12 17.6617557249544
13 16.365018184630312
14 17.32960356317831
15 16.70637401587169
16 16.502624149169584
17 15.699200279787107
18 16.075299403665976
19 16.674185786238976
20 15.687052422026275
21 15.9611233895764
22 16.99552869529098
23 17.232417821311987
24 15.038566619081847
25 17.39623875970684
26 17.058174401375577
27 15.979581396313554
28 15.993284215335008
29 15.249503314766642
30 16.396679205500124
31 16.841596574140734
32 17.741257403402336
33 16.60899862865859
34 17.304139426092725
35 16.65163830300465
36 17.346998663758136
37 17.562342052786537
38 18.028240467118625
39 16.83507325662109
40 16.16361018080006
41 16.039318897708508
42 15.382586129158978
43 15.906907842624078
44 17.591407663868733
45 16.62085745850306
46 17.832701418221415
47 17.123121482638815
48 15.776093143419873
49 14.58050737770173
50 17.15723675291854
51 15.16795368804471
52 16.45703651364479
53 16.329503335340387
54 17.14509033833953
55 17.09199368816603
56 17.294578652468385
57 16.033490589162202
58 17.16043815003688
59 16.845174926086038
60 17.082326665639858
61 16.923359803495615
62 16.70312792503402
63 16.970866252052147
64 18.1578686560063
65 17.53954764511438
66 15.826770546396085
67 17.416155192646617
68 17.485306473843057
69 17.43372711771481
70 17.194295005572027
71 15.742154250652444
72 16.094957585901295
73 16.380726872819086
74 16.474228585722397
75 15.610830115671911
76 17.54306242154571
77 16.36722149234036
78 16.55210758596727
79 16.82933848618281
80 16.834185251582234
81 17.412684388776636
82 15.742367821513797
83 15.92571216250587
84 17.524550389892237
85 15.294854339227314
86 17.2888542779822
87 15.960104540023654
88 16.239897134263206
89 17.40799269605023
90 16.954077433167978
91 16.658493317242627
92 17.185112460755544
93 17.79750742340938
94 17.338170420757187
95 17.031942055621602
96 17.455526689764017
97 16.928157893594147
98 17.697862893398877
99 16.047575976447806
100 15.342671362275484
101 16.93325567041721
102 16.021240593806983
103 17.63296083182404
104 16.77348514130663
105 15.913053720895151
106 17.950285943862845
107 15.820566032239993
108 16.877886344279116
109 15.915695901272509
110 15.831907558345517
111 16.00752872493992
112 17.6715930269795
113 16.98653519153704
114 17.671207528631136
115 16.737838198727403
116 16.27758838628109
117 15.715482852695391
118 15.949217731239164
119 15.701632392711687
120 16.93001995138076
121 16.973868842308608
122 17.295004690680805
123 17.93463627614353
124 16.751608894137892
125 17.23381564926388
126 16.669519508546518
127 17.303837611741205
128 17.223813345769052
129 16.09735586571789
130 17.21945165081382
131 16.391602163750637
132 17.370131048425787
133 17.33641484166684
134 16.09329221514683
135 16.970284342827178
136 17.45207047210089
137 16.287782170450352
138 16.059892948037962
139 17.61915592943139
140 15.641946749673133
141 16.06046020151466
142 15.537611583623129
143 15.951584861241084
144 16.176701900932578
145 17.75466944463174
146 17.398671925033852
147 15.610829564917259
148 16.909772202207087
149 17.167377285413675
150 16.90309370256242
151 17.530181505811388
152 16.27345599988808
153 17.08961355962659
154 17.356863738104707
155 15.66367114343148
156 15.790790456945789
157 18.4018895520003
158 16.443634748920903
159 16.761061087422394
160 16.444705512283925
161 16.72662756882094
162 17.326972793833498
163 17.16814025925906
164 16.846741821688237
165 16.537177479630817
166 15.9760165729062
167 17.225324003607184
168 15.286871007150154
169 15.896948666478723
170 15.112312336883532
171 15.32085624263832
172 15.536207980360922
173 15.839133327398523
174 15.738313905384699
175 16.841163155378137
176 17.61902773915446
177 16.99597133609325
178 16.752062524896374
179 15.899314133100775
180 15.568847542403475
181 16.111350669100325
182 16.914580837733943
183 17.86825147166514
184 15.737850867741269
185 16.35374967313251
186 15.690535160735458
187 16.134057705931227
188 15.864366317440656
189 16.803827426648475
190 15.940478130593892
191 17.171242045573724
192 15.985812658051662
193 15.721106962318297
194 15.950241151056298
195 16.337143469873187
196 16.290553982778604
197 15.745241901045604
198 16.516398660609283
199 16.361358429592624
200 17.32574658550178
201 16.40792800862073
202 17.25859937714475
203 17.73546645659093
204 15.649534111726483
205 15.87858263542498
206 16.873795891812428
207 15.135435851583365
208 17.88051877387072
209 16.781308490893494
210 17.964325184541543
211 17.413034136753566
212 18.490565701096212
213 17.25698571373338
214 16.445954515443837
215 16.823366596453774
216 15.738106595305286
217 17.519893230851647
218 16.80139580604572
219 15.69035914156682
220 16.23065423444353
221 16.318528150447207
222 17.43085877011514
223 15.837698872259717
224 16.039506549706736
225 16.827588616699767
226 17.293791821039463
227 17.131285777632336
228 17.151615896859166
229 17.028973084867165
230 17.026930865928556
231 16.95929301140286
232 16.84439794923583
233 17.669992412654633
234 17.49292639621091
235 17.65986030490732
236 17.609015490143463
237 17.382543965379735
238 18.273148819901817
239 17.475490591751797
240 17.524215181642365
241 16.592517587304545
242 16.588436502349612
243 16.998889845789197
244 15.752545112075522
245 16.09922987669322
246 17.097430845635156
247 17.291219401244803
248 17.659551274045622
249 14.949892409059668
250 15.989937081537333
251 17.150194191836476
252 17.553484703945713
253 17.484675282259808
254 15.18802484089288
255 16.877100975695495
256 15.506120550215247
257 15.619602508510663
258 17.06196928844405
259 14.935810252384021
260 14.491828770076854
261 17.60367085774012
262 15.082618803298205
263 14.222181597797931
264 17.313732033774986
265 18.93930973433235
266 17.122522364660856
267 15.41930011586493
268 17.552719975944683
269 17.18604130078468
270 18.242676801927065
271 16.77766593404296
272 17.91184625993409
273 12.59242693586708
274 12.063501817146388
275 12.771651608771794
276 16.51575256014249
277 16.346445774643378
278 17.197051821382402
279 17.279392362217173
280 16.21463336631805
281 15.998333726632447
282 15.978784466152197
283 15.428961660031007
284 15.506950272616304
285 15.961821955328016
286 15.677115374825732
287 15.917102398310663
288 15.519055838591195
289 15.545696850887696
290 16.55897175265405
291 16.108113213268552
292 15.591679981321713
293 15.14840069372093
294 16.645261866909216
295 15.800526874888021
296 17.18578408450257
297 15.990595197853706
298 17.303151917401877
299 17.50819589690547
300 14.2523244554246
301 16.45692252619076
302 19.592565216058265
303 17.628326888803876
304 9.768616705754466
305 13.118922132370315
306 13.238771023940886
307 12.291886886726813
308 12.61287800343654
309 12.842039307745184
310 12.707004227064866
311 11.427602285915116
312 13.485837275136568
313 11.676664621218798
314 12.38353635823231
315 14.272743008041562
316 14.348573216827656
317 15.582185146871476
318 15.761125682728007
319 13.262505298396274
320 11.21582397048407
321 12.942534598111022
322 12.877556259765939
323 11.556015038155847
324 12.50119154497661
325 15.524661570660319
326 13.064110492832047
327 13.116859731834573
328 12.454214312813553
329 12.828091288444385
330 14.051822467650455
331 11.040828586165695
332 17.719889070474995
333 11.619041125819189
334 14.898501695973644
335 13.795669781159278
336 14.649537403773383
337 13.091366376104538
338 12.862151241026837
339 14.735411125304303
340 14.982781215107247
341 12.14661032494095
342 13.933152405687537
343 13.738144480637759
344 12.054288724353551
345 13.922528066562984
346 13.033795239970868
347 15.081504488153454
348 12.078094302296682
349 15.258863520583757
350 11.980354319550477
351 14.418327456957819
352 11.880200697141166
353 13.282920634234271
354 14.375104941423798
355 13.595924707389933
356 15.858328294067878
357 15.603027288396301
358 14.470104952352084
359 12.953028929348477
360 14.230580216524832
361 13.42366642478223
362 13.075960352936523
363 13.297023443160294
364 13.422988561303578
365 14.010438628568293
366 13.406981025429355
367 13.123842017651777
368 13.579960814066812
369 14.53406591172641
370 13.203292930505954
371 14.452751919740464
372 13.481549195357239
373 12.977645397207331
374 12.846870013226882
375 13.233613615339294
376 14.172668302571301
377 11.112638536357741
378 11.005272691778163
379 11.134889794904488
380 12.055497458634832
381 12.255645556084074
382 11.934880326897428
383 13.708732014680443
384 13.128845877144386
385 13.024451517233356
386 13.363020104843443
387 12.042356000018135
388 13.294066581224039
389 12.348996454596973
390 12.920193633827916
391 12.340649417836577
392 12.873680948991591
393 13.217037689602938
394 12.49434636695874
395 14.07423793830806
396 15.18237936789396
397 13.259561483404488
398 10.989213363744593
399 11.954188958429631
400 11.234593423466858
401 12.943473598126166
402 11.291183614926318
403 13.173908699955087
404 14.072561792703313
405 13.372853309330809
406 13.343490974146379
407 12.429115336856833
408 12.236561040532848
409 14.541625351457492
410 13.114342940670687
411 13.543754944189194
412 12.029686000973625
413 12.327420380350445
414 12.765078640324164
415 12.612134175632018
416 12.659379088491423
417 14.9087801795513
418 12.709073394031845
419 13.571185421759052
420 17.661915043988678
421 14.539648669674559
422 13.393702540571274
423 15.967399178048296
424 13.485108401148064
425 13.238300815735208
426 15.806450151511816
427 12.469692348030492
428 12.019112946864919
429 14.545441977624161
430 14.244548043087416
431 11.658017985350547
432 9.304025808983248
433 14.120495733760203
434 14.50481780361481
435 16.107396939564318
436 16.231796383756645
437 16.97780500237019
438 11.568625598531447
439 11.52784257813988
440 13.987989132068629
441 16.87799395354717
442 13.818050277005918
443 9.949212660641512
444 8.577343920680287
445 8.241398569268139
446 8.406999933090596
447 9.434358790461621
448 9.212907782321441
449 8.963670674872178
450 10.76704243104636
451 8.161639005686592
452 9.276778996874826
453 7.6009221340562805
454 10.936497321663639
455 8.855788715877349
456 7.242056697475689
457 9.097137213672722
458 10.259487524182777
459 9.473744928062477
460 8.808526103990289
461 9.433742496625873
462 8.032140792925054
463 8.675122485721309
464 9.860333024092533
465 9.591261483072731
466 6.825527060782821
467 9.850210116561055
468 10.071898393282249
469 10.943895976180924
470 9.936013379313902
471 11.28823471128829
472 13.052900742469769
473 11.61797207687863
474 11.901952860135568
475 13.45802523153852
476 12.1088273344468
477 12.601826306857497
478 13.982888886428235
479 14.50012219745352
480 15.638258125194843
481 17.32199527202969
482 17.476788003176058
483 13.03619429245676
484 18.623605797972118
485 20.246692031664537
486 16.543792347026354
487 12.954694047351117
488 15.393600793193903
489 15.732773616772592
490 17.205567295833088
491 16.6411145351227
492 15.388690743304865
493 16.934863210541884
494 14.308428813260507
495 15.564205278583906
496 12.482635284926289
497 19.88277787076926
498 18.306065436252418
499 15.694277686208068
500 11.675113431766594
501 16.901558934613636
502 20.13298305723503
503 16.918392640550483
504 16.00143371931147
505 13.418434340129359
506 11.715359574171085
507 13.789471506872017
508 18.769272041341363
509 10.452298513369083
510 16.60299852528296
511 13.749085777907846
512 19.00582108066219
513 12.339298269608307
514 16.117211991116303
515 15.553924759393295
516 14.159461133635716
517 10.708696504565523
518 12.938692177514515
519 13.71220133782905
520 13.012467626618692
521 16.429695354545643
522 16.439030004947124
523 11.423145834120668
524 12.745386240897924
525 15.307916443647798
526 17.036089157775557
527 16.709755508565163
528 17.023037953370373
529 12.34896923350661
530 14.084746521860355
531 14.745074622332584
532 14.418481553228284
533 10.946068330440042
534 10.83349305719354
535 11.20476760222833
536 12.564220098677811
537 12.793567244567049
538 13.441148335833955
539 16.26885042005517
540 14.286258848267464
541 8.904613426441758
542 11.827823488800707
543 11.789977248449468
544 10.576170431008586
545 12.58246564721558
546 15.555120546333368
547 18.020814557723362
548 20.050418571409153
549 9.718389186566935
550 8.335290529759344
551 14.119039931695925
552 12.159786693151569
553 10.66497799025795
554 9.474447104103442
555 3.2938221086917636
556 14.398902762307484
557 11.077716402875271
558 12.218319206001224
559 14.971130542629238
560 17.287056153342938
561 14.200896543490003
562 12.70841392598762
563 13.355255205485658
564 13.250360793236213
565 12.025956727182157
566 9.36217321822936
567 13.573055140489574
568 15.512899766700421
569 15.7367576477376
570 14.753239803688453
571 13.491047089470145
