0 2.6478851115078763
1 2.6854466217683672
2 2.6351484463607724
3 2.74816675192265
4 2.820008066488247
5 2.7616571844075444
6 2.710514703051304
7 2.7655041838736545
8 2.7957559780019166
9 2.8831881382954347
10 2.804613821197975
11 2.7673911999831553
12 2.811152594072439
13 2.7583655798752185
14 2.6437710362083355
15 2.725499374348369
16 2.814417240326882
17 4.3405213732819785
18 5.072996123010591
19 4.627846123135594
20 5.502955458548393
21 2.838339881204294
22 6.109951953041623
23 5.907054921691878
24 2.8105408921437585
25 2.859332036163758
26 3.8596584369690823
27 2.81369288518688
28 3.234401603270657
29 5.270743929962093
30 4.436221024615371
31 4.530755001831824
32 5.054875928651056
33 3.213948854786997
34 5.168126385348392
35 2.829481272236015
36 4.806326006771641
37 4.327745715504587
38 4.525220890445774
39 2.9099523149655555
40 5.13365352349158
41 5.320610140177007
42 4.172447034814185
43 4.586550495748659
44 2.596244188064628
45 6.561059297346505
46 4.371914788791199
47 2.8104120642234047
48 4.0391168432271645
49 5.437909560612588
50 4.53332707597933
51 4.671164738733876
52 4.704177204932954
53 4.345895169580834
54 4.443215360084303
55 5.044447035793966
56 4.4706559983678655
57 2.8153482212751304
58 4.513379256522485
59 4.531581062664847
60 3.658158781240379
61 4.561662219412834
62 5.389047171932709
63 4.903576913742824
64 5.325223025408268
65 5.594727910720696
66 2.7006413933102373
67 4.203644286614733
68 4.468256661193128
69 2.765791144211694
70 7.611463789476555
71 6.531784845764911
72 6.2556966691683265
73 6.617543321194686
74 3.6968123866772618
75 4.674859352708122
76 3.4621391795889926
77 5.280214545189238
78 3.404026650834934
79 4.1202761301764275
80 5.179425335983548
81 4.669287690913461
82 5.316994345027705
83 4.70156501710718
84 4.98525610424689
85 6.30723013076073
86 5.6172742160997
87 5.305195349075921
88 3.6242658696796153
89 4.451979250096501
90 4.914657772820037
91 2.959202919556386
92 5.026998682612929
93 5.151416431140857
94 4.79885596897499
95 2.935335552550223
96 2.9722737125352148
97 3.820443601686274
98 5.314256542202226
99 4.395805756450313
100 3.605498499844287
101 3.6826249287680946
102 4.435635432330435
103 4.438331711242081
104 4.6294882536418145
105 5.0499770076135
106 6.978434520083661
107 3.16867201316377
108 4.270899530563596
109 6.288545693951212
110 4.284885812461069
111 5.417316474723711
112 3.0061812010439066
113 2.7811858977674797
114 2.846335655951998
115 2.6758183665910553
116 4.7704290167997065
117 4.917164569943629
118 4.63992022787404
119 2.7706948726814233
120 2.811048400737508
121 3.2686467017795398
122 2.7890767289527756
123 3.081289033001697
124 3.0384846623781536
125 2.9147663673066773
126 2.6553671115318447
127 4.502173822498977
128 3.314731719444511
129 3.065333565233797
130 2.902395144449779
131 4.016091098591998
132 4.145325503132791
133 4.349544581004925
134 4.275901499862839
135 4.333051609007944
136 3.660358203969109
137 4.415242586311665
138 4.568536740685409
139 3.7371640771303825
140 3.780568356571061
141 7.3882452523420445
142 3.775929941413413
143 2.854673703007303
144 4.215260409052689
145 3.783952282441346
146 4.1607684661443605
147 3.804456774618362
148 4.9190298584852545
149 3.0440349953909127
150 5.1031419807587
151 3.9465339219614672
152 4.1529388485165
153 4.18325869840376
154 3.5774733055897747
155 2.7758222986914873
156 2.8165865064101405
157 4.475984851434577
158 3.733882958822035
159 5.045696599212097
160 2.758044743903735
161 2.739210823398307
162 2.84877081536524
163 2.911775830563192
164 2.8093659629977643
165 2.6875412358911857
166 5.007046499283647
167 3.939525158951967
168 4.799404874782414
169 6.285176727635335
170 4.174947572531018
171 2.725219406160483
172 5.286154297976256
173 4.104793539033588
174 4.27815716612973
175 2.7241495867158743
176 2.7403869245168613
177 3.1168881013831156
178 5.136747461868088
179 4.501460054725442
180 3.137403472880938
181 6.0551174589892485
182 4.0513995335315345
183 5.809855881559299
184 3.6472503366812403
185 4.366221479805625
186 2.6762804943742373
187 4.217712961272246
188 4.266511144870288
189 4.645456319925512
190 4.871703090605195
191 4.505668556698572
192 4.600956155458459
193 4.939402673071383
194 5.4191807574665125
195 3.5716489744199507
196 5.272246975354468
197 2.818306595298276
198 5.451636597117578
199 2.9613595595827937
200 2.8352804697106424
201 3.3316648832340388
202 2.6748206081417143
203 2.8446557395273
204 2.7804561761427307
205 2.74527089959229
206 2.864511056459528
207 2.7084969302780113
208 2.833007976371676
209 2.707867847410347
210 2.7117509978340584
211 2.868836470804872
212 2.8085796132934178
213 2.7309066636144905
214 2.751471734947978
215 2.7061832475699488
216 2.7312208741402126
217 2.755562774405655
218 2.8786538400217885
219 2.7105657886615155
220 2.783722642955389
221 2.789283127527157
222 2.742797209212885
223 3.4251736975689555
224 3.6843006682564288
225 4.88585410329266
226 4.579127715446593
227 2.78305991222937
228 2.679630867996143
229 2.851076070166401
230 2.8529950266489226
231 2.681985329856184
232 2.757672296396844
233 3.092585119135482
234 2.6073546320270475
235 2.786228998908494
236 2.9419807931452198
237 2.787411595716504
238 2.652974279932994
239 2.594809519508077
240 2.6223146305559477
241 2.6916143751654307
242 2.6670521078307763
243 2.6681909185473827
244 2.6933208537971565
245 2.82448817267602
246 2.8389273002167807
247 2.7773212480002942
248 2.8256413757773178
249 2.7102378515503025
250 2.8041369367183844
251 2.824941801014214
252 2.758583974074927
253 3.006510992376158
254 2.612314751488137
255 2.708793812525446
256 2.711077691057631
257 2.7322682625019374
258 3.024827983240014
259 2.872871577801285
260 2.6653138260876728
261 3.2801162687039374
262 2.834527767690989
263 2.9043530017330914
264 2.876200501546916
265 3.106026746195631
266 2.8598375791298136
267 4.236353207629935
268 5.074261794715158
269 2.875922933955609
270 3.9986078261658524
271 2.62674526768324
272 2.6302612782035855
273 2.832880447674193
274 2.769739511793061
275 3.2263036736439568
276 2.8503629748582044
277 2.7076104713785116
278 2.7852267236721877
279 2.639898935790857
280 2.8101361269751743
281 2.8621138681174543
282 4.982647400591507
283 2.8213354668855537
284 3.0444011987256623
285 2.7725059037859543
286 2.751590655492904
287 2.9493065490517245
288 2.7538283325046002
289 2.824103617103293
290 2.817168703150258
291 2.812356864315192
292 3.102447553221005
293 2.6106755227932967
294 4.327823493290059
295 4.112395887810812
296 2.699795585526206
297 2.875844573182939
298 2.770679666282769
299 2.9485435980651937
300 2.761220663948368
301 2.836122034430326
302 2.7053231998298823
303 2.6480324002542837
304 2.75241975889352
305 2.7418210176584776
306 2.927502175953081
307 2.8646765128991962
308 6.721387114203905
309 5.4877555448565625
310 2.8162544772867237
311 2.752043190095129
312 5.348991724517036
313 6.854344999451619
314 2.766429519115704
315 2.805615412740693
316 5.135046630370354
317 4.063531299303503
318 5.238536560043595
319 3.3206846830972476
320 2.8230737540192843
321 3.8044215849328014
322 4.348229304917713
323 4.16253105639571
324 5.163037928121244
325 2.686004624220212
326 2.8624695663038775
327 3.0208747345782787
328 2.7076993748973406
329 2.9310058292216707
330 2.872580724217036
331 2.780920448015343
332 2.8268878080095043
333 2.828336103931289
334 3.223033845057457
335 2.8145299001907427
336 2.979673755237745
337 3.063208748960627
338 2.838740190579317
339 2.8770580006077
340 3.2227427402684845
341 2.7094217529663065
342 2.945043193978344
343 4.19752235828694
344 4.715487085166192
345 4.082407046299498
346 2.7479836092996077
347 2.7227327765571414
348 2.8567155679547933
349 2.799782252610722
350 2.752607815077573
351 2.727442653663725
352 2.789383518713744
353 2.937005986302416
354 3.0307578750255395
355 2.7768072438437583
356 2.7386960155300666
357 2.776671169405293
358 2.7537837790981325
359 2.7070177657439807
360 3.9657374064899016
361 2.703198002949476
362 4.53522334423377
363 4.349839731096529
364 5.07521663984044
365 2.8136943383351207
366 3.0047351275096568
367 2.732376896851592
368 2.737031592041732
369 3.020207779021595
370 2.7480932841475694
371 2.658660564896326
372 2.795160355435023
373 2.7465511805670997
374 4.702057054538878
375 2.8588465155778917
376 4.560599883236501
377 3.9494749052076066
378 3.4531199361641987
379 2.770194354791584
380 2.8669807911273595
381 2.9443854721709632
382 2.8095998654441314
383 2.865660394678347
384 2.7628907876077595
385 2.966914469016854
386 6.757823258350152
387 6.452372873267727
388 3.8003768256597588
389 3.4888745222948403
390 6.487329965401694
391 4.237245758733321
392 5.705941465150598
393 7.017223392868295
394 6.288079260008187
395 4.0195358741505895
396 3.898921379196768
397 6.941244432374205
398 7.626916944632462
399 5.616862008014584
400 6.169978356632175
401 4.272806118815502
402 5.8965860536379875
403 2.832102801218495
404 2.8821630331913126
405 2.948130895173957
406 2.6558410286402374
407 2.6849436487073848
408 2.7493130659860037
409 3.0419926072723564
410 2.831910169218506
411 2.736272108733822
412 2.8641577974730223
413 2.9195974397387916
414 2.7768072677041755
415 2.7400447617913035
416 2.899355050375104
417 2.921071129959497
418 2.751821729050021
419 2.7153538838804216
420 3.0359851182077002
421 2.68197454223496
422 2.6773990440324993
423 2.696839466700072
424 3.093436563841199
425 2.890248300331688
426 2.8798613476541726
427 2.9260866270732686
428 2.8919402624791783
429 2.843658710246097
430 2.7360993212102365
431 2.8680626609909545
432 2.704920695630433
433 2.7117372399068365
434 2.80932479325927
435 2.937420517773743
436 2.6924999646452004
437 2.8145164759747043
438 2.799548114061577
439 3.1431067179905057
440 2.776010121669765
441 2.8324949682945344
442 2.94509937346497
443 2.6703996087602206
444 2.8995269345623305
445 2.9602697151933586
446 2.71969013312211
447 2.8256016510665196
448 2.7186004322701236
449 2.748374587931255
450 2.883878301044472
451 2.819785549134412
452 2.855768562280489
453 2.6864595552378194
454 2.786478703889511
455 2.693884483935609
456 2.7886485790068205
457 2.7900198907252167
458 2.7827331676901106
459 2.8028876335003945
460 2.604653581175124
461 2.7363617379715803
462 2.86086090379973
463 2.884989149149196
464 2.9014637320994896
465 2.9016281226291576
466 3.116454129288601
467 2.8770249872387677
468 4.170511833014262
469 2.7292779643786176
470 2.691504968927343
471 2.817391134592708
472 2.8307791847677075
473 2.725787674416268
474 2.8058748735130643
475 2.9802412556803293
476 2.80662990824241
477 2.863477222887758
478 2.73482024379317
479 2.7980646896438834
480 2.9477771399794883
481 2.776679251947228
482 2.7600479005994956
483 2.826060178320594
484 2.747690981120333
485 2.732460755012547
486 2.7370069589863566
487 3.118279204127095
488 3.1723315035974045
489 2.636338829931649
490 2.6135438778463707
491 3.2181606475254587
492 2.7141575904304247
493 3.1368936884376937
494 2.898726508130321
495 2.9168742213747407
496 2.71583793650874
497 2.8874843518771116
498 2.6409132131043167
499 2.811669204274366
500 2.895714073509897
501 2.907435339427643
502 2.9625556148826635
503 2.905416356637183
504 2.7727340805560456
505 2.8400396950373903
506 2.639399321184307
507 3.1180634949813273
508 2.624335891223967
509 2.720796927265755
510 2.9850566090277733
511 2.9909301483095567
512 5.181648338333496
513 2.776039674366605
514 2.8794668912386916
515 2.9255046379025815
516 2.6703231348632626
517 3.0759574872385596
518 2.695828474857804
519 2.9912242273821974
520 2.843672135738939
521 2.7831360443322675
522 2.801532437757339
523 2.813561135650146
524 2.960134845817915
525 2.813144114756856
526 2.7701855561788022
527 2.9622993200144703
528 3.0098882288244253
529 2.742533977988378
530 2.8332048206901046
531 3.0650900739415152
532 2.785913986595917
533 3.0736193319916527
534 2.7440714277405363
535 2.673487039296424
536 2.8388516186707835
537 2.70433560962161
538 2.761323698086907
539 2.833763823001144
540 2.6758705601337422
541 2.8191733699840817
542 2.754242085296766
543 2.7453865010626375
544 2.6656013681260218
545 2.6908059974917733
546 2.687846723458632
547 3.069572051611673
548 2.698949388453476
549 3.131386173542069
550 2.954137612730735
551 2.6752579767136817
552 2.7838027906282012
553 2.8110550429200867
554 2.6107568850675307
555 2.917366036841041
556 2.77574196965157
557 4.351019168728078
558 2.90826831717227
559 2.8688469201029196
560 2.998741093284368
561 2.904176378338886
562 2.9326137281391778
563 2.7106452294908263
564 2.967906835069173
565 2.5244550286071257
566 2.691076496439263
567 2.6299430189213773
568 2.9296765960605926
569 2.8255031655596037
570 2.8236601511526023
571 2.6500074126101585
