Frame RMSD
1 0.04053748771548271
2 0.10519487410783768
3 0.09274623543024063
4 0.14888687431812286
5 0.2548752725124359
6 0.19851799309253693
7 0.19178253412246704
8 0.20096959173679352
9 0.17630596458911896
10 0.28953972458839417
11 0.19411493837833405
12 0.22594526410102844
13 0.25278469920158386
14 0.2157713919878006
15 0.17054815590381622
16 0.32430148124694824
17 0.2666636109352112
18 0.2371649593114853
19 0.25268006324768066
20 0.3627489507198334
21 0.4090074598789215
22 0.46037545800209045
23 0.4497460424900055
24 0.37216317653656006
25 0.4354165196418762
26 0.4540581703186035
27 0.7355107069015503
28 0.4424479305744171
29 0.40859872102737427
30 0.54393070936203
31 0.3558989465236664
32 0.37629184126853943
33 0.4175092577934265
34 0.49405989050865173
35 0.4178912043571472
36 0.5180720090866089
37 0.5782576203346252
38 0.378348708152771
39 0.5312442779541016
40 0.5942234992980957
41 0.45857128500938416
42 0.355122447013855
43 0.42109963297843933
44 0.5476431846618652
45 0.4383874535560608
46 0.3394463360309601
47 0.5046830773353577
48 0.5586435794830322
49 0.7182603478431702
50 0.5151153802871704
51 0.5323544144630432
52 0.5970513224601746
53 0.7359418869018555
54 0.8646645545959473
55 0.5658025145530701
56 0.5164105296134949
57 0.6253501772880554
58 0.5797289609909058
59 0.5172755718231201
60 0.4913047254085541
61 0.8029565215110779
62 0.624198853969574
63 0.7576501965522766
64 0.4719427824020386
65 0.5660459399223328
66 0.6068947911262512
67 0.5858575701713562
68 0.6697072386741638
69 0.7587193250656128
70 0.7939146161079407
71 0.6611769795417786
72 0.7292702794075012
73 0.5609261989593506
74 0.6639888286590576
75 0.5381448864936829
76 0.45917367935180664
77 0.5205371379852295
78 0.6447504758834839
79 0.5660820007324219
80 0.5339765548706055
81 0.7766110301017761
82 0.5534374713897705
83 0.6361425518989563
84 0.5165544152259827
85 0.5923977494239807
86 0.5632234811782837
87 0.700971782207489
88 0.6225895881652832
89 0.4612869322299957
90 0.5010457038879395
91 0.6900140643119812
92 0.7469832897186279
93 0.7202168107032776
94 0.7767221331596375
95 0.6239280104637146
96 0.5514397621154785
97 0.889051079750061
98 0.752078652381897
99 0.6580651998519897
100 0.8121667504310608
101 0.8607810139656067
102 0.6844568252563477
103 0.997684121131897
104 0.8331791162490845
105 0.6416891813278198
106 0.8624652028083801
107 0.7418654561042786
108 0.8285111784934998
109 0.5953877568244934
110 0.7597023248672485
111 0.8102555274963379
112 0.749301016330719
113 0.7388665676116943
114 0.8023025989532471
115 0.804956316947937
116 0.8117762207984924
117 0.7852936387062073
118 0.45122721791267395
119 0.5924049615859985
120 0.5086615681648254
121 0.4296400249004364
122 0.4385669529438019
123 0.9224309325218201
124 0.7334048748016357
125 0.6643843650817871
126 0.4728356599807739
127 0.5931509733200073
128 0.6315188407897949
129 0.6891215443611145
130 0.40355733036994934
131 0.726081907749176
132 0.6896414756774902
133 0.6837736368179321
134 0.4639351963996887
135 0.4020378887653351
136 0.4903733730316162
137 0.5824497938156128
138 0.4500354528427124
139 0.4636264443397522
140 0.6074605584144592
141 0.7769447565078735
142 0.6940637826919556
143 0.6992564797401428
144 0.8045543432235718
145 0.6104538440704346
146 0.8089548349380493
147 0.9099061489105225
148 0.764875590801239
149 0.5471208095550537
150 0.6739438772201538
151 0.6019019484519958
152 0.565328061580658
153 0.7758157849311829
154 0.8160614967346191
155 0.7371980547904968
156 0.7779355645179749
157 0.7221384048461914
158 0.7504940032958984
159 0.6577597856521606
160 0.6452959775924683
161 0.6322183012962341
162 0.5272799134254456
163 0.6575426459312439
164 0.8044078946113586
165 0.594952404499054
166 0.5515130758285522
167 0.421287477016449
168 0.38216960430145264
169 0.3014032542705536
170 0.5944610834121704
171 0.39377352595329285
172 0.5200061202049255
173 0.38884449005126953
174 0.4801768958568573
175 0.5042957663536072
176 0.5386469960212708
177 0.36165639758110046
178 0.29784199595451355
179 0.31850194931030273
180 0.3476438522338867
181 0.45662254095077515
182 0.5037729740142822
183 0.4357995092868805
184 0.6929653286933899
185 0.48035889863967896
186 0.5316116213798523
187 0.7139641642570496
188 0.6011000275611877
189 0.5795896649360657
190 0.5442864894866943
191 0.4276200234889984
192 0.5176572799682617
193 0.6603153347969055
194 0.5477577447891235
195 0.5272963643074036
196 0.5242864489555359
197 0.5007641911506653
198 0.2791345715522766
199 0.5214511156082153
200 0.49387606978416443
201 0.4648454785346985
202 0.5282692909240723
203 0.6132250428199768
204 0.6108101010322571
205 0.4782429337501526
206 0.4749522805213928
207 0.33396536111831665
208 0.4140610098838806
209 0.45363712310791016
210 0.6285622119903564
211 0.4739041328430176
212 0.47560998797416687
213 0.5885345935821533
214 0.439303457736969
215 0.38987788558006287
216 0.38075894117355347
217 0.3365449607372284
218 0.5139185786247253
219 0.37544333934783936
220 0.526654839515686
221 0.5084521770477295
222 0.32295462489128113
223 0.40016189217567444
224 0.49279358983039856
225 0.45232459902763367
226 0.29748502373695374
227 0.3334074914455414
228 0.4188099503517151
229 0.3921404480934143
230 0.40211933851242065
231 0.46966415643692017
232 0.5187544226646423
233 0.4219636619091034
234 0.444934219121933
235 0.5188975930213928
236 0.4800623953342438
237 0.3842598497867584
238 0.5156327486038208
239 0.4699137806892395
240 0.4005149006843567
241 0.5349223017692566
242 0.6288332939147949
243 0.35992759466171265
244 0.5663982629776001
245 0.5225397348403931
246 0.5650363564491272
247 0.4537236988544464
248 0.5583724975585938
249 0.4986700713634491
250 0.5708147883415222
251 0.539424479007721
252 0.611845850944519
253 0.7360653877258301
254 0.5526149868965149
255 0.6323040127754211
256 0.4913374185562134
257 0.630962073802948
258 0.6690526604652405
259 0.7445284724235535
260 0.6733176112174988
261 0.609455406665802
262 0.5584670901298523
263 0.5479332804679871
264 0.5237982273101807
265 0.5570567846298218
266 0.6184901595115662
267 0.49030598998069763
268 0.325653612613678
269 0.5950689315795898
270 0.4654158353805542
271 0.520221471786499
272 0.7352772951126099
273 0.6077540516853333
274 0.6395739316940308
275 0.5880840420722961
276 0.43848738074302673
277 0.5205892324447632
278 0.6288456916809082
279 0.4778189957141876
280 0.4356175661087036
281 0.5654510259628296
282 0.5356698632240295
283 0.7246463298797607
284 0.43592020869255066
285 0.34279152750968933
286 0.6127825379371643
287 0.4712693393230438
288 0.6216253638267517
289 0.39820578694343567
290 0.5925915837287903
291 0.552858293056488
292 0.8277016878128052
293 0.6121511459350586
294 0.6616145968437195
295 0.6970521807670593
296 0.635534405708313
297 0.5881150364875793
298 0.5021775364875793
299 0.6448029279708862
300 0.5511365532875061
301 0.5926166772842407
302 0.6212887167930603
303 0.5226534605026245
304 0.673248827457428
305 0.4922178089618683
306 0.5932624340057373
307 0.40717825293540955
308 0.3826703131198883
309 0.30663567781448364
310 0.47040438652038574
311 0.44326767325401306
312 0.29175716638565063
313 0.5438569784164429
314 0.6087254881858826
315 0.6590102910995483
316 0.5002418160438538
317 0.46305322647094727
318 0.7473568320274353
319 0.44947630167007446
320 0.614372968673706
321 0.5699647068977356
322 0.5830196738243103
323 0.604631781578064
324 0.5557581186294556
325 0.4795553386211395
326 0.420722097158432
327 0.6801655292510986
328 0.4519220292568207
329 0.6023038625717163
330 0.4750817120075226
331 0.526277482509613
332 0.45079150795936584
333 0.5312122106552124
334 0.43571197986602783
335 0.42210665345191956
336 0.5303462147712708
337 0.5837612152099609
338 0.6587969064712524
339 0.5174014568328857
340 0.3960832953453064
341 0.5982432961463928
342 0.6103712916374207
343 0.5500954985618591
344 0.4378555715084076
345 0.5531851053237915
346 0.5494731664657593
347 0.42315182089805603
348 0.515335738658905
349 0.522379994392395
350 0.5391014814376831
351 0.6302236914634705
352 0.716588020324707
353 0.7696807384490967
354 0.6128148436546326
355 0.6431132555007935
356 0.7515769004821777
357 0.6406161785125732
358 0.7310663461685181
359 0.57304847240448
360 0.6569148302078247
361 0.6139730215072632
362 0.6354519128799438
363 0.5846349000930786
364 0.9093015193939209
365 0.688751757144928
366 0.6633649468421936
367 0.7774714231491089
368 0.8400057554244995
369 0.7966220378875732
370 0.793353796005249
371 0.8158979415893555
372 0.7809796333312988
373 0.7028599977493286
374 0.7403790354728699
375 0.694511890411377
376 0.8623560667037964
377 0.7433743476867676
378 0.7287425994873047
379 0.4569971263408661
380 0.5069896578788757
381 0.4627918601036072
382 0.5129402279853821
383 0.5977534055709839
384 0.3875757157802582
385 0.6541457176208496
386 0.5647535920143127
387 0.4631092846393585
388 0.5953865647315979
389 0.7649506330490112
390 0.843898355960846
391 0.8922962546348572
392 0.48880958557128906
393 0.574203372001648
394 0.4671630561351776
395 0.5128062963485718
396 0.7054666876792908
397 0.9169438481330872
398 0.5410804152488708
399 0.680405855178833
400 0.7517216205596924
401 0.88975989818573
402 0.6416616439819336
403 0.8241949677467346
404 0.6677954196929932
405 0.7554977536201477
406 0.7093978524208069
407 0.6353440880775452
408 0.6291004419326782
409 0.6516945958137512
410 0.7773472666740417
411 0.8261815309524536
412 0.6801179647445679
413 0.7152684330940247
414 0.7022919058799744
415 0.5973768830299377
416 0.8365886211395264
417 0.7102441787719727
418 0.6024591326713562
419 0.9235952496528625
420 0.7229190468788147
421 0.6844248175621033
422 0.6543030738830566
423 0.703748881816864
424 0.7590090036392212
425 0.786351203918457
426 0.6357585787773132
427 0.7582558393478394
428 0.6201296448707581
429 0.6958057880401611
430 0.8737336993217468
431 0.6073448657989502
432 0.5651749968528748
433 0.6594771146774292
434 0.7868886590003967
435 0.7726863622665405
436 0.7853736877441406
437 0.7188629508018494
438 0.6241886615753174
439 0.5965802669525146
440 0.6126211881637573
441 0.7985996007919312
442 0.7215915322303772
443 0.732216477394104
444 0.6436706185340881
445 0.5474278330802917
446 0.6764121055603027
447 0.6778159737586975
448 0.5953530073165894
449 0.6979867815971375
450 0.7012177109718323
451 0.6899670958518982
452 0.7183910012245178
453 0.4965723156929016
454 0.6440180540084839
455 0.610054075717926
456 0.6564961075782776
457 0.5823227167129517
458 0.6964604258537292
459 0.626706063747406
460 0.8023656606674194
461 0.7781901955604553
462 0.758729100227356
463 0.684168815612793
464 0.7012340426445007
465 0.7854019999504089
466 0.6955605745315552
467 0.47702229022979736
468 0.5160146355628967
469 0.5107585787773132
470 0.4900624454021454
471 0.4623599946498871
472 0.6314632892608643
473 0.8122007846832275
474 0.6004258990287781
475 0.6052363514900208
476 0.5312385559082031
477 0.5220295190811157
478 0.4697086215019226
479 0.6920703053474426
480 0.5167819261550903
481 0.5531283020973206
482 0.5636764764785767
483 0.5843863487243652
484 0.5540174245834351
485 0.57203209400177
486 0.5598075985908508
487 0.715016782283783
488 0.5542775988578796
489 0.6109691262245178
490 0.7246341705322266
491 0.6400219798088074
492 0.6044787764549255
493 0.538970410823822
494 0.5879464745521545
495 0.728178858757019
496 0.5482894778251648
497 0.6285248398780823
498 0.43527522683143616
499 0.5745477080345154
500 0.6279988884925842
501 0.5274631977081299
502 0.7177983522415161
503 0.5701348781585693
504 0.6266652345657349
505 0.5945597290992737
506 0.7183401584625244
507 0.6289530396461487
508 0.4666810631752014
509 0.688432514667511
510 0.5022447109222412
511 0.588325023651123
512 0.5618463158607483
513 0.6704296469688416
514 0.5256547331809998
515 0.5103921890258789
516 0.4317322075366974
517 0.35698139667510986
518 0.5105493068695068
519 0.4247964024543762
520 0.5955644249916077
521 0.5948176383972168
522 0.4400467574596405
523 0.593532919883728
524 0.6479336023330688
525 0.471860408782959
526 0.5189549326896667
527 0.6155559420585632
528 0.4871346056461334
529 0.5217098593711853
530 0.4633450508117676
531 0.4018247723579407
532 0.42060497403144836
533 0.3851824104785919
534 0.4626220762729645
535 0.4157105088233948
536 0.5619457364082336
537 0.4973863363265991
538 0.485379159450531
539 0.4736243784427643
540 0.43554338812828064
541 0.6241955161094666
542 0.4154053330421448
543 0.48633038997650146
544 0.46262839436531067
545 0.6489410996437073
546 0.5384953022003174
547 0.5859597325325012
548 0.5505194067955017
549 0.5290701985359192
550 0.5432670712471008
551 0.5162591338157654
552 0.488765150308609
553 0.4784330725669861
554 0.4397835433483124
555 0.5696934461593628
556 0.46273186802864075
557 0.4656175971031189
558 0.5732722878456116
559 0.4975503087043762
560 0.5113666653633118
561 0.49350404739379883
562 0.5892626643180847
563 0.6932204365730286
564 0.40001609921455383
565 0.629852831363678
566 0.43211787939071655
567 0.48833441734313965
568 0.6062359809875488
569 0.6033677458763123
570 0.459804505109787
571 0.5286639928817749
