1 0.5869520306587219 0.1208440363407135 0.12084405869245529
2 0.6281702518463135 0.1481402963399887 0.14814028143882751
3 0.6660118103027344 0.1749744713306427 0.1749744713306427
4 0.727725625038147 0.23682335019111633 0.23682336509227753
5 0.7429406046867371 0.2437741458415985 0.2437741458415985
6 0.7452739477157593 0.23398694396018982 0.23398694396018982
7 0.7356778383255005 0.24892231822013855 0.24892230331897736
8 0.7534739971160889 0.24501559138298035 0.24501556158065796
9 0.8272026181221008 0.3239858150482178 0.3239858150482178
10 0.8133573532104492 0.30911973118782043 0.30911967158317566
11 0.8134201765060425 0.2912699580192566 0.2912699282169342
12 0.809853196144104 0.30906417965888977 0.30906400084495544
13 0.8251746296882629 0.29493457078933716 0.29493460059165955
14 1.0370591878890991 0.487962007522583 0.48796212673187256
15 1.0425935983657837 0.4255301058292389 0.4255300760269165
16 1.052323341369629 0.4522772431373596 0.4522772431373596
17 1.070691704750061 0.465524822473526 0.465524822473526
18 1.0901015996932983 0.4684716463088989 0.46847179532051086
19 1.6730585098266602 1.0601625442504883 1.0601625442504883
20 1.7583609819412231 1.0748084783554077 1.0748085975646973
21 2.2455546855926514 1.722836971282959 1.722836971282959
22 2.312119483947754 1.8231457471847534 1.8231456279754639
23 2.3829896450042725 1.8879696130752563 1.8879696130752563
24 2.3811659812927246 1.8565324544906616 1.8565324544906616
25 2.40836238861084 1.8257399797439575 1.8257399797439575
26 2.682929515838623 2.0801777839660645 2.0801777839660645
27 2.619716167449951 2.04606294631958 2.04606294631958
28 2.6225225925445557 2.0231659412384033 2.0231659412384033
29 2.51786732673645 1.8940858840942383 1.8940858840942383
30 2.4117588996887207 1.693097710609436 1.693097710609436
31 2.5713157653808594 1.9385944604873657 1.9385945796966553
32 2.6091113090515137 1.8671313524246216 1.8671313524246216
33 2.852116346359253 2.1113412380218506 2.1113412380218506
34 2.669128179550171 2.0343258380889893 2.0343258380889893
35 2.5642337799072266 1.8787814378738403 1.8787814378738403
36 2.6553680896759033 1.9999412298202515 1.9999412298202515
37 2.9109106063842773 2.172267436981201 2.172267436981201
38 2.7794036865234375 2.116252899169922 2.116252899169922
39 2.833472967147827 2.1797895431518555 2.1797895431518555
40 2.857445478439331 2.205160140991211 2.205160617828369
41 2.737605094909668 2.089303493499756 2.089303493499756
42 2.3968732357025146 1.7249575853347778 1.724957823753357
43 2.422783136367798 1.8063517808914185 1.8063517808914185
44 2.6767807006835938 2.0083346366882324 2.0083346366882324
45 2.3212802410125732 1.67203688621521 1.6720370054244995
46 2.380275249481201 1.7629929780960083 1.7629929780960083
47 2.3062515258789063 1.711882472038269 1.711882472038269
48 2.3064544200897217 1.68650221824646 1.68650221824646
49 2.4215521812438965 1.7819263935089111 1.781926155090332
50 2.592219352722168 1.890875220298767 1.890874981880188
51 2.511326551437378 1.7353639602661133 1.7353639602661133
52 2.3886828422546387 1.7114367485046387 1.7114367485046387
53 2.7068090438842773 2.0484089851379395 2.0484089851379395
54 2.5786070823669434 1.9700851440429688 1.9700852632522583
55 2.5843687057495117 1.9668073654174805 1.9668076038360596
56 2.512960195541382 1.8882771730422974 1.8882771730422974
57 2.5951974391937256 1.914292812347412 1.914292812347412
58 2.5450003147125244 1.9326856136322021 1.9326856136322021
59 2.559035301208496 1.9075967073440552 1.9075967073440552
60 2.6888389587402344 2.0325026512145996 2.0325026512145996
61 2.6891257762908936 1.9991884231567383 1.9991884231567383
62 2.419563055038452 1.65365731716156 1.65365731716156
63 2.313446044921875 1.5384629964828491 1.5384629964828491
64 2.943049669265747 2.3470187187194824 2.3470187187194824
65 2.9561710357666016 2.3601293563842773 2.3601293563842773
66 2.77793550491333 2.11899995803833 2.11899995803833
67 2.8165571689605713 2.1874160766601563 2.1874160766601563
68 2.8887436389923096 2.2582430839538574 2.2582430839538574
69 2.945317268371582 2.277918577194214 2.277918577194214
70 2.89066481590271 2.204160213470459 2.204160213470459
71 2.9388551712036133 2.2915091514587402 2.2915091514587402
72 2.781811475753784 2.1263821125030518 2.126382350921631
73 2.9043514728546143 2.2663769721984863 2.2663769721984863
74 2.852916717529297 2.2406485080718994 2.2406485080718994
75 2.8311030864715576 2.2649593353271484 2.2649593353271484
76 2.842017889022827 2.2201762199401855 2.2201762199401855
77 2.929391860961914 2.317904233932495 2.317904233932495
78 2.9535529613494873 2.2858469486236572 2.2858471870422363
79 2.8292651176452637 2.201939582824707 2.201939344406128
80 2.9605987071990967 2.3610377311706543 2.3610377311706543
81 3.051440715789795 2.4356532096862793 2.4356534481048584
82 2.9365501403808594 2.2580394744873047 2.258039712905884
83 2.9360649585723877 2.278992176055908 2.278991937637329
84 3.03822660446167 2.379483699798584 2.379483461380005
85 3.0738677978515625 2.402703285217285 2.402703285217285
86 2.9171741008758545 2.212980270385742 2.212980270385742
87 2.8886923789978027 2.18511700630188 2.18511700630188
88 3.0321195125579834 2.3338286876678467 2.3338286876678467
89 2.926720142364502 2.1938252449035645 2.1938252449035645
90 2.825996160507202 2.119283437728882 2.119283437728882
91 2.913395881652832 2.210524797439575 2.2105252742767334
92 2.937096357345581 2.315330743789673 2.315330743789673
93 2.9254510402679443 2.2148475646972656 2.2148475646972656
94 3.04960560798645 2.3408191204071045 2.3408193588256836
95 3.0084757804870605 2.2845001220703125 2.2845001220703125
96 3.117182493209839 2.470616340637207 2.470616340637207
97 3.0575673580169678 2.3861873149871826 2.3861873149871826
98 2.9508161544799805 2.260737657546997 2.260737657546997
99 2.895174264907837 2.2744858264923096 2.2744858264923096
100 2.88372802734375 2.2581639289855957 2.2581639289855957
101 2.9050040245056152 2.264899253845215 2.264899253845215
102 3.062790632247925 2.4233484268188477 2.4233484268188477
103 2.9203100204467773 2.2658939361572266 2.2658939361572266
104 2.950587749481201 2.365648031234741 2.365648031234741
105 2.897307872772217 2.2332277297973633 2.2332277297973633
106 2.933079957962036 2.291330099105835 2.291330099105835
107 2.89349627494812 2.240797758102417 2.240797758102417
108 2.875624179840088 2.1787710189819336 2.1787710189819336
109 2.934072256088257 2.317312240600586 2.317312240600586
110 2.945655107498169 2.320105791091919 2.320105791091919
111 2.880462408065796 2.2074344158172607 2.2074344158172607
112 2.9150497913360596 2.3129172325134277 2.312917709350586
113 2.892890214920044 2.2491135597229004 2.2491135597229004
114 2.864464521408081 2.2208926677703857 2.2208926677703857
115 2.8682610988616943 2.2334794998168945 2.2334794998168945
116 2.8462538719177246 2.2139532566070557 2.2139532566070557
117 2.8586065769195557 2.2441916465759277 2.244191884994507
118 2.915813684463501 2.2877602577209473 2.2877602577209473
119 2.9064488410949707 2.29899001121521 2.29899001121521
120 2.8494794368743896 2.2209463119506836 2.2209463119506836
121 2.96026873588562 2.378058671951294 2.378058671951294
122 2.9646170139312744 2.3512048721313477 2.3512048721313477
123 2.919729709625244 2.2427899837493896 2.2427899837493896
124 2.825448513031006 2.097797393798828 2.0977976322174072
125 3.010073184967041 2.372391700744629 2.372391700744629
126 3.038867473602295 2.3323490619659424 2.3323490619659424
127 2.720459461212158 1.9507033824920654 1.9507033824920654
128 2.7525558471679688 2.043328285217285 2.043327808380127
129 2.9597902297973633 2.2946598529815674 2.2946598529815674
130 2.731844186782837 2.0403473377227783 2.0403473377227783
131 2.8849761486053467 2.246798276901245 2.246798276901245
132 2.8046157360076904 2.1284804344177246 2.1284806728363037
133 2.7077107429504395 2.056191921234131 2.056191921234131
134 2.925250768661499 2.2183125019073486 2.2183125019073486
135 2.7431838512420654 1.9571110010147095 1.957111120223999
136 2.9702463150024414 2.241450786590576 2.2414510250091553
137 2.911405086517334 2.2076101303100586 2.2076101303100586
138 2.7299280166625977 2.020934820175171 2.020934820175171
139 2.8168179988861084 2.16815447807312 2.16815447807312
140 2.7562105655670166 2.114030361175537 2.114030361175537
141 2.9061455726623535 2.2322824001312256 2.2322824001312256
142 2.9692442417144775 2.348518133163452 2.3485186100006104
143 2.781557321548462 2.1239073276519775 2.1239073276519775
144 2.667539119720459 1.9290168285369873 1.9290168285369873
145 2.690847396850586 1.90151846408844 1.90151846408844
146 2.897888422012329 2.2246687412261963 2.2246692180633545
147 2.8459763526916504 2.0636141300201416 2.0636141300201416
148 2.9554033279418945 2.2184996604919434 2.2184996604919434
149 2.731566905975342 1.9074757099151611 1.9074755907058716
150 2.8776278495788574 2.10931134223938 2.10931134223938
151 2.762418508529663 1.976999282836914 1.9769994020462036
152 2.9606363773345947 2.279738426208496 2.279738426208496
153 2.7370145320892334 2.031115770339966 2.031115770339966
154 2.62101674079895 1.8865529298782349 1.8865526914596558
155 2.4093220233917236 1.6097147464752197 1.6097147464752197
156 2.7618305683135986 1.9498265981674194 1.9498264789581299
157 2.698688507080078 1.8838319778442383 1.8838319778442383
158 2.6777846813201904 1.8653100728988647 1.8653100728988647
159 2.6700098514556885 1.8007864952087402 1.8007864952087402
160 2.9064643383026123 2.1059226989746094 2.1059224605560303
161 3.0068540573120117 2.2092580795288086 2.2092583179473877
162 2.8500447273254395 2.00164532661438 2.00164532661438
163 2.7278287410736084 1.9041489362716675 1.9041489362716675
164 2.6399192810058594 1.8787386417388916 1.8787386417388916
165 2.722813367843628 1.9635868072509766 1.9635868072509766
166 2.6593828201293945 1.8645356893539429 1.8645356893539429
167 2.829082727432251 2.0397541522979736 2.0397541522979736
168 2.6903936862945557 1.9105771780014038 1.9105771780014038
169 2.648076057434082 1.87782883644104 1.87782883644104
170 2.7732367515563965 2.0018556118011475 2.0018553733825684
171 2.899991512298584 2.1321449279785156 2.1321449279785156
172 2.851553440093994 2.0944061279296875 2.0944061279296875
173 2.970369815826416 2.2420482635498047 2.2420482635498047
174 2.929581642150879 2.181396007537842 2.181396007537842
175 3.099980115890503 2.3989930152893066 2.3989930152893066
176 3.103567600250244 2.391820192337036 2.391820192337036
177 3.030280351638794 2.283843755722046 2.283843755722046
178 2.9782488346099854 2.2625961303710938 2.2625961303710938
179 2.7317724227905273 1.9724485874176025 1.9724485874176025
180 2.6227476596832275 1.8125340938568115 1.8125343322753906
181 2.7142488956451416 1.9876692295074463 1.9876692295074463
182 2.755035400390625 1.9920810461044312 1.9920810461044312
183 2.8197553157806396 2.0870094299316406 2.0870091915130615
184 2.6668643951416016 1.9052942991256714 1.9052942991256714
185 2.7503864765167236 1.868148922920227 1.868148922920227
186 2.8029136657714844 1.9461116790771484 1.946112036705017
187 2.7437002658843994 1.9521404504776 1.952140212059021
188 2.772887706756592 1.9078936576843262 1.9078937768936157
189 2.879448890686035 2.095257043838501 2.095257043838501
190 2.733821392059326 1.9366711378097534 1.9366708993911743
191 2.8208813667297363 2.065358877182007 2.065358877182007
192 2.9763424396514893 2.191669464111328 2.191669464111328
193 2.8381526470184326 2.105536937713623 2.105536937713623
194 2.7701492309570313 1.951620101928711 1.951620101928711
195 2.7972328662872314 1.9939302206039429 1.9939302206039429
196 2.7926666736602783 1.9785524606704712 1.9785524606704712
197 2.858393430709839 2.0789542198181152 2.0789542198181152
198 2.9465279579162598 2.199125289916992 2.199125289916992
199 2.823845386505127 2.1047897338867188 2.1047897338867188
200 2.7453043460845947 1.9818073511123657 1.9818073511123657
201 2.8947441577911377 2.192430019378662 2.192430019378662
202 2.7536730766296387 1.9714311361312866 1.971431016921997
203 2.922743558883667 2.1561150550842285 2.1561150550842285
204 2.7813429832458496 1.9170960187911987 1.9170960187911987
205 2.9421215057373047 2.2160558700561523 2.2160558700561523
206 2.712094783782959 1.9027796983718872 1.9027796983718872
207 2.884992837905884 2.078206777572632 2.0782065391540527
208 2.8123857975006104 2.0933191776275635 2.0933191776275635
209 2.716676712036133 1.9094561338424683 1.9094561338424683
210 2.7726850509643555 1.9746848344802856 1.9746848344802856
211 2.7723774909973145 1.9786540269851685 1.978653907775879
212 2.7919349670410156 2.0179014205932617 2.0179014205932617
213 2.825427293777466 2.069516181945801 2.069516181945801
214 2.909860849380493 2.149153232574463 2.149153470993042
215 2.7489404678344727 2.001629590988159 2.0016298294067383
216 2.725128412246704 1.946995496749878 1.946995496749878
217 2.7318081855773926 1.9070791006088257 1.9070792198181152
218 2.6858158111572266 1.9087833166122437 1.9087833166122437
219 2.7649478912353516 2.0072274208068848 2.0072274208068848
220 2.8939807415008545 2.154802083969116 2.154801368713379
221 2.8160879611968994 1.9688475131988525 1.968847632408142
222 2.885794162750244 2.154907464981079 2.154907464981079
223 2.8934834003448486 2.185177803039551 2.185177803039551
224 2.8174233436584473 2.103882312774658 2.103882312774658
225 2.8946034908294678 2.1586899757385254 2.1586897373199463
226 3.0130057334899902 2.2145519256591797 2.214552164077759
227 2.819143772125244 1.991112470626831 1.9911123514175415
228 2.7871198654174805 2.000887632369995 2.000887632369995
229 2.752220630645752 1.9616994857788086 1.9616994857788086
230 2.853275775909424 2.0727972984313965 2.0727972984313965
231 2.8122501373291016 2.053954839706421 2.053954839706421
232 2.662123203277588 1.8736343383789063 1.8736343383789063
233 2.912121057510376 2.1772608757019043 2.1772608757019043
234 2.751791477203369 1.8698261976242065 1.8698261976242065
235 2.8286640644073486 2.0642776489257813 2.0642776489257813
236 2.9211723804473877 2.2344276905059814 2.2344276905059814
237 3.0235471725463867 2.345921039581299 2.345921039581299
238 2.883517265319824 2.153416156768799 2.153416156768799
239 3.000654697418213 2.267332077026367 2.2673323154449463
240 2.9670255184173584 2.2351975440979004 2.2351975440979004
241 2.9530787467956543 2.2026243209838867 2.2026243209838867
242 2.9136013984680176 2.1536736488342285 2.1536736488342285
243 2.9082891941070557 2.1835527420043945 2.1835527420043945
244 2.9368844032287598 2.16497540473938 2.16497540473938
245 3.1448891162872314 2.4133102893829346 2.4133102893829346
246 3.0262818336486816 2.3118960857391357 2.3118960857391357
247 3.0575382709503174 2.252781629562378 2.252781629562378
248 3.0389461517333984 2.2623720169067383 2.2623720169067383
249 3.0345728397369385 2.3076887130737305 2.3076887130737305
250 3.0471854209899902 2.3018178939819336 2.3018178939819336
251 3.0043187141418457 2.2690508365631104 2.2690508365631104
252 3.061617136001587 2.30334734916687 2.303347110748291
253 3.113032102584839 2.3665196895599365 2.3665194511413574
254 3.0396058559417725 2.2705578804016113 2.2705578804016113
255 3.0472278594970703 2.221592664718628 2.221592664718628
256 3.1242780685424805 2.4154038429260254 2.4154038429260254
257 3.063551664352417 2.297163963317871 2.297163963317871
258 3.0664448738098145 2.3221046924591064 2.3221049308776855
259 3.116929054260254 2.4014925956726074 2.4014925956726074
260 3.146611452102661 2.4096992015838623 2.4096992015838623
261 3.046128511428833 2.2642459869384766 2.2642462253570557
262 3.034392833709717 2.2952117919921875 2.2952117919921875
263 2.9311716556549072 2.226149559020996 2.226149559020996
264 3.039551019668579 2.4300458431243896 2.4300453662872314
265 2.9743576049804688 2.296445608139038 2.296445608139038
266 3.1279637813568115 2.4302010536193848 2.4302010536193848
267 2.8751049041748047 2.1634480953216553 2.1634480953216553
268 2.9183719158172607 2.127814531326294 2.127814531326294
269 2.885685920715332 2.15299916267395 2.15299916267395
270 2.8371074199676514 2.0448436737060547 2.0448436737060547
271 3.07334303855896 2.3727376461029053 2.3727376461029053
272 3.0006349086761475 2.290672540664673 2.290672540664673
273 2.9565656185150146 2.194648504257202 2.194648504257202
274 3.0559287071228027 2.306385040283203 2.306385040283203
275 2.985844850540161 2.2148468494415283 2.2148468494415283
276 2.8222081661224365 2.0430264472961426 2.0430262088775635
277 2.8125836849212646 2.0204970836639404 2.0204970836639404
278 2.8907015323638916 2.0939011573791504 2.0939009189605713
279 2.8399202823638916 2.103971004486084 2.103971004486084
280 2.8485617637634277 2.0034430027008057 2.0034430027008057
281 3.0135228633880615 2.2506535053253174 2.2506535053253174
282 3.1154959201812744 2.3231542110443115 2.3231542110443115
283 2.937534809112549 2.068216323852539 2.068216323852539
284 2.9322547912597656 2.1305899620056152 2.1305902004241943
285 2.907280683517456 2.100505828857422 2.100505828857422
286 2.8354175090789795 1.9828360080718994 1.9828358888626099
287 2.841726303100586 2.042527675628662 2.042527437210083
288 2.931995391845703 2.164743661880493 2.164743661880493
289 2.9575014114379883 2.172722101211548 2.172722101211548
290 2.8866634368896484 2.0993266105651855 2.0993266105651855
291 2.89261531829834 2.0559425354003906 2.0559427738189697
292 2.952962875366211 2.132990837097168 2.132990837097168
293 3.0837342739105225 2.27486515045166 2.27486515045166
294 2.942917823791504 2.0701470375061035 2.0701470375061035
295 3.0422208309173584 2.231513500213623 2.231513500213623
296 3.0157768726348877 2.2275607585906982 2.2275607585906982
297 3.058966875076294 2.3211755752563477 2.3211755752563477
298 2.894157648086548 2.034998893737793 2.034998893737793
299 2.9940731525421143 2.2051148414611816 2.20511531829834
300 3.0574874877929688 2.2788026332855225 2.2788026332855225
301 2.9475128650665283 2.125072479248047 2.125072479248047
302 3.0102269649505615 2.2901060581207275 2.2901060581207275
303 2.9462485313415527 2.2024612426757813 2.2024612426757813
304 2.965376377105713 2.239833116531372 2.239833354949951
305 2.8858602046966553 2.0169591903686523 2.0169591903686523
306 2.9865574836730957 2.138132095336914 2.138132095336914
307 3.2193338871002197 2.519721746444702 2.519721746444702
308 3.080327272415161 2.295944929122925 2.295944929122925
309 3.0791845321655273 2.2666380405426025 2.2666380405426025
310 3.1499342918395996 2.39949631690979 2.399496078491211
311 3.1482529640197754 2.3840715885162354 2.3840715885162354
312 3.0363142490386963 2.296940803527832 2.296940803527832
313 3.0912930965423584 2.344693422317505 2.344693422317505
314 3.1715943813323975 2.4003989696502686 2.4003989696502686
315 3.095198154449463 2.338170051574707 2.338170051574707
316 3.149402618408203 2.4256114959716797 2.4256114959716797
317 3.1868984699249268 2.4852066040039063 2.4852066040039063
318 3.10364031791687 2.4029452800750732 2.402945041656494
319 3.0639796257019043 2.2993476390838623 2.2993476390838623
320 3.071894407272339 2.318021774291992 2.318021774291992
321 2.900385618209839 2.091853618621826 2.091853141784668
322 2.9181151390075684 2.1198489665985107 2.1198489665985107
323 3.1233091354370117 2.4392263889312744 2.4392263889312744
324 3.159740447998047 2.458387613296509 2.458388090133667
325 2.8560733795166016 2.0792407989501953 2.0792407989501953
326 3.1020689010620117 2.4270589351654053 2.4270589351654053
327 2.943086862564087 2.221059560775757 2.221059560775757
328 3.101095199584961 2.3805384635925293 2.3805384635925293
329 2.976628303527832 2.2728326320648193 2.2728326320648193
330 3.065873384475708 2.298917531967163 2.298917531967163
331 3.085895538330078 2.3475852012634277 2.347585439682007
332 3.1970033645629883 2.478250503540039 2.47825026512146
333 2.986372470855713 2.187926769256592 2.187926769256592
334 3.2012369632720947 2.4698503017425537 2.4698503017425537
335 3.0233044624328613 2.2538673877716064 2.2538676261901855
336 3.0391297340393066 2.201463460922241 2.201463222503662
337 3.083036184310913 2.2367143630981445 2.2367143630981445
338 3.0483202934265137 2.224562644958496 2.224562644958496
339 3.040278196334839 2.289497137069702 2.289497137069702
340 2.981541633605957 2.187234401702881 2.187234401702881
341 2.898984909057617 2.1046571731567383 2.1046571731567383
342 2.8726861476898193 2.0817458629608154 2.0817458629608154
343 2.9433822631835938 2.1764657497406006 2.176466226577759
344 2.8833096027374268 2.089414596557617 2.089414596557617
345 2.8688597679138184 2.0681533813476563 2.0681533813476563
346 2.8715970516204834 2.063009023666382 2.063009023666382
347 2.854067087173462 1.9649797677993774 1.9649792909622192
348 3.146611452102661 2.3777012825012207 2.3777012825012207
349 2.9333689212799072 2.1049118041992188 2.1049118041992188
350 2.9486396312713623 2.1100826263427734 2.1100828647613525
351 2.9553747177124023 2.1479296684265137 2.1479296684265137
352 3.1295270919799805 2.3836684226989746 2.3836684226989746
353 3.0002830028533936 2.2155518531799316 2.2155520915985107
354 3.0041284561157227 2.21012282371521 2.21012282371521
355 3.1716537475585938 2.4714391231536865 2.4714391231536865
356 2.9671053886413574 2.1546409130096436 2.1546409130096436
357 3.032437801361084 2.2925965785980225 2.2925963401794434
358 2.951974630355835 2.2505240440368652 2.2505240440368652
359 3.1555473804473877 2.39619779586792 2.39619779586792
360 3.0380609035491943 2.2474870681762695 2.2474870681762695
361 2.9494845867156982 2.1526710987091064 2.1526708602905273
362 3.097104549407959 2.4122555255889893 2.4122555255889893
363 3.195960283279419 2.50305438041687 2.503054141998291
364 3.209965705871582 2.451612710952759 2.451612710952759
365 3.062452554702759 2.3098435401916504 2.3098435401916504
366 2.9394922256469727 2.161870002746582 2.161870002746582
367 3.075059652328491 2.2995316982269287 2.2995316982269287
368 3.139672040939331 2.3916962146759033 2.3916962146759033
369 2.9824790954589844 2.192584276199341 2.192584276199341
370 3.0013434886932373 2.249800682067871 2.24980092048645
371 2.8967692852020264 2.0930142402648926 2.0930144786834717
372 2.9537627696990967 2.1842994689941406 2.1842994689941406
373 2.9693071842193604 2.157679557800293 2.157679796218872
374 3.0333714485168457 2.2498435974121094 2.2498435974121094
375 2.954141855239868 2.1780221462249756 2.1780221462249756
376 2.967733383178711 2.2112174034118652 2.2112174034118652
377 3.1871864795684814 2.4228241443634033 2.4228241443634033
378 3.2394142150878906 2.5009310245513916 2.5009310245513916
379 2.9895811080932617 2.1854188442230225 2.1854188442230225
380 3.2127981185913086 2.513674020767212 2.513674020767212
381 3.020221471786499 2.2959165573120117 2.2959165573120117
382 2.966355800628662 2.211704969406128 2.211704969406128
383 3.104182720184326 2.4807868003845215 2.4807865619659424
384 3.177638530731201 2.4293205738067627 2.4293203353881836
385 3.0774364471435547 2.3649754524230957 2.3649754524230957
386 3.1051690578460693 2.410761594772339 2.410761594772339
387 3.114459276199341 2.303305149078369 2.303305149078369
388 2.9950010776519775 2.249587059020996 2.249587059020996
389 3.1382203102111816 2.402522087097168 2.402522087097168
390 3.142876148223877 2.353591203689575 2.353591203689575
391 3.1098828315734863 2.345620632171631 2.345620632171631
392 3.1103577613830566 2.359598398208618 2.359598398208618
393 3.075005292892456 2.366532564163208 2.366532564163208
394 3.0688886642456055 2.3874728679656982 2.3874728679656982
395 3.1712799072265625 2.4841294288635254 2.4841294288635254
396 3.04109787940979 2.280961751937866 2.280961751937866
397 3.1668756008148193 2.4485998153686523 2.4485998153686523
398 3.157111167907715 2.4503233432769775 2.4503233432769775
399 3.0386669635772705 2.330470323562622 2.330470323562622
400 3.1281819343566895 2.380668878555298 2.380668878555298
401 3.1383626461029053 2.3685739040374756 2.3685739040374756
402 3.087639331817627 2.3207406997680664 2.3207406997680664
403 3.0762670040130615 2.254750967025757 2.254750967025757
404 3.1154394149780273 2.339702844619751 2.339702844619751
405 3.0987720489501953 2.3689019680023193 2.3689017295837402
406 3.030400037765503 2.3192498683929443 2.3192496299743652
407 3.0277862548828125 2.2768301963806152 2.2768301963806152
408 2.9807064533233643 2.2132842540740967 2.213284492492676
409 3.020385503768921 2.2489988803863525 2.2489986419677734
410 3.2620723247528076 2.5818207263946533 2.5818207263946533
411 3.11814546585083 2.4049723148345947 2.4049723148345947
412 3.1080474853515625 2.3269882202148438 2.326988458633423
413 3.1180636882781982 2.4294209480285645 2.4294209480285645
414 3.077329635620117 2.4067885875701904 2.4067885875701904
415 2.9568934440612793 2.2732183933258057 2.2732183933258057
416 2.8952603340148926 2.168462038040161 2.168462038040161
417 2.9668681621551514 2.2522597312927246 2.2522597312927246
418 3.1349854469299316 2.447566270828247 2.447566270828247
419 3.0850183963775635 2.355459690093994 2.355459690093994
420 3.0482494831085205 2.3173282146453857 2.3173282146453857
421 3.1589674949645996 2.4421920776367188 2.4421920776367188
422 3.153376817703247 2.4753549098968506 2.4753549098968506
423 3.251344919204712 2.517498016357422 2.517498016357422
424 3.226489305496216 2.489384889602661 2.489384889602661
425 3.133239984512329 2.469160318374634 2.469160318374634
426 3.1010706424713135 2.342686176300049 2.342686176300049
427 3.2475061416625977 2.5202081203460693 2.5202081203460693
428 3.2687370777130127 2.536220073699951 2.5362203121185303
429 3.3818275928497314 2.6779327392578125 2.6779327392578125
430 3.324542284011841 2.6226401329040527 2.6226401329040527
431 3.289822816848755 2.5798776149749756 2.5798776149749756
432 3.2006027698516846 2.4859459400177 2.4859459400177
433 3.225198984146118 2.567196846008301 2.567196846008301
434 3.3673582077026367 2.717489004135132 2.7174887657165527
435 3.297208309173584 2.622776746749878 2.622776746749878
436 3.362863063812256 2.675208568572998 2.675208568572998
437 3.330975294113159 2.626991033554077 2.626990795135498
438 3.0641911029815674 2.262317180633545 2.262317180633545
439 3.205962657928467 2.4457814693450928 2.4457814693450928
440 3.179779529571533 2.410362720489502 2.410362720489502
441 3.269412040710449 2.504978656768799 2.504978656768799
442 3.1622774600982666 2.4147744178771973 2.4147744178771973
443 3.2691168785095215 2.6033034324645996 2.6033034324645996
444 3.227581024169922 2.5995421409606934 2.5995423793792725
445 3.1945512294769287 2.5260088443756104 2.5260093212127686
446 3.197535991668701 2.4954264163970947 2.495426893234253
447 3.1189043521881104 2.4404032230377197 2.4404029846191406
448 3.1509549617767334 2.388575553894043 2.388575553894043
449 3.1921918392181396 2.4325103759765625 2.4325103759765625
450 3.1492919921875 2.379394054412842 2.379394292831421
451 3.1023240089416504 2.3461203575134277 2.3461203575134277
452 3.1803948879241943 2.4556446075439453 2.455644369125366
453 3.015916347503662 2.3051815032958984 2.3051815032958984
454 3.182955265045166 2.5090172290802 2.5090172290802
455 3.122110605239868 2.4204776287078857 2.4204776287078857
456 3.164323568344116 2.4466607570648193 2.4466607570648193
457 3.2602040767669678 2.604933023452759 2.604933261871338
458 3.145308017730713 2.473722457885742 2.473722457885742
459 3.232302188873291 2.520423650741577 2.520423650741577
460 3.0266153812408447 2.3659567832946777 2.3659567832946777
461 3.302701711654663 2.6249732971191406 2.6249732971191406
462 3.2606191635131836 2.5862722396850586 2.5862722396850586
463 3.3424153327941895 2.6883699893951416 2.6883699893951416
464 3.2731552124023438 2.5945069789886475 2.5945067405700684
465 3.1784465312957764 2.4988350868225098 2.4988350868225098
466 3.198659658432007 2.5141336917877197 2.514133930206299
467 3.2608139514923096 2.606304168701172 2.606304168701172
468 3.320969820022583 2.6272733211517334 2.6272733211517334
469 3.3921828269958496 2.74051570892334 2.740516424179077
470 3.2734954357147217 2.567406415939331 2.567406415939331
471 3.2190654277801514 2.5180890560150146 2.5180890560150146
472 3.087172269821167 2.3933145999908447 2.3933143615722656
473 3.234724283218384 2.561074733734131 2.561074733734131
474 3.188006639480591 2.4944305419921875 2.4944305419921875
475 3.270763635635376 2.535128355026245 2.535128116607666
476 3.255436658859253 2.5431058406829834 2.5431058406829834
477 3.1915876865386963 2.4745428562164307 2.4745428562164307
478 3.2037405967712402 2.5004122257232666 2.5004124641418457
479 3.34061598777771 2.5954363346099854 2.5954360961914063
480 3.330906629562378 2.5969948768615723 2.5969948768615723
481 3.5661182403564453 2.8764960765838623 2.8764960765838623
482 3.2462565898895264 2.545222759246826 2.5452229976654053
483 3.2620434761047363 2.6256632804870605 2.6256635189056396
484 3.376432418823242 2.6910147666931152 2.6910147666931152
485 3.3442940711975098 2.669389247894287 2.669389247894287
486 3.337714672088623 2.6330606937408447 2.6330606937408447
487 3.3644931316375732 2.6848058700561523 2.6848061084747314
488 3.274965286254883 2.543955087661743 2.543955087661743
489 3.3181049823760986 2.5875158309936523 2.5875158309936523
490 3.4718172550201416 2.768637180328369 2.7686376571655273
491 3.231353521347046 2.5541112422943115 2.5541112422943115
492 3.2855234146118164 2.62597918510437 2.62597918510437
493 3.3514602184295654 2.612855911254883 2.612855911254883
494 3.229106903076172 2.553844451904297 2.553844451904297
495 3.272709369659424 2.618046522140503 2.6180460453033447
496 3.2220299243927 2.5741021633148193 2.5741021633148193
497 3.3785927295684814 2.7576606273651123 2.7576606273651123
498 3.362252712249756 2.7121658325195313 2.7121658325195313
499 3.162245750427246 2.4816606044769287 2.4816606044769287
500 3.094841241836548 2.4154679775238037 2.4154679775238037
501 3.101375102996826 2.420886754989624 2.420886993408203
502 3.1085684299468994 2.4748260974884033 2.4748260974884033
503 3.0416276454925537 2.379067897796631 2.37906813621521
504 3.1174769401550293 2.4164321422576904 2.4164316654205322
505 3.0989480018615723 2.4116387367248535 2.4116384983062744
506 3.183195114135742 2.498962640762329 2.49896240234375
507 3.1764707565307617 2.5168707370758057 2.516871213912964
508 2.999945878982544 2.2266225814819336 2.2266225814819336
509 2.98946475982666 2.266261577606201 2.266261577606201
510 3.241711378097534 2.465268135070801 2.465268135070801
511 3.081416130065918 2.309128522872925 2.309128522872925
512 3.117429494857788 2.3550422191619873 2.355041980743408
513 3.0646750926971436 2.289134979248047 2.289134979248047
514 3.0488038063049316 2.3365440368652344 2.3365437984466553
515 2.9916703701019287 2.2447428703308105 2.2447431087493896
516 2.9954378604888916 2.201486110687256 2.201486110687256
517 2.860313892364502 2.1180388927459717 2.1180388927459717
518 2.815721035003662 1.9677846431732178 1.9677848815917969
