9 	 1.335357666015625
10 	 1.0461719036102295
11 	 0.9745801687240601
12 	 1.3282911777496338
13 	 1.2513715028762817
14 	 1.2997859716415405
15 	 0.9348156452178955
16 	 0.8695513606071472
17 	 0.7351008653640747
18 	 0.7237570881843567
19 	 0.6465368866920471
20 	 0.6511873006820679
21 	 0.7205729484558105
22 	 0.8166106939315796
23 	 0.9649487733840942
24 	 1.0660340785980225
25 	 1.2910399436950684
26 	 1.441071629524231
27 	 1.3785359859466553
28 	 1.1650594472885132
29 	 1.0398297309875488
30 	 0.8649276494979858
31 	 0.8405668139457703
32 	 0.9502362608909607
33 	 0.8494303226470947
34 	 0.7328728437423706
35 	 0.8996043801307678
36 	 1.0608373880386353
37 	 0.9965411424636841
38 	 0.7188288569450378
39 	 0.7848407626152039
40 	 0.9402531385421753
41 	 0.8170419335365295
42 	 0.746749997138977
43 	 0.9612133502960205
44 	 1.0882368087768555
45 	 0.9765787124633789
46 	 1.0897959470748901
47 	 0.8301896452903748
48 	 0.8424570560455322
49 	 0.892494797706604
50 	 0.8727700710296631
51 	 0.8141082525253296
52 	 0.8368586301803589
53 	 0.8667476177215576
54 	 0.9809991121292114
55 	 1.2785228490829468
56 	 1.3277345895767212
57 	 1.4449115991592407
58 	 1.3957282304763794
59 	 1.1132137775421143
60 	 0.9787170886993408
61 	 0.8284750580787659
62 	 0.9491562247276306
63 	 0.9777930974960327
64 	 0.8418138027191162
65 	 0.9475414156913757
66 	 1.1228768825531006
67 	 1.1426876783370972
68 	 1.17168390750885
69 	 1.2294589281082153
70 	 1.2262173891067505
71 	 1.2313627004623413
72 	 0.9091503620147705
73 	 0.8384327292442322
74 	 0.6939574480056763
75 	 0.6286088228225708
76 	 0.561413586139679
77 	 0.5887799859046936
78 	 0.6586036682128906
79 	 0.8470552563667297
80 	 1.1503582000732422
81 	 1.5702173709869385
82 	 1.1626665592193604
83 	 0.8218658566474915
84 	 0.691919207572937
85 	 0.7326723337173462
86 	 0.6259681582450867
87 	 0.5450221300125122
88 	 0.6153585314750671
89 	 0.5835140943527222
90 	 0.5821443796157837
91 	 0.642515242099762
92 	 0.8009644150733948
93 	 1.0207759141921997
94 	 1.0349196195602417
95 	 1.1746262311935425
96 	 1.0930947065353394
97 	 1.004826545715332
98 	 1.0558286905288696
99 	 0.9952260851860046
100 	 1.1046781539916992
101 	 1.2266364097595215
102 	 0.9807649850845337
103 	 0.8393117785453796
104 	 0.7326446771621704
105 	 0.6439153552055359
106 	 0.6075517535209656
107 	 0.6462222933769226
108 	 0.6221058964729309
109 	 0.7356459498405457
110 	 0.8856446743011475
111 	 1.3497543334960938
112 	 1.311496376991272
113 	 1.3116955757141113
114 	 0.9744591116905212
115 	 0.8184130787849426
116 	 0.7666012644767761
117 	 0.7769144177436829
118 	 0.770591139793396
119 	 0.7447882294654846
120 	 0.7858075499534607
121 	 0.7815555334091187
122 	 0.8181893229484558
123 	 0.873857319355011
124 	 0.9699907302856445
125 	 1.0910338163375854
126 	 1.0597223043441772
127 	 1.3020235300064087
128 	 1.8801283836364746
129 	 1.2551442384719849
130 	 1.7751017808914185
131 	 1.434584140777588
132 	 1.3081918954849243
133 	 1.027001976966858
134 	 0.8602210879325867
135 	 0.7128319144248962
136 	 0.7505830526351929
137 	 0.7112000584602356
138 	 0.6304395794868469
139 	 0.5989432334899902
140 	 0.6623743176460266
141 	 0.6659953594207764
142 	 0.633914589881897
143 	 0.6893976926803589
144 	 0.7797848582267761
145 	 0.7227172255516052
146 	 0.7431994676589966
147 	 0.7096216082572937
148 	 0.8065294027328491
149 	 0.8926535248756409
150 	 0.819414496421814
151 	 0.775352418422699
152 	 0.6174383759498596
153 	 0.5793411135673523
154 	 0.6924605965614319
155 	 0.6098042130470276
156 	 0.5855751633644104
157 	 0.6195870637893677
158 	 0.7862251400947571
159 	 0.9365731477737427
160 	 0.9242061376571655
161 	 0.8417519330978394
162 	 0.9272438883781433
163 	 0.6878076195716858
164 	 0.6132391691207886
165 	 0.5494123697280884
166 	 0.5473666191101074
167 	 0.5207794308662415
168 	 0.5180402994155884
169 	 0.5124483108520508
170 	 0.5023962259292603
171 	 0.4872618317604065
172 	 0.5361118316650391
173 	 0.5534459352493286
174 	 0.6367509961128235
175 	 0.6317156553268433
176 	 0.5920522212982178
177 	 0.6683863997459412
178 	 0.7903002500534058
179 	 0.7868595123291016
180 	 0.9243037700653076
181 	 1.0298824310302734
182 	 1.2224669456481934
183 	 1.4144363403320313
184 	 1.399382472038269
185 	 1.4506852626800537
186 	 1.6946513652801514
187 	 2.0489916801452637
188 	 2.5208351612091064
189 	 2.2356321811676025
190 	 1.808935523033142
191 	 1.454801321029663
192 	 1.239272117614746
193 	 1.1510659456253052
194 	 1.1718767881393433
195 	 0.9603447914123535
196 	 0.8266116976737976
197 	 0.9241504073143005
198 	 0.9463597536087036
199 	 0.7576909065246582
200 	 0.7854342460632324
201 	 1.010135293006897
202 	 1.0176748037338257
203 	 0.8529538512229919
204 	 1.029077172279358
205 	 0.7665795683860779
206 	 0.7242527008056641
207 	 0.711559534072876
208 	 0.6719920635223389
209 	 0.6277382373809814
210 	 0.5380366444587708
211 	 0.5503138303756714
212 	 0.5241925716400146
213 	 0.5848543047904968
214 	 0.762200653553009
215 	 0.905634343624115
216 	 1.337132453918457
217 	 1.462288737297058
218 	 2.097424268722534
219 	 2.750608444213867
220 	 3.682598352432251
221 	 4.64309549331665
222 	 5.013469219207764
223 	 6.018481731414795
224 	 6.25716495513916
225 	 6.045251369476318
226 	 6.024051189422607
227 	 5.430951118469238
228 	 4.779741287231445
229 	 3.5422959327697754
230 	 3.11091947555542
231 	 1.93947434425354
232 	 1.3019566535949707
233 	 1.3992329835891724
234 	 1.3508813381195068
235 	 1.0924125909805298
236 	 1.2620829343795776
237 	 1.9515870809555054
238 	 1.2369476556777954
239 	 1.0351016521453857
240 	 1.0448895692825317
241 	 0.9681688547134399
242 	 1.1923366785049438
243 	 1.037832498550415
244 	 0.9977258443832397
245 	 0.9275078177452087
246 	 1.0323671102523804
247 	 1.148526906967163
248 	 0.9407284259796143
249 	 0.6889208555221558
250 	 0.693027138710022
251 	 0.7242858409881592
252 	 0.6998061537742615
253 	 0.9094923734664917
254 	 0.8486790657043457
255 	 0.7661779522895813
256 	 0.6748179793357849
257 	 0.6153374314308167
258 	 0.5871416330337524
259 	 0.5221327543258667
260 	 0.4694262444972992
261 	 0.47531765699386597
262 	 0.506774365901947
263 	 0.5670163631439209
264 	 0.5953890681266785
265 	 0.772641122341156
266 	 0.8788982033729553
267 	 0.806799590587616
268 	 0.9115611910820007
269 	 1.1634780168533325
270 	 1.414628028869629
271 	 1.3998855352401733
272 	 1.0804787874221802
273 	 0.9904413223266602
274 	 0.9251984357833862
275 	 1.4374537467956543
276 	 1.794859528541565
277 	 2.2749969959259033
278 	 2.2539994716644287
279 	 2.9550557136535645
280 	 3.6515254974365234
281 	 3.2959039211273193
282 	 2.7223215103149414
283 	 1.6410256624221802
284 	 0.8936808109283447
285 	 0.6918314099311829
286 	 0.5766655802726746
287 	 0.5173107981681824
288 	 0.5339980721473694
289 	 0.5449842214584351
290 	 0.5953437685966492
291 	 0.7291626334190369
292 	 0.7610667943954468
293 	 0.97344970703125
294 	 0.8297557830810547
295 	 0.8571395874023438
296 	 0.8050152063369751
297 	 0.8320717215538025
298 	 0.7819386720657349
299 	 0.712035059928894
300 	 0.7835009694099426
301 	 0.8334424495697021
302 	 0.7424525618553162
303 	 0.7679817080497742
304 	 0.9299214482307434
305 	 0.8934820890426636
306 	 0.9078097343444824
307 	 1.419198989868164
308 	 1.6166059970855713
309 	 1.4540033340454102
310 	 1.1436363458633423
311 	 1.116697907447815
312 	 1.2803211212158203
313 	 1.3147131204605103
314 	 1.4300569295883179
315 	 1.437536358833313
316 	 0.9895889759063721
317 	 0.9889310002326965
318 	 0.7325034737586975
319 	 0.6708831191062927
320 	 0.6381646394729614
321 	 0.6249229311943054
322 	 0.6162174344062805
323 	 0.6331105828285217
324 	 0.5701581835746765
325 	 0.5954200625419617
326 	 0.5474162101745605
327 	 0.5294668674468994
328 	 0.5035604238510132
329 	 0.5066818594932556
330 	 0.598800539970398
331 	 0.6727174520492554
332 	 1.0374265909194946
333 	 1.7694162130355835
334 	 1.6031842231750488
335 	 1.829140067100525
336 	 1.4306544065475464
337 	 0.8307228684425354
338 	 0.6223372220993042
339 	 0.6298829317092896
340 	 0.6226693391799927
341 	 0.6120293736457825
342 	 1.2041696310043335
343 	 0.8932183980941772
344 	 0.7706114649772644
345 	 0.8842409253120422
346 	 0.8541910648345947
347 	 0.8169154524803162
348 	 0.7244701981544495
349 	 0.5998545289039612
350 	 0.5459370613098145
351 	 0.5243240594863892
352 	 0.5735092163085938
353 	 0.5821820497512817
354 	 0.5903640985488892
355 	 0.6813749670982361
356 	 0.8654747605323792
357 	 1.0406969785690308
358 	 0.9156041145324707
359 	 1.107538104057312
360 	 0.9210737347602844
361 	 0.759123682975769
362 	 0.7921019196510315
363 	 0.9669411182403564
