0 16.41247283228639
1 16.373290280473284
2 16.376058996151606
3 16.2978140091873
4 15.738164858247497
5 15.876990411671523
6 16.3569048534118
7 16.40616005515461
8 16.544474857287682
9 16.660497820234102
10 15.983002034789497
11 16.14779601234933
12 16.777232658774153
13 16.174838404435228
14 16.68534400343384
15 16.96413680488189
16 16.842279722364307
17 16.5143438199927
18 16.81721581163518
19 15.018892324538347
20 16.202135975752295
21 16.28722424351354
22 18.986031470161038
23 18.236661339522282
24 16.685599275636843
25 17.337385753174363
26 17.82389493301463
27 16.30467001837195
28 16.9219871261425
29 18.87416899560247
30 17.92429020236343
31 16.419782140672403
32 17.712555212204066
33 17.498075314286936
34 17.054107380760655
35 15.92082611486524
36 16.51901055799498
37 17.501616519335247
38 17.83586649708056
39 17.798006638068475
40 17.756144733814185
41 18.843310569438376
42 17.525208664192302
43 17.291825662555
44 19.30295688370679
45 17.051679760120635
46 17.75481582078733
47 17.332887889816824
48 18.420686273175505
49 16.970924222287596
50 17.830944696481232
51 18.38162884761637
52 17.679799185306216
53 17.76661834716234
54 16.447796496103333
55 16.9379529150754
56 16.676912277621447
57 18.19544946442505
58 19.108306939537478
59 16.907751041038523
60 17.192570736830636
61 15.592146966881547
62 17.43111999521216
63 17.71736984640621
64 16.738733482924165
65 17.099798992542652
66 17.679247814566093
67 15.292658956698522
68 16.503616948209743
69 16.99642405535705
70 16.43302863247524
71 16.369784304620705
72 16.05266272733193
73 15.684766261039476
74 15.615218992838965
75 16.485193528606242
76 15.714489227200126
77 16.115109653379793
78 15.788500505026208
79 15.470923745496929
80 16.499789093103747
81 17.30150290415783
82 15.565084377511534
83 15.75508964066813
84 17.081362106619103
85 16.56173618320455
86 16.92950423996605
87 17.408103570838634
88 16.255114763858845
89 17.039467429928642
90 17.071025300453172
91 17.783433935823567
92 16.95753698573867
93 15.591191208663265
94 16.076654053054547
95 15.631195249102825
96 16.163220981148587
97 16.44179372476085
98 16.132698955618938
99 16.078217374588366
100 15.886187592861656
101 15.610939230175278
102 14.872726739288794
103 15.585381505168606
104 15.879713109103415
105 15.477993586938329
106 16.52094359179588
107 17.448070612405978
108 16.871267731515672
109 17.22857712407434
110 15.504288444677895
111 16.82388449397844
112 16.25623667115662
113 17.557990614508956
114 17.822358334682335
115 17.218965234350215
116 17.97754074780919
117 17.311411576151645
118 17.803446693930287
119 17.448489976158083
120 17.05693802893836
121 16.343593503190505
122 15.5368309160332
123 18.020996848587675
124 17.773569327640367
125 17.653616257221014
126 17.619480008392312
127 16.84483385552492
128 18.466778009785195
129 18.13653824181195
130 17.610753904518056
131 16.04708273643041
132 16.76603858346855
133 16.17494570157313
134 15.271614767225882
135 16.89884566074217
136 17.469716871185316
137 17.26631963226615
138 16.150894667293464
139 15.480076801035723
140 16.914721237533485
141 16.307033757505565
142 16.2384962725664
143 16.218360503357584
144 17.110376096305206
145 17.32889541948874
146 17.883822983823034
147 16.255749672161087
148 16.135918685756078
149 17.36898253140279
150 16.569748023610934
151 15.972444985124339
152 16.760216574700024
153 17.360871161674332
154 17.37974250080813
155 17.36044280657421
156 17.985640541812753
157 13.937982060489638
158 13.24597308123961
159 14.76158708282556
160 17.173406627158936
161 14.548352044123625
162 12.370116042169194
163 14.404946403735575
164 12.373614504604552
165 14.506779311204077
166 14.658903868686961
167 16.131943284612507
168 15.407912414676973
169 14.190098524438497
170 13.67323971925746
171 15.1857014104854
172 16.667339746658474
173 14.864294281804582
174 16.000461750866204
175 16.31701450962947
176 15.709226469202859
177 16.037833235315745
178 15.097102750658163
179 16.569235052429555
180 13.81164961613216
181 13.56550037424334
182 12.698990281584337
183 13.245565553978999
184 12.783103264930286
185 13.129999226431984
186 13.642586567159197
187 13.118599778989239
188 12.540466860151882
189 15.342349283755796
190 14.20024551755667
191 12.88382669084448
192 13.303492911435578
193 13.603445886399639
194 14.0958826235934
195 16.791891703532766
196 15.524296506242619
197 16.40218067473738
198 16.269812106331123
199 13.81744376384565
200 13.877299123588898
201 13.553670569487482
202 13.332757257560829
203 14.449079925258802
204 14.561955218103405
205 13.532950781827376
206 14.113733227840285
207 12.992765150408013
208 14.261752537629505
209 16.05358630335989
210 15.059913485782486
211 15.651096036776378
212 15.380131443769761
213 13.9294507216692
214 13.609849638131735
215 16.153059161758346
216 13.908954665649983
217 14.975962829584438
218 14.362535828657798
219 13.69558423147021
220 16.475490466448118
221 15.396742142743552
222 15.204324083978026
223 14.745742204445834
224 15.199945535044753
225 15.029857869032355
226 15.408867626758154
227 13.401719276499687
228 13.593359163503672
229 13.009146189449687
230 14.95705342876313
231 17.400364354204758
232 16.14735679112931
233 16.18051719616569
234 16.687428994279365
235 15.952779562755685
236 14.485941545945574
237 16.326244300990563
238 14.547240672801768
239 14.929504283173358
240 17.693742802635487
241 17.369136111972228
242 16.235044680567384
243 16.807557834932517
244 16.439162050831293
245 17.817213154156402
246 16.161609908289243
247 16.19178624471042
248 15.865566198944183
249 15.714038319579887
250 14.823858339738477
251 16.606631932626584
252 17.50110480143379
253 15.226628429547171
254 16.689783315977884
255 17.454126592718303
256 17.720647363302604
257 16.113199648913973
258 16.102790885591606
259 16.922200368586722
260 15.368394991378135
261 16.927457475740677
262 18.10643462914837
263 17.91357078516909
264 18.25720052029963
265 17.25712781243232
266 17.697225822854524
267 17.539389571819093
268 17.357572238531215
269 18.179824972717462
270 18.505233171033037
271 15.345489521138495
272 16.09623304445188
273 15.921772635132937
274 16.507769567841528
275 17.594565255830304
276 16.227188757715055
277 15.72236133114856
278 14.924844683448855
279 15.778017884422033
280 17.68866095723528
281 14.867168731787945
282 15.02318292699469
283 12.931872869535079
284 14.219350612888988
285 16.491477060752413
286 16.296463669297662
287 17.530460998310012
288 16.677557753230083
289 15.653204923614425
290 17.0408734462559
291 14.171521392739054
292 13.91925428491689
293 13.942222043427167
294 15.65560399505005
295 17.777893544863396
296 16.991116692683864
297 15.609734536805316
298 16.807291251284298
299 15.39102546870536
300 16.51323143805589
301 16.778825548529316
302 16.40901434212529
303 14.976134798622384
304 16.214344265365725
305 16.61868135818707
306 17.053313386885947
307 15.859133017713393
308 15.25250530873448
309 15.938078057761661
310 15.50957654047894
311 15.710348176783736
312 16.16187385670704
313 17.270812487675318
314 15.819873590714856
315 16.897558490477312
316 16.73463446711586
317 17.128546257939938
318 15.35723048131688
319 15.67384108221174
320 16.205015324537907
321 16.831828114308568
322 15.94728911032794
323 17.200889382722156
324 15.365427113275443
325 16.190667124502564
326 17.208702612894207
327 16.45219139186048
328 16.658802884919147
329 16.990563246026916
330 15.380181248958863
331 18.019039355327475
332 16.31377469749559
333 16.912547582384693
334 15.860276705125429
335 16.324572686961034
336 16.918603387458592
337 18.100406389904336
338 16.62815032557991
339 16.336618294751574
340 16.127470954856648
341 16.49758362630006
342 16.69113138651871
343 16.783671511129693
344 14.98880682924804
345 17.159974942790498
346 15.450722977488384
347 16.5884000210017
348 15.52020406272271
349 14.501929566145174
350 15.650118777721373
351 16.061821427230516
352 14.160512258762347
353 15.71609900682473
354 15.570209492110502
355 16.26453407995721
356 16.424525927195642
357 15.764216201173017
358 15.912463267512972
359 16.447209952816525
360 15.300086334406256
361 15.257239927316613
362 16.6493697507478
363 15.595897250908411
364 16.841787279089253
365 15.518825299175695
366 16.347117898695032
367 14.981270415768378
368 15.816487642981144
369 15.645700148559646
370 16.04824834325375
371 16.91747013449082
372 15.827795149167516
373 16.280829789224327
374 17.380184036313278
375 17.60649405327908
376 16.69341511680149
377 16.69133758377793
378 17.14173175544357
379 15.52564245226524
380 16.317558233121744
381 17.15246914734942
382 16.797701413694412
383 17.86780564508301
384 17.12820316493817
385 17.34012745924707
386 16.240230038487102
387 16.325701439023934
388 16.02575741308777
389 16.034753189823647
390 15.912724779808064
391 16.783170367119734
392 16.958488805063777
393 17.05104305837782
394 16.659102295775973
395 15.999617280886305
396 16.640370910715678
397 16.19634774141424
398 15.83278283662075
399 16.440980258767535
400 15.569755397250095
401 15.292002447857795
402 15.094188994539616
403 15.156245449410918
404 14.409747029333872
405 15.825368900856995
406 14.510552364028944
407 15.498075625493454
408 16.174770741783167
409 16.904049928242
410 16.558567595836315
411 15.676966264328527
412 15.491684769091549
413 16.10817668405978
414 14.589215057517958
415 17.047985002209153
416 16.589602953880767
417 16.692127711193162
418 17.023860674815268
419 16.891356006924
420 17.023550201005303
421 16.225847792957833
422 17.775630230377658
423 16.342126358700202
424 17.77844177194407
425 16.575192329144905
426 16.786041762262318
427 16.573359621069407
428 16.11959860790542
429 17.106947200953577
430 15.506179386972008
431 15.872293337681352
432 16.904925914296815
433 17.197524402425294
434 16.656891858319156
435 16.346974657619565
436 17.21557825574315
437 16.79578586991951
438 16.215255487444463
439 15.672855259883292
440 16.541086990239776
441 15.761021795135948
442 17.721468241196636
443 17.443279025568454
444 16.975215892056724
445 17.16106718507946
446 16.299361176672303
447 16.782425191371715
448 15.768832365811274
449 16.088932453072072
450 16.5989216834117
451 15.980273556275117
452 16.98355135101978
453 15.202086179089363
454 16.90997230923706
455 16.26018455662783
456 15.649078952019622
457 16.253967531479514
458 15.813924853912633
459 16.724873628390625
460 16.617498025827793
461 16.63378724723969
462 16.784423525976205
463 16.562494381032444
464 16.101650940059006
465 16.633612587848997
466 15.88932041174977
467 16.85902337849313
468 16.22085526802063
469 16.0349425398013
470 17.127932815458692
471 16.755509989025086
472 17.14399582019821
473 17.349184298976695
474 16.873975876003648
475 17.106111898056756
476 16.086392427199453
477 15.728882023238958
478 15.972129622119965
479 16.97385523587161
480 17.015532870621424
481 16.930459283061232
482 17.599543417988475
483 15.81845341880345
484 16.815214448201395
485 16.86219783816086
486 16.464686791353106
487 17.566925289128864
488 16.407939437621543
489 16.421013147168704
490 15.29798849477612
491 16.929256142777405
492 16.620993783474457
493 16.56320460633607
494 16.14950934477253
495 15.959011754153257
496 16.46935974888183
497 17.1756087971016
498 17.671822864019397
499 14.916921968150554
500 15.279920420066686
501 16.646656261800146
502 15.434482628336127
503 16.488049079084888
504 16.22087303195549
505 16.26234052416571
506 17.721895104604705
507 16.410060485354972
508 15.867939602195417
509 15.579158683286643
510 16.08137665094876
511 16.88097851101482
512 16.65496335157793
513 16.256009481745984
514 15.117304967706236
515 16.45773624221581
516 16.91954767484376
517 16.93258110144833
518 16.86615663779024
519 16.420125645979244
