0 11.139251584892152
1 11.290676045749453
2 11.058574934398395
3 11.44218838905795
4 11.267968971386418
5 11.090918889729691
6 11.468997900249892
7 11.073120947017395
8 10.779709553739194
9 11.312436402411969
10 10.838473999579174
11 11.063864700932427
12 10.684932385675122
13 10.858652974445071
14 10.53579802663604
15 11.725907024278296
16 11.716793125742953
17 11.024638459051909
18 11.334199696381127
19 11.371839751631313
20 12.55020994772365
21 12.190947300218719
22 14.35243424634676
23 10.940679443589604
24 9.553309348683166
25 9.2959507476583
26 8.72462040132089
27 9.00664616206793
28 9.792975872635862
29 9.518981417140797
30 9.011442109326527
31 9.73652800755935
32 10.800774647903784
33 9.262795288991686
34 10.81573786914447
35 10.42301758849347
36 8.937518965785912
37 15.308326624301698
38 15.94752852006536
39 15.121331979907522
40 13.565547686926688
41 13.19976425216423
42 13.89133777964942
43 13.300759819575992
44 13.562330559961485
45 15.37347223639932
46 15.866057179357327
47 15.02772785356597
48 15.596796355135616
49 15.891780266637364
50 12.19031769654659
51 14.260692343853453
52 15.360590945455527
53 15.06831010592578
54 12.96813647683727
55 13.750200423863728
56 12.85873274359326
57 15.050906106137365
58 14.217793898088466
59 15.505759529490616
60 14.638037915369113
61 15.017745616144822
62 16.420289662428505
63 15.406980133262008
64 16.753091160588717
65 18.855060523665358
66 14.67282137444916
67 13.423944172911405
68 14.179701522161112
69 16.299957964088353
70 15.43302038193412
71 16.1858922062591
72 15.578448682463469
73 16.31413781519707
74 14.199101929993576
75 15.613293419830482
76 12.71694878255258
77 14.168683326372097
78 15.79021082120444
79 16.527190036613504
80 14.255809303305268
81 14.110993794421939
82 13.837970354066476
83 15.12793602395174
84 14.136440824954944
85 14.2060475230897
86 13.953451410343176
87 15.42010422628826
88 15.147688393791654
89 15.308386405591584
90 14.565067048590713
91 12.446561664807458
92 13.121921337583572
93 14.087113454540342
94 15.406451370226277
95 13.23604119750319
96 16.22480661964808
97 15.714121528030006
98 13.109380922731056
99 14.95233628204321
100 14.80449160446489
101 14.930540249996795
102 13.536241873299723
103 11.947528032106106
104 14.312451733837182
105 14.245010104983345
106 14.1961109345305
107 14.223045843010567
108 15.884837610219023
109 13.074571537415844
110 14.080852598442933
111 13.892266089182037
112 13.313747788404875
113 12.433258694371121
114 13.800762077145
115 13.013571499251785
116 13.280956996613355
117 13.3577052132425
118 14.467526952549669
119 16.389209372916415
120 13.434886494763425
121 13.678042189481108
122 16.991818214211516
123 15.688005649215821
124 12.912155737268602
125 15.412040500420849
126 13.057986157283752
127 13.523058395415635
128 13.338043374068683
129 14.608852820194093
130 23.208810742213785
131 17.641279955515365
132 20.90826550120434
133 24.949549230209858
134 21.15340336118483
135 24.52102079879461
136 19.810213512858258
137 18.50554277695743
138 20.188094179649543
139 19.03017101218198
140 22.68797278417186
141 18.702253872104063
142 17.96024234296839
143 23.589383797510173
144 22.40423490800883
145 18.5708308585564
146 22.509961915162943
147 26.78653053319597
148 21.55875401477078
149 23.223412372674073
150 23.40236205383513
151 22.043390622632185
152 20.28244097154219
153 18.950602593920532
154 16.411611079867477
155 21.019284298970376
156 14.760283586365867
157 19.525049009502855
158 10.366566709458276
159 14.144099111311288
160 11.35454937911192
161 9.331095814990881
162 10.460710460285835
163 8.94992913201324
164 10.332064055128932
165 11.305191622482646
166 9.919364835503163
167 12.425214350227936
168 10.464597327885226
169 10.276881004680577
170 9.495921271710964
171 11.09465635594892
172 18.96521349488341
173 16.208472127801386
174 19.655711102581602
175 13.672476703102884
176 10.283299772044883
177 11.093095136544955
178 10.051695692406112
179 10.51307832847294
180 9.296269462439376
181 11.766771516760015
182 8.701816037794078
183 10.117897215437047
184 8.627765133850838
185 12.923814626530508
186 11.958882099980572
187 13.792995118481178
188 13.906450268268905
189 12.219407070695455
190 15.596017295978895
191 13.734124850752009
192 14.90227883751251
193 16.798702831451735
194 14.414901494812657
195 19.02436228397171
196 15.940181553100496
197 12.559415082522824
198 10.469290989997164
199 10.90783370595331
200 11.608611670155726
201 10.662290320320063
202 16.0728187491241
203 10.208381100480219
204 12.984149717193405
205 16.6940965803163
206 15.28203719364287
207 15.982024892863906
208 14.373102393585086
209 14.584535857340596
210 10.338186667039901
211 12.268234607185228
212 9.866807293252789
213 8.119396255821302
214 9.76335265539874
215 9.310955686707949
216 9.131396134680788
217 10.90317667150525
218 12.871449989504143
219 10.382661312389994
220 11.02276387524778
221 9.072268781456167
222 11.226904843791422
223 11.227631737691643
224 15.320439152563898
225 14.91696472792187
226 14.343893448842069
227 17.345390180460047
228 14.674622905941684
229 8.335789902947488
230 12.545706784022444
231 10.803612718238726
232 15.30012758169083
233 12.568167072861643
234 10.530223523783436
235 12.434562571734785
236 11.88134219328486
237 11.98753046531635
238 12.569642217443636
239 10.158465211785334
240 13.655247603750322
241 12.788094563489846
242 11.471326019497594
243 10.960073592385251
244 12.098929637037404
245 13.74871929550654
246 12.190775006596198
247 14.352005853252743
248 12.931306683337937
249 8.73557215954058
250 8.570160527265445
251 8.542993672599527
252 9.845855248149192
253 8.321280497450312
254 8.337489938967854
255 8.99740767001775
256 8.60677713256222
257 10.799583779568259
258 13.62492731063306
259 10.301419240720644
260 8.932250974009836
261 11.993739870104264
262 10.699854877369956
263 12.664378140850662
264 12.924788543183624
265 10.710239049095003
266 11.707192998773108
267 16.86445381177794
268 19.7112774294399
269 15.516343855140095
270 18.39041037974943
271 14.629578285607792
272 21.587635055352134
273 22.16798258998709
274 15.38886145640728
275 18.094549677900996
276 17.668538132296327
277 14.974342025702855
278 12.658452690065678
279 12.594828382810379
280 15.085349632200698
281 14.302723245022838
282 18.054773298317514
283 21.292085239767424
284 19.76913382167599
285 22.63604948230648
286 17.620041792838226
287 19.372182041745937
288 14.382423430400886
289 17.45744418316347
290 15.382741579237559
291 16.204756350854844
292 15.94529974624271
293 13.071201150389912
294 18.827719861330856
295 15.424791352929761
296 17.567118527318186
297 14.732454970208483
298 19.398346596413077
299 15.368780723563733
300 13.544494959503957
301 18.345939781915185
302 18.19550516783441
303 20.88758464360195
304 17.214551418420644
305 15.504284475813696
306 14.120081169240049
307 20.25334380971273
308 14.85505154805301
309 10.879802391314763
310 11.662983433688666
311 14.598652381687891
312 11.627019501525247
313 12.09732011732384
314 13.073567781907059
315 11.69447694732703
316 12.242994793219571
317 14.846486618588802
318 10.508983804156442
319 12.246213072260812
320 10.898883201760626
321 13.61955990065961
322 16.85274422891787
323 12.515672957435827
324 10.81082178996585
325 14.293499608891599
326 15.044128064353405
327 15.45559306705903
328 15.134486521075056
329 20.793071004609132
330 10.578939991871916
331 11.065009466887627
332 13.65277624548191
333 12.10365543875458
334 15.10038777849903
335 13.575100378058341
336 15.342662429165395
337 13.158639184906987
338 18.98181924028388
339 10.76906684485479
340 12.419188001994685
341 13.64138115522181
342 11.748549268674953
343 12.675548549280505
344 11.51012246862389
345 11.898071329542493
346 12.687660076297085
347 14.460712521736973
348 15.21447421448296
349 12.513240275966076
350 14.055879235306636
351 13.278528807418748
352 12.440292287045576
353 11.20458788237986
354 15.489337287469876
355 14.68533320219
356 14.860763254664827
357 11.58906690778304
358 14.841285831158949
359 16.90705565759649
360 10.48297658555251
361 10.604378956794118
362 10.755892220376445
363 10.640573601235493
364 12.111539133086263
365 12.453000233372082
366 12.537683109261588
367 10.583548228480288
368 10.51335908130943
369 9.813824672834343
370 16.043027165049242
371 14.704531145091607
372 16.424209266282666
373 18.33813291738387
374 16.3637853451109
375 9.273186898861388
376 13.21470502622983
377 9.458331770838722
378 11.7654273360263
379 14.652447363948411
380 12.206749917805942
381 8.177163504170867
382 8.38903478785148
383 9.23156764389877
384 11.991539812579914
385 12.85946867779024
386 10.694483380590432
387 18.465030947527204
388 12.380131399047368
389 10.666640858866577
390 13.489598309570127
391 13.260051250701247
392 8.136432864167835
393 7.246170866594168
394 8.177526301914394
395 11.148040984291159
396 13.931875721720086
397 11.243669699206635
398 14.208056240259577
399 12.111822108069257
400 14.39721832586745
401 12.345483923199223
402 16.03246837524312
403 19.932125942187206
404 22.353316640094192
405 23.286304221982164
406 24.58169193734273
407 21.74733809459773
408 14.196222278156048
409 18.433081214109606
410 20.28560066693548
411 20.02922075102411
412 20.733615955182987
413 21.602071896809214
414 19.70241438790343
415 18.76046301558041
416 20.47848394224241
417 20.758769211731305
418 21.33268981694284
419 19.546790445163126
420 17.03049313472985
421 14.365440409643245
422 13.123219152044362
423 15.930518482290614
424 13.471161162584695
425 15.318007477948646
426 16.142709931247204
427 16.246992810019098
428 15.950222161739044
429 14.350315960523798
430 16.542916528610508
431 16.507506700697718
432 15.822535203665087
433 16.864165663877575
434 16.80716574038495
435 15.981057036928721
436 15.70223510165745
437 15.525085016541786
438 15.146998669070701
439 14.943072992097482
440 13.25130029073883
441 15.808753250852275
442 15.350833999681672
443 20.353322410050307
444 18.468571726993115
445 17.46821646300838
446 16.620983693541717
447 15.825693623707803
448 15.910044883900037
449 15.641531913907965
450 16.674763343563466
451 16.749803567027072
452 16.979526805714844
453 13.043716123785698
454 16.601483369481016
455 13.869080411470845
456 13.921632175074883
457 15.461530169357363
458 15.55540427579079
459 15.941234421908128
460 15.978011426844386
461 18.603711799507778
462 16.06254592914997
463 15.116743749180818
464 16.48763160006611
465 14.797120736018577
466 15.351982537101492
467 17.512034175033534
468 16.125143925003297
469 17.398892734447156
470 15.82259304840212
471 16.045325468025652
472 17.23039892999408
473 14.96001370858938
474 17.2172406857166
475 17.275355270206802
476 14.60055819533522
477 15.265877670132463
478 14.052130728328457
479 14.812087299339973
480 17.09380150748458
481 17.386194822412
482 17.080508301688663
483 15.747626611299992
484 16.17622641966116
485 16.98293412022603
486 16.063847892572536
487 14.968278627772968
488 16.191538673884512
489 15.493311782305703
490 15.517293766101274
491 16.343196382212906
492 16.926402032501212
493 17.025770079677702
494 15.505319094714196
495 17.568967032404863
496 16.52479769574373
497 14.144827303981268
498 16.570336117807862
499 14.462603784739068
500 12.628269034351657
501 11.74079845184909
502 13.125084743852844
503 15.845673011851973
504 14.558905135902783
505 12.573676494752222
506 11.376444595482438
507 10.510740099632391
508 11.01699132121664
509 14.608696813410011
510 12.384783655571145
511 14.449538938713276
512 16.76745624862935
513 19.825189108418314
514 13.317651266592105
515 14.400800874085379
516 14.675483358381955
517 14.3092833453733
518 11.183943216332509
519 14.08469981699525
