0 2.7159210355168937
1 2.7111528839929018
2 2.759682382117693
3 2.658899192754287
4 2.7429582496279865
5 2.7807332331865506
6 2.7780140789950694
7 2.6250897949043326
8 2.8504483517966444
9 2.884777428481866
10 2.7419508925749803
11 2.7613500177224273
12 2.6268265142639597
13 2.8027721263320644
14 2.7010546870576104
15 2.711639133967275
16 2.6639217668057373
17 2.813759688448121
18 2.734244436253252
19 2.6887614435571265
20 2.797834646871724
21 2.743704258971392
22 2.725217730667867
23 2.640312725151201
24 2.643546316714033
25 2.802874814884772
26 2.701123070546402
27 2.706013186586257
28 2.736558848542334
29 2.7611309488547215
30 2.7395113336960084
31 2.6064548093791093
32 2.5335818464608026
33 2.7234075491489333
34 2.761184521664185
35 2.6136879978955814
36 2.8489810486614924
37 2.8750520239498387
38 2.7213009585429706
39 2.894454336906743
40 2.74545677681931
41 2.5801400438216064
42 2.7356493737965524
43 2.683353199677472
44 2.7388386494020773
45 2.819779121125515
46 2.7687656814116615
47 2.936534382811768
48 2.7642093413453477
49 2.7774994124022414
50 2.9213141624021586
51 2.6884716931399537
52 2.7738428081566244
53 2.8338497891896606
54 2.824921175520505
55 2.8173675405638843
56 2.731772330246558
57 2.812348648940247
58 2.7457561376589656
59 2.7770176543187284
60 2.7610133792311364
61 2.838249593783832
62 2.6281340217261526
63 2.697360331127738
64 2.808581971937656
65 2.7870664140599013
66 2.753518991157599
67 2.7126938594997974
68 2.725912196370766
69 2.763641959846077
70 2.7201585506550505
71 2.71411853470761
72 2.752055030120291
73 2.820234996158375
74 2.699951520067005
75 2.703218536564556
76 2.68118856843575
77 2.7068169005966416
78 2.677080584608915
79 2.8358362821884318
80 2.694789749476137
81 2.724414845822519
82 2.708064935655462
83 2.658783370812293
84 2.8466414712756327
85 2.856189785482127
86 2.7216622573617544
87 2.6081921202315925
88 2.7965290712366078
89 2.752659426489755
90 2.864843919724937
91 2.744987101999103
92 2.7533661322864056
93 2.7842016810083092
94 2.775175835758775
95 2.729552124692917
96 2.8208326877785708
97 2.670160814160278
98 2.684668637683754
99 2.834792611291968
100 2.8175377324016155
101 2.8285088522914017
102 2.687334978099153
103 2.6978110321000783
104 2.779601174180819
105 2.9954769488996336
106 2.819334950774044
107 2.7273654115106867
108 2.7608059773222817
109 2.8573016854207043
110 2.6931084088354993
111 2.7619820717610337
112 2.744368968846757
113 2.6986020635114785
114 2.730567278945018
115 2.730947350688011
116 2.737941585967342
117 2.97487071282199
118 2.7361490053006094
119 2.8004282236257843
120 2.8638703793448603
121 2.8240285469107556
122 2.765750498452828
123 2.7554331158550838
124 2.780621261371483
125 2.669956257830499
126 2.887032405755291
127 2.7376658633167485
128 2.8373969899873654
129 2.7842114090253114
130 2.8442226673816067
131 2.8650059970383546
132 2.880304879456872
133 2.718435167205972
134 2.7724917924926578
135 2.744445250599769
136 2.7438027972838404
137 2.953756481690673
138 2.8950839461326483
139 2.8092564850123085
140 2.800806667668314
141 2.8850919301475715
142 2.721319311639211
143 2.7020669168318867
144 2.718258027028973
145 2.9049717497887335
146 2.6430919864304494
147 2.8052792235137196
148 2.9695426821726043
149 2.754471178279104
150 2.9177727929423165
151 2.8195807149234517
152 2.8001330366772907
153 2.899096884310037
154 2.6823154459840897
155 2.878049410526303
156 2.7423110337162475
157 6.8092851643393315
158 5.5102309482283935
159 2.7004998514383147
160 2.7962013330165734
161 2.7079930339072815
162 4.706128911744923
163 2.8699610474161363
164 3.348212514522815
165 2.994992968327534
166 5.033275061791691
167 2.8761937557241892
168 2.7761901389448593
169 2.799032295268048
170 2.691365465639936
171 2.7399148996944165
172 3.4484919110760393
173 2.6430813022764506
174 3.065791928931717
175 2.7275566619790275
176 2.9318111822911614
177 2.870379821696074
178 2.9832006252802854
179 2.8005428886579455
180 3.0134136818415875
181 2.6127027862627843
182 8.093226234369618
183 7.732052520024125
184 7.566110102699548
185 5.128341224044575
186 2.84842849420467
187 7.131488651278139
188 3.8262569660114325
189 2.638776560491577
190 5.844234806954032
191 4.075859479386322
192 5.262174242106367
193 6.516530282128689
194 4.62453773043277
195 2.8449547925008716
196 5.031528462367195
197 2.7833498503786274
198 2.752882210551937
199 4.340646169221963
200 3.6749854474671704
201 4.348892423317318
202 7.454056338404736
203 2.80622638380467
204 4.847844725224262
205 4.904900745780987
206 3.641131000774745
207 6.6028790361669705
208 3.229304631930129
209 4.267723260096557
210 5.031703965227903
211 2.8123016631715716
212 6.116216610999695
213 7.1074926685483995
214 6.942251861437707
215 5.998370509650314
216 6.690872364658344
217 5.445032410759495
218 5.0309987443352195
219 6.473746802660176
220 5.8233534675563545
221 3.9397244412084227
222 2.990665168562455
223 3.3318513615781806
224 2.698942181952554
225 4.8291105555491995
226 4.634089461250107
227 6.922484825259478
228 8.265073232331407
229 7.043583210259322
230 5.127924675768596
231 5.097965393537632
232 4.269576842416332
233 5.001319234448644
234 5.370645326186132
235 4.735323937518073
236 4.420550154149678
237 4.639224725154831
238 5.759932419634076
239 4.842219231030358
240 4.947293017484137
241 4.9910859174006905
242 5.102022610629313
243 4.4422159764909885
244 4.630005423609627
245 5.658706022506455
246 3.7068410830886607
247 4.434652034852531
248 4.061182224715953
249 5.050105300421203
250 5.449894653515486
251 4.977495895979254
252 4.934844220027712
253 5.672206634188839
254 6.979489384260186
255 3.545837323491098
256 3.1251538460533035
257 5.467207873260657
258 4.736508606812931
259 5.25456285433653
260 6.686917726899715
261 2.560985774651055
262 2.859312924908739
263 2.781430621459667
264 2.777880084478914
265 2.7606142510457854
266 2.8970980876950496
267 2.8700225633384426
268 2.8689625075309286
269 2.7798113200773833
270 2.7302114674919107
271 3.250758963305926
272 2.8835451935931387
273 3.0081851647714553
274 2.836211743869459
275 2.5825578519246872
276 2.6354855493926266
277 2.7834118001446355
278 3.283576870391706
279 2.6513642073785997
280 2.7911799879565575
281 2.6566852074127527
282 3.0068274900911165
283 2.911653738425822
284 2.8118288653527737
285 2.79192401104392
286 2.8222132603926426
287 2.843605563032706
288 2.6528338128014335
289 2.7877576717272374
290 2.7100533523312595
291 2.8792585422552475
292 2.7218422554209027
293 2.8179845430133263
294 2.7987149978137
295 2.763081158728232
296 2.753915937048856
297 2.9152045251582726
298 2.6953926831792363
299 2.92354664197962
300 2.8539959610290206
301 2.9073770658489844
302 2.925174542016946
303 2.7937447328663834
304 2.7844488527038593
305 2.721488148233645
306 2.7355169576577523
307 2.837369085392881
308 2.8208328301717773
309 2.7645836277880536
310 2.7190480179623053
311 2.8548410809361737
312 2.8244200458364612
313 2.7586524970516257
314 2.751264391237953
315 2.9316726378883677
316 2.838806344048459
317 2.711691617634734
318 2.541846964331468
319 2.7334911703070683
320 2.7079251176013406
321 2.659424848525352
322 2.7688941816538803
323 2.8490533758605974
324 2.881669660532269
325 2.7411203786515452
326 2.7425954044138243
327 2.6884567097640386
328 2.7294716452529997
329 2.8473169813920634
330 2.9825035408308507
331 2.953091869724073
332 2.7611908739971636
333 2.70387711858464
334 2.7461651404856275
335 2.806681253977296
336 2.7141389100436033
337 2.707323772643823
338 2.9676272495978036
339 2.7820963777660244
340 2.791328021561242
341 2.771029046554341
342 2.82188431335861
343 2.7166959870250382
344 2.691027867766512
345 2.799806546558274
346 2.765952408321072
347 2.7364852147010605
348 2.6174694169378636
349 2.7309818852986587
350 2.6753669835649965
351 2.673454554801516
352 2.693699641920563
353 2.708561147920077
354 2.7175468185713294
355 2.7261045187437056
356 2.681129729021724
357 2.7420190798644035
358 2.729560512813967
359 2.783933984687159
360 2.8316944102538772
361 2.851223314645485
362 2.952288911138991
363 2.7609971924725247
364 2.777273079696846
365 2.8527654202546247
366 2.7641565644123887
367 2.718563202777014
368 2.801028242297717
369 2.723966659528434
370 2.7897104880907597
371 2.7931855008123225
372 2.6661407872610607
373 2.6658298315933644
374 2.69181067461473
375 2.8665735239084364
376 2.7577863345983333
377 2.6891092572885134
378 2.7176558292111586
379 2.817083786741368
380 2.933458276786952
381 2.744957150444061
382 2.754123222898921
383 2.724519954524367
384 2.6932113585394837
385 2.759317273961788
386 2.680204507996558
387 2.7944717004721045
388 2.6568966493142936
389 2.6332929934303517
390 2.832860026728474
391 2.8564314311513748
392 2.8167631477112103
393 2.852157442155785
394 2.7517146318154295
395 2.6508998785180276
396 2.780412644706757
397 2.7482793407621307
398 4.837723969867859
399 2.7864311329703213
400 2.6738535833419474
401 2.762797533325273
402 2.7383083064797114
403 2.7380256592941468
404 2.808847663200733
405 2.793785258765243
406 2.7897446545495312
407 2.795652086326357
408 2.7179663045760662
409 3.131636082115918
410 2.791731621968655
411 2.678310614243854
412 2.83157726215539
413 2.8243816294221538
414 2.5695845610876518
415 2.902394234461908
416 2.806737628971152
417 2.759964388778975
418 2.963001939681731
419 2.6882059578941497
420 2.74261624774306
421 2.657814736254826
422 2.8751218422936606
423 2.872894545084856
424 2.6908861944251377
425 2.762978776024009
426 2.8002074436908324
427 2.820289843316431
428 2.6968556875950593
429 2.857256715529044
430 2.7794352004036904
431 2.7810925055271607
432 2.9193254170128546
433 2.953783746610757
434 2.789433359775737
435 2.7757054049645755
436 3.044746518507559
437 2.606329532593685
438 2.720255533544492
439 2.661508695146985
440 2.5973298843155264
441 2.6970200543298612
442 2.6652407021035276
443 2.771742966291264
444 2.967225576552627
445 2.6340616512065056
446 2.7003045978600935
447 2.6207110335997137
448 2.68112474295043
449 2.8761353201348157
450 2.8798992375802124
451 2.8922261987899005
452 2.7814016756086914
453 4.476265557545776
454 2.750357618617318
455 2.680140968051006
456 2.9207056916307432
457 2.649339252817617
458 2.7881824877932533
459 2.703316010649874
460 2.778301041832663
461 2.8439019215988974
462 2.846482823485752
463 2.689268115756653
464 2.6419219990043366
465 2.747327208373505
466 2.700798827707534
467 2.7902901273585328
468 2.744527588084489
469 2.809143643901057
470 2.8740108697791205
471 2.774786305882628
472 2.8576101379959935
473 2.7115870331566
474 2.764942792427002
475 2.6647708773212506
476 2.8314515743858895
477 2.8119049942958343
478 2.695941177819309
479 2.70030470567021
480 2.7257597998254184
481 2.7628655784621854
482 2.7938651551375346
483 2.8339313080124295
484 2.8090585302805553
485 2.8433478564550407
486 2.8512526353459435
487 2.8395089059866674
488 2.727181059303961
489 2.7955912807312684
490 2.769296525952921
491 2.766349730569661
492 2.762300981372165
493 2.6516358563964584
494 2.7239908682925527
495 2.82246278264027
496 2.800697326390623
497 2.7898176999112643
498 2.848610538112336
499 2.696640159820737
500 2.766869053816629
501 2.781857054846188
502 2.6916009397523046
503 2.6836491595700633
504 2.706128114365906
505 2.764665388164997
506 2.7619769231115057
507 2.802372921180015
508 2.8809761902052675
509 2.92456982269319
510 2.852957796554366
511 2.7910234218476924
512 2.848001372823094
513 2.7120903527274103
514 2.678348890727843
515 2.8741352885748213
516 2.918475787231713
517 2.7889895499085067
518 2.7457160425245974
519 2.7814990342552863
