0 2.545327582046804
1 2.5719000915447494
2 2.6620524056292245
3 2.5635938672445584
4 2.7126390849305673
5 2.5846751631615907
6 2.776098777335086
7 2.579256184900059
8 2.6962021606847424
9 2.557198332718779
10 2.6085580983529906
11 2.486073625516462
12 2.7445145848824803
13 2.6575692378504283
14 2.6618038911411284
15 2.489761108399649
16 2.7550548634842076
17 2.7999014511386506
18 2.739794369718886
19 2.568210115482189
20 2.5923955801826972
21 2.615638813785737
22 2.5564465788301693
23 2.5660101124105683
24 2.71414740556886
25 2.592896733634331
26 2.691753476801904
27 2.8390960445547373
28 2.5377832827424704
29 2.6816621690986557
30 2.907298203755294
31 2.7885175698233637
32 2.717916046393209
33 2.6420344295309413
34 2.666496768551193
35 2.6995856707092267
36 3.1392652346804635
37 2.737831934366758
38 2.7039746645083604
39 2.6763295395112063
40 2.586002396023914
41 2.7939136116743657
42 2.6561319745338943
43 2.9111918859458505
44 2.687293067612073
45 2.652734550808094
46 2.6050601511856555
47 2.7011705771064354
48 2.65279562882833
49 2.6351854224247204
50 2.624713996558002
51 2.664768588149509
52 2.62560087221922
53 2.7205733226691384
54 2.601826165145705
55 2.9637945712734504
56 2.8034679328018903
57 2.540291164349865
58 2.6938242283174145
59 2.5374649471713493
60 2.509239388601577
61 2.6904077761038105
62 2.5711563114642697
63 2.7833476676123037
64 2.657922094713247
65 2.600196594588801
66 2.546444698789667
67 2.5986380020364535
68 2.670817874780635
69 2.61194896196687
70 2.5102632674887033
71 2.6428451312287122
72 2.824476126302054
73 2.6077140118362774
74 2.549621759247287
75 2.6302124122292767
76 2.62747531135426
77 2.779238536468439
78 2.6438926229143394
79 2.789057465962154
80 2.8527684319418625
81 2.952434772030023
82 2.503543625909814
83 2.6889697029814323
84 2.5550217186184905
85 2.608180254828775
86 2.714699132921897
87 2.6100383168929286
88 2.6783643974020905
89 2.608011414150719
90 2.6201527790519776
91 2.664656113795127
92 2.705462222328002
93 2.624828578769075
94 2.6982635208824526
95 2.6993039590473633
96 2.6579261614263543
97 2.7316704841073816
98 2.6675775431603586
99 2.7586294332900048
100 2.6773429259714
101 2.6192815795555564
102 2.7138291410950046
103 2.571063229441409
104 2.953071507770468
105 2.668477963194403
106 2.6217883472995136
107 2.58584328349752
108 3.1303832677142647
109 2.799957805948669
110 2.747332823463024
111 2.647525475597209
112 2.6019051506151794
113 2.518036335620346
114 2.8014181948638246
115 2.6537972691510863
116 2.927773478134608
117 2.6180692134111028
118 2.520976973655702
119 2.637070544550591
120 2.5264017122710594
121 2.7415337269746076
122 2.6823083380151074
123 2.6129558542146545
124 2.8506556915147674
125 3.8976708938320876
126 2.685790051110224
127 2.5978042824350935
128 5.940050273604553
129 6.316152869780013
130 6.745588027533898
131 6.57615859761328
132 6.821374208222574
133 5.239200379617639
134 7.720273229957651
135 5.861509781132927
136 7.0769745735663125
137 6.997239885202327
138 6.558732513665629
139 5.6831297640664635
140 6.929667575943926
141 6.198262583436403
142 6.560977347048595
143 6.96158361500401
144 6.96458956887373
145 7.759731041427674
146 7.977863430311948
147 6.002997374688307
148 6.937159672741565
149 6.288192570525529
150 6.458003963009584
151 7.213863294467205
152 6.832247616486153
153 2.948403804588693
154 2.6186112442612406
155 2.5386902945784375
156 2.6258185873021462
157 2.749478211458957
158 2.719901104152967
159 2.586881167603445
160 2.8337706058188132
161 6.689160972809806
162 5.687457770045785
163 6.790055269543893
164 7.9248424352496905
165 7.5543245981392975
166 6.260920480152876
167 7.4807867399057
168 6.677870435590729
169 7.217643442685797
170 7.504758897286138
171 6.901536328724414
172 7.455379033846202
173 6.603240847476295
174 6.766377007779425
175 6.619235808788135
176 7.51806146887656
177 6.6626461302251005
178 5.490053868283936
179 2.7674610892378406
180 7.088354047158971
181 7.309965083832665
182 6.53088410994924
183 7.062320363087607
184 6.542621716828293
185 6.270750231167229
186 6.727126516671989
187 7.530734316428942
188 3.853715783848635
189 2.5153824409144456
190 2.660605075383081
191 2.8490795055396814
192 2.7103870305314706
193 2.642837168369194
194 2.803184498033835
195 2.588655218053032
196 2.566474277552318
197 2.8234649017084728
198 2.6413190096863413
199 2.53755530722947
200 2.7020646058371858
201 2.653632625582042
202 2.731556055075704
203 2.645759558496514
204 2.6707507285233145
205 2.7066083244297205
206 2.642733089157842
207 2.6273589538468602
208 2.6378999477146374
209 2.6584866653677586
210 2.696443987603952
211 2.8994053612778354
212 2.600830072019517
213 2.8563534384920057
214 2.5540014687891652
215 2.701925949956804
216 2.617747951943473
217 2.627670551136627
218 2.6694839914654076
219 2.5363961689983503
220 2.7716405850545343
221 2.802630339331283
222 2.601466821744294
223 2.6180700052759334
224 2.6871764805727
225 2.5722098879215287
226 2.523652856132865
227 2.7257525484334963
228 2.7176387232527417
229 2.6056922197947494
230 2.8823244115941926
231 2.7814352899780905
232 2.7886610126021707
233 2.568098918259251
234 2.7202786289340684
235 2.738373083806353
236 2.7504104372786036
237 2.6897614535243073
238 2.6522308341984
239 2.6830814098591125
240 2.5969559013380445
241 2.7888931825049643
242 2.6601996271865866
243 2.723411922289329
244 2.844808905703687
245 2.52731704385156
246 2.5883428964003947
247 2.611534476945714
248 2.6676110025485986
249 2.568622509503799
250 4.961883084488978
251 2.57437603748898
252 2.68825855376524
253 2.6905711638666245
254 2.6739402138933897
255 2.677000608332576
256 2.7074344772784937
257 2.7810343415344403
258 2.6509989435519117
259 2.704555796233239
260 2.8499729473527475
261 2.731175808196653
262 2.5824094486392233
263 2.773368145461065
264 2.8830754990156358
265 3.2534930631920442
266 2.723349362566521
267 2.5818821360025255
268 2.576053426890116
269 2.4732961612358078
270 2.822890213134023
271 2.5871623597012303
272 2.7571502899725724
273 2.6972880669752546
274 2.8773566938240216
275 2.7252052069932127
276 2.7776597822767366
277 2.8961799747868575
278 2.842810584303684
279 2.876377119363641
280 2.6200879701150783
281 2.928907893305577
282 2.553666954708553
283 2.7356020706051902
284 2.6352519092617186
285 2.5448352212003225
286 2.7876738990070873
287 2.5669531772285548
288 2.634550304306603
289 2.704924887410263
290 2.8464989167381063
291 2.6338263616359385
292 2.8950538048645442
293 2.6525918754441773
294 2.712820948968895
295 2.791953113656697
296 2.6557869422119302
297 2.566892794138822
298 2.4629327785412527
299 2.5188646824015
300 3.690902643984733
301 6.43593864637313
302 7.527752028648961
303 7.168476969571245
304 6.009059010641175
305 7.15273039896233
306 6.913903297183496
307 7.356606250955054
308 6.907966767920147
309 6.680573777905246
310 5.559741241530216
311 3.2958775787846935
312 3.8125716394499904
313 2.820434476480006
314 2.813538590794208
315 2.749032408190848
316 4.082404575760571
317 2.5821700634186366
318 4.318004837636535
319 2.68214607751816
320 2.60493785187921
321 3.1923434229233845
322 2.622591869357747
323 2.676804203436408
324 2.493693775506785
325 2.5571990285888826
326 2.6055734897904173
327 2.6762730134113557
328 2.841406210092277
329 2.6612442185930725
330 3.346259958667113
331 4.092448813416373
332 2.8497120624856804
333 4.153930263537012
334 3.871588012160663
335 3.579930329901492
336 2.6941610939426104
337 2.7136624514079237
338 2.6874038556315205
339 2.6438150194475116
340 2.6632302416871885
341 2.638864279406291
342 2.7872997712557175
343 2.695049913383246
344 3.7705515543217754
345 2.7730665674723594
346 2.668470109440206
347 2.625311732217473
348 2.7069747266989896
349 2.6421319666485537
350 2.7138936338236075
351 2.6252068871154077
352 3.39628954502727
353 3.2503989545546323
354 6.7239820997725
355 7.04272362779742
356 7.328229517668303
357 2.5284357526892176
358 2.6691866504226858
359 7.552796974538983
360 2.6468991319546418
361 2.670612854557274
362 2.8615393328394854
363 2.486590902009525
364 2.6223880798289922
365 2.748860974032047
366 2.8552055159130827
367 2.8375991490666745
368 2.667063021303159
369 2.642968459224421
370 2.7372689689556466
371 2.63948312639526
372 2.7233503225656444
373 2.629055356217797
374 2.799818397333194
375 2.776962939106253
376 2.65192711613061
377 2.76785086770803
378 2.6342878209869447
379 2.7656490322050153
380 2.5430418479289543
381 2.6433202316706472
382 2.7325134622300995
383 2.714528698869066
384 2.683424582913453
385 2.6557573398796275
386 2.7478075785906126
387 2.66330368928354
388 2.7618948584092418
389 2.7896534297812137
390 2.5874613006937897
391 2.903909134061641
392 2.6780794166403195
393 2.7517192317235755
394 2.5898440055799057
395 2.599434777168225
396 2.645241446555995
397 2.650932982018597
398 2.870156259275257
399 2.6337901316760552
400 2.817745615567697
401 2.6419830365544357
402 2.850118579113947
403 5.719769586015421
404 6.10702946263444
405 4.851632288729946
406 6.660356090690425
407 4.803203180985884
408 3.1186099902077205
409 2.7225895471953714
410 2.558101104757482
411 2.674187482861083
412 2.6676892755163073
413 2.675306508070174
414 2.6621696852888115
415 3.557408763319749
416 3.1076050359678558
417 3.308182250496907
418 2.579176088495529
419 2.6628191468032596
420 2.5984302711604728
421 3.4537505314478576
422 2.7016942981671854
423 2.535616082199951
424 2.566432942345825
425 2.607598442427584
426 2.753516184239536
427 2.7330085727346316
428 2.7525111711513026
429 2.73065708671307
430 2.742545052611649
431 2.527387806751819
432 2.812399576938196
433 2.639261800409886
434 2.72267366353121
435 3.50520670353344
436 2.689475970933265
437 2.594887554940364
438 2.6541155416001523
439 2.6656924371830386
440 2.6427399043877533
441 2.745986865929275
442 2.6385774364255914
443 2.6448177377058757
444 2.814231643162458
445 2.6004809206701363
446 2.8044977945080043
447 2.6294967538914418
448 2.8016597248569677
449 2.7370957336694954
450 2.584374937895749
451 2.5197393901499225
452 2.741140907994766
453 2.6001681968064503
454 2.80280069030316
455 2.743129979873894
456 2.6030606765704567
457 2.6154891993056504
458 2.6499300870937788
459 2.9335252415851922
460 3.152799671699131
461 2.6043123205783463
462 2.643054598212498
463 2.597294022481529
464 2.6585522104705848
465 2.588346122311524
466 2.892341826544922
467 2.6627067455094338
468 2.737244875544212
469 2.562156892864969
470 2.6904651004856768
471 2.729514931130585
472 2.775471628141953
473 2.489362874964148
474 2.6958252649811545
475 2.665011791897715
476 2.6555025717517373
477 2.6294832092978626
478 2.680251838217568
479 2.6214901317817607
480 2.8066057230832366
481 2.613187749247263
482 2.7358975598071265
483 2.5485295058126
484 2.747606409539573
485 2.575288172031288
486 2.620565752216585
487 2.738741869463035
488 2.7674026917589836
489 2.6432177490148345
490 2.67873342697243
491 2.6489986054691794
492 2.5926032989993266
493 2.6764693775778037
494 2.670626691404405
495 2.6637395908910295
496 2.66386563557502
497 2.586609743436924
498 2.682104984731849
499 6.789160043280524
500 7.045329462124729
501 7.990960233432357
502 7.289988808805415
503 6.805027411368683
504 7.064040179846408
505 6.2604942084519655
506 8.208838731968589
507 6.50439394701002
508 6.984979320608585
509 6.396162966632674
510 7.009373949897938
511 8.150188653566502
512 6.548604993554811
513 6.718547902935073
514 7.988440857325313
515 7.2861342267722975
516 6.799597805240233
517 7.7697354978399185
518 6.22272972804384
519 6.896960886476969
