0 10.987785962446402
1 11.061991920231382
2 10.642382974802137
3 11.288021527214564
4 11.178668552590722
5 11.293003620409248
6 11.500350145154881
7 11.13607153380401
8 10.79945883829252
9 10.915208376080164
10 11.202878059335987
11 11.126014112668704
12 10.877965368539677
13 11.08756480416334
14 10.747454001883028
15 10.764899119139997
16 11.53758917562407
17 11.430117673419176
18 10.893508747946084
19 11.45279129654087
20 10.834330129909436
21 10.075678284368655
22 10.106780503563611
23 12.022030577101194
24 10.51422167371803
25 10.683462642526646
26 10.133865008578617
27 10.252830460903725
28 11.322930114096254
29 10.174891366959315
30 8.986872550826442
31 10.996794560782883
32 11.705322720293777
33 10.900881764413988
34 11.946510298681172
35 13.16471366831063
36 11.793933227661112
37 16.841051253039236
38 14.16555863802924
39 13.554045129816062
40 15.422352608986598
41 15.350920791526482
42 14.078018857207018
43 15.10627578808176
44 15.354497587506843
45 16.919295340588427
46 17.306875408195268
47 16.963480068802458
48 16.642387091411173
49 17.879583354893434
50 15.651791506920208
51 16.173224000027055
52 17.149832777662525
53 16.480330156566584
54 16.169271503632892
55 16.06324386417536
56 15.464973750692158
57 16.663569601820654
58 16.158609825162603
59 18.095682078275537
60 15.949144815449909
61 16.73182075933595
62 16.99488773455949
63 13.257691577655146
64 15.934536339100875
65 17.56369637022999
66 16.523637463391818
67 14.902086466555861
68 15.804880274403324
69 18.244546478616794
70 17.17101146450682
71 17.706355070177086
72 17.100605652586733
73 17.484485547599572
74 15.486093997857688
75 17.189926243665766
76 15.470242739130178
77 16.4346175817927
78 16.58757663412761
79 17.343931075105015
80 17.14942688327179
81 17.419851424885707
82 17.00268540297526
83 15.836535966875077
84 16.040259061416904
85 16.322943163432058
86 16.296884451144084
87 17.161552784863208
88 16.03017587667913
89 16.221245185317088
90 16.312150212458434
91 15.944995471669936
92 14.571400128228355
93 15.644818244769416
94 16.598177107494177
95 15.013467045066433
96 17.578675304577565
97 16.96972380740188
98 14.467719770029076
99 16.71663904190847
100 15.656610574986562
101 16.49850655736674
102 14.700177390642011
103 15.643851424126343
104 15.886122975976608
105 15.875413044648019
106 14.778907963909507
107 16.021363937402853
108 16.41790558494077
109 15.554004673060037
110 15.544911502645462
111 15.647067940467686
112 15.843535518469025
113 15.45867652930439
114 14.837278296055135
115 15.184662448135072
116 15.55474294932085
117 14.198809753885678
118 15.963193222086785
119 17.049622499139016
120 17.48130556723877
121 17.43837966041431
122 21.000867909934982
123 19.385742033619014
124 15.665544743366405
125 17.456166037093702
126 17.81571825226266
127 17.289862701368282
128 11.552760988465439
129 14.632746598012424
130 15.340471567047798
131 15.08681042311596
132 15.55992099477369
133 18.20708682295258
134 13.953616365856249
135 15.456989145022868
136 14.316687447174425
137 12.67191959095984
138 14.437805450266648
139 14.575908360772006
140 17.61994470149828
141 16.077302810682696
142 15.030144876323691
143 18.27572680730499
144 16.750140508623602
145 13.104033569373152
146 17.268347641120048
147 20.4489949900218
148 12.828299183498912
149 13.644723782235815
150 14.26535043890777
151 11.862471304165023
152 14.849411411875051
153 12.98349284585755
154 14.756273892921394
155 17.675449242178725
156 14.62996462928553
157 17.00319252711761
158 12.654641523067525
159 14.490638553245105
160 14.818427312585483
161 13.020629869257773
162 14.56470100117743
163 12.178408664344309
164 13.537044475396877
165 13.81022999657555
166 10.736433936322545
167 14.824073024121061
168 14.981011721708066
169 13.635416504771225
170 13.694841871438387
171 13.998970332180514
172 16.47649887901728
173 14.854418434730546
174 15.407225715673631
175 16.043159005257124
176 15.250104459924104
177 14.927581191630146
178 13.277468578576073
179 13.35357136481914
180 13.086641081429248
181 12.941135039050314
182 12.856231487499985
183 13.613652540578498
184 13.39457881155411
185 13.98195309394039
186 11.474484892198618
187 14.057466415511437
188 14.89735072744102
189 14.667881804850264
190 12.414448320647063
191 16.80862160651538
192 17.058668711649386
193 15.695572123631017
194 16.134997041201338
195 19.24591590937199
196 14.534023457614575
197 14.885939983055936
198 12.459657963338351
199 13.54721385611762
200 14.016399541310243
201 13.017884260364015
202 17.978236735706066
203 13.163580579892205
204 15.90659643406512
205 16.671915494088108
206 17.692718742011607
207 16.565487232408866
208 12.658496658931192
209 16.113542516252203
210 10.715359449537571
211 13.275412445840427
212 11.364008455792709
213 11.300343875989414
214 11.99578219226778
215 11.371819267958804
216 13.09093402524223
217 12.59975011086317
218 14.977917226953869
219 13.220287717012303
220 13.431758097895392
221 12.85803724214316
222 12.970506041078657
223 11.971658681876205
224 16.139279910641932
225 15.83292866609972
226 14.962189323599468
227 17.643027184451153
228 15.512615187701984
229 9.968072367354756
230 14.7856500407945
231 13.718593732047374
232 16.08543697676137
233 13.265911343128757
234 12.337047731040863
235 12.147142445202746
236 14.65937132742814
237 16.117321560693473
238 16.671278056844702
239 15.278627149080505
240 16.807784324636657
241 15.756857987512278
242 13.737638975027604
243 13.574871098994704
244 15.77896724680488
245 15.48160747333826
246 14.255776823872393
247 17.230010871521383
248 15.958127463899391
249 11.14986079900586
250 11.395720260356441
251 10.910302281056664
252 13.30443461740637
253 11.948298749139584
254 12.29006573742807
255 10.794622203558838
256 11.730470846453331
257 14.691810892554836
258 16.866825823533674
259 13.648424883199358
260 12.077089358050605
261 15.300461938564709
262 13.67956984980564
263 16.09972250870237
264 15.718579556714955
265 14.070016617884068
266 15.512514317875274
267 16.999622549608773
268 16.168330969138555
269 14.240623509948634
270 16.39868839785574
271 13.74750226406764
272 17.164669614318758
273 18.71518037028307
274 14.050044729555472
275 15.155944840016627
276 17.943001578774304
277 14.200521754284333
278 11.846286891127223
279 13.299504512281185
280 11.039049832588136
281 12.961071970265957
282 16.47347002619566
283 18.68546749137085
284 15.615201241673324
285 18.65340354809565
286 11.88684299041546
287 15.992936541204214
288 10.095534867493015
289 11.085515931170008
290 13.165254067405908
291 15.412613372116912
292 13.204320127356732
293 12.543008387923678
294 13.257162145581853
295 11.44377112102548
296 17.167025952746283
297 15.043129988423862
298 15.852057738122365
299 13.906504821057942
300 15.295422829748823
301 15.998275613709362
302 14.399409290737095
303 15.825698922141155
304 13.220440405501517
305 14.328588786684298
306 13.98392014242839
307 18.41599825181791
308 17.917267895394602
309 14.999558922498991
310 14.432715721230679
311 15.678742306348669
312 16.599005938781705
313 15.313486926141735
314 16.527181895983336
315 15.037042113950335
316 15.129263556695445
317 15.971990920285494
318 14.559952194671526
319 15.626229670735173
320 13.94679312899348
321 16.227100049652254
322 17.660288616866552
323 13.33360565811908
324 13.77520121244208
325 13.868822371242862
326 13.951181080953463
327 14.797188816863988
328 12.257951608140301
329 18.041195622739405
330 10.722481564522138
331 10.542016595697667
332 12.567645124767768
333 10.511905238013195
334 14.110507508898799
335 13.90807244379508
336 13.76299331788341
337 11.494991773186806
338 18.779668699487967
339 10.652434418000693
340 11.602633573942908
341 12.43052752803921
342 10.375569703450672
343 12.582944954544017
344 9.278958398354042
345 11.667678813622134
346 14.294332877710794
347 13.703217396162499
348 14.136295468217286
349 13.17412165284937
350 13.127237092339358
351 11.408272185498246
352 13.138832991520722
353 11.341697355788389
354 13.804032157832395
355 12.128409787667946
356 16.872526305301516
357 10.82794719908228
358 12.267151573759346
359 11.019614325046598
360 11.162156661936448
361 11.52017250355839
362 12.61733950927021
363 12.31958716003219
364 15.552979088829773
365 13.780367439896684
366 13.100782183901636
367 10.227270633514195
368 9.970373738207911
369 9.944889477569564
370 16.461796564623565
371 13.92680264540346
372 12.25044590970616
373 18.17090421680077
374 17.18344392937118
375 11.538850243730009
376 14.455360105877002
377 9.311330929971739
378 14.09214887957543
379 17.90919707844846
380 12.071796553752941
381 10.61520166181851
382 9.367467219753673
383 10.245749881892813
384 15.715978673241327
385 15.27153732894797
386 14.637270225714131
387 20.233365661009483
388 10.521447928637903
389 10.183694734114457
390 13.242618438341879
391 11.535170403891193
392 9.103557086159162
393 8.342790433775402
394 8.644948688609928
395 12.205362654481368
396 14.095873470979331
397 11.156370393308501
398 15.091595506637129
399 12.852024777272597
400 13.136037060769686
401 11.46133445244556
402 13.775614820224874
403 16.203207236342518
404 15.768856723093869
405 14.981172439928944
406 15.831699364158077
407 17.75038395216962
408 11.354702678810648
409 18.382257895777045
410 19.350059899978895
411 16.660577291824055
412 18.299485970731816
413 19.39843193694325
414 17.26216408102124
415 16.490983014597113
416 18.811741952952378
417 17.686787529423686
418 21.227410913860968
419 22.665917678099266
420 18.542615960282234
421 17.31691413039453
422 16.263830049725957
423 18.44548846913289
424 16.65816491612739
425 17.919922255403232
426 19.133079257304754
427 17.698149619489982
428 18.468414319447344
429 17.164727617583615
430 18.45565392258267
431 19.32247734253122
432 18.561467013494525
433 18.64405667751619
434 19.614968959109365
435 19.287247985067363
436 18.920249710683173
437 18.436974090315363
438 18.57429799238096
439 14.893016203487955
440 14.614242939818725
441 16.67267794651274
442 17.41001679043389
443 21.22956524338238
444 19.821100433423883
445 19.584772906935427
446 18.17727042901984
447 17.852910122359972
448 17.099478813015104
449 17.84195345880638
450 16.471139283325446
451 17.360678480615626
452 15.882736532728648
453 13.986852158737486
454 17.223706003614282
455 15.304577652958214
456 17.264256384211023
457 18.54939566270184
458 19.175880653868663
459 18.207564238144027
460 18.413088172476566
461 19.090021913873027
462 18.456856384053804
463 18.09782012270605
464 19.072506842312475
465 18.546806337127904
466 18.363399392108427
467 19.16769157690904
468 19.249292813898705
469 19.891388399028326
470 18.91458535092678
471 18.785289777316187
472 19.298776355585456
473 18.436643070470623
474 20.70299806702576
475 19.572855212029033
476 17.937516149697103
477 18.19856944732629
478 16.964753775722183
479 18.349043422943208
480 19.67807774339069
481 19.44415585833753
482 19.195262119850025
483 18.540111239702853
484 19.795746985833254
485 19.552131260861056
486 18.188915394050778
487 18.62638808104138
488 19.02103475416675
489 18.323243896613914
490 17.121417946414404
491 18.013797206214974
492 19.00495329598801
493 18.21309995528148
494 18.69333651567923
495 20.101191935441456
496 20.059449001651736
497 17.69426483757466
498 19.86061470900156
499 17.99079513659857
500 17.36639065039064
501 15.546644350252283
502 17.569424889268838
503 18.043747407354353
504 18.46798720139746
505 15.45972495429221
506 17.182443785592408
507 13.926933473235964
508 15.816492505067952
509 17.47367702249627
510 13.489569106417504
511 16.749303892915602
512 15.713286413669799
513 16.118724305905392
514 13.237090139448721
515 10.007220945193117
516 9.9575136292836
517 10.454078674189736
518 8.562576631317846
519 9.913406375276628
