0 2.559338336113698
1 2.562434764625941
2 2.5763110470244155
3 2.589355715503272
4 2.7604571641756857
5 2.5648271154644937
6 2.57565014251418
7 2.632586447687097
8 2.6592982948300175
9 2.6185307545900183
10 2.4686460943365867
11 2.583794011217639
12 2.7264639424964696
13 2.513220192021611
14 2.512402768339401
15 2.57424731163772
16 2.6211158722866976
17 2.558021705911548
18 2.7261524379502893
19 2.5528002170565247
20 2.677813957352328
21 2.5631357288987573
22 2.6983049899475056
23 2.5983988192120484
24 2.596975149167461
25 2.6231940396442477
26 2.703091717160964
27 2.6394209768545123
28 2.5335392705934856
29 2.6059491534405415
30 2.5969725224440077
31 2.611587497296427
32 2.9051726502479194
33 2.718597357392148
34 2.5072224874963305
35 2.7839225563199776
36 2.577524598978147
37 2.585780317462748
38 2.628630066910577
39 2.6507615286000044
40 2.6505994420480157
41 2.690032625522303
42 2.572136767571614
43 2.6864656299721847
44 2.7134584205583696
45 3.5048984458794483
46 2.723350855042308
47 2.767607824716601
48 2.6815680448533876
49 2.689198955583329
50 2.6396252071118056
51 2.541586332574567
52 3.0269800093155057
53 2.6854987984868006
54 2.6175666842637453
55 2.5760715679002915
56 2.627580376044173
57 2.673238653820471
58 2.513074513276226
59 2.6868670690627736
60 2.554803332173007
61 2.60804887135117
62 2.715155579839156
63 2.5960482792043704
64 2.813728043303641
65 2.8712160663080772
66 2.754391654922001
67 2.6014184236335502
68 2.4892108752934305
69 2.6748418332432355
70 2.593394409822625
71 2.6409913124096907
72 2.5998923371706564
73 2.835408604645692
74 2.6559833441167355
75 2.7155871111163323
76 2.625777116593323
77 2.643904011555255
78 2.667254992730833
79 2.496262365598982
80 2.816333707912968
81 2.6514757032568794
82 2.6532145851425435
83 2.725164231138515
84 2.7508762742700634
85 2.5749799779416445
86 2.6584899454377964
87 2.798348730734255
88 2.677762978738834
89 2.6054275901327584
90 2.722431235566959
91 2.7282847653313747
92 2.787790644084825
93 2.6964018509860717
94 2.651665552186883
95 2.56052576670724
96 2.585839891316791
97 2.616080536727213
98 2.609300036363633
99 2.595244200465756
100 2.6417512771444587
101 2.7357228128333975
102 2.738539919510881
103 2.7461465243007894
104 2.7126022785124895
105 2.568287912334965
106 2.675940403980302
107 2.707901930764905
108 2.493150471127253
109 2.5936125213655545
110 2.6843617270106064
111 2.596691245688333
112 2.601013667194868
113 2.6085083319124047
114 2.6551643364980366
115 2.7904546968132484
116 2.5271485140465884
117 2.6178466927414172
118 2.8046876074589604
119 2.543863214738532
120 2.7341264682524793
121 2.733807924775225
122 2.545708761036364
123 2.7360472367014617
124 2.642252628248513
125 2.914713961654928
126 2.6285676085726055
127 2.6440396226240286
128 2.7343736824849105
129 2.7528037853906473
130 2.62830406704676
131 2.6863249256830137
132 2.640769489252338
133 2.801342796733325
134 2.752463211688114
135 2.6534119265932863
136 2.5919136568546093
137 2.770727083315419
138 2.6705256947721443
139 2.7362079697502955
140 2.558590061608034
141 2.7583067419309346
142 2.661481545179854
143 2.6530319919741485
144 2.740862895064943
145 2.5355696012250344
146 2.6053434239587325
147 2.6616895934356473
148 2.642749574705823
149 2.569508575772066
150 2.625748008478158
151 2.61744101941448
152 2.557345180280698
153 2.6710070703200035
154 2.5176380772333005
155 2.662594837320724
156 2.6280085701978395
157 2.5138469072434813
158 2.6945877984309368
159 2.5356820816384795
160 2.653589765167671
161 2.864060472446425
162 2.7796941992158395
163 2.5791188512688907
164 2.5875207305317764
165 2.644439039105158
166 2.5671992567653867
167 2.5490867818150855
168 2.64795263751876
169 2.595155332782436
170 2.563613137016561
171 2.592379106860717
172 2.5639176795078873
173 2.7455896480146427
174 2.501604822319066
175 2.713728819825502
176 2.5434018083803123
177 2.666794619777518
178 2.6651318174370817
179 2.7050496257180865
180 2.8458956525813415
181 2.5932906886880147
182 2.815076206629131
183 2.6074347658664117
184 2.606972358796345
185 2.615054084558543
186 2.7217235837433447
187 2.815842467957617
188 2.574316716044139
189 2.621754193500985
190 2.6176123277738816
191 2.737295903716546
192 2.7870594254972203
193 2.6394951908729083
194 2.8791945045177103
195 2.8819126002190676
196 2.553578449931074
197 2.681905181630447
198 2.6778305264155384
199 2.5882288465395282
200 2.702133839156588
201 2.604931496962708
202 2.564148974005994
203 2.6361270804432144
204 2.995099523851569
205 2.7343347651564756
206 2.6233334600438676
207 2.6140442170930855
208 2.659772523698233
209 2.54300626288321
210 2.673423410284211
211 2.5812473217629663
212 2.6234124577299918
213 2.6275157046440487
214 2.676042819941827
215 2.6173850251428195
216 2.697571364731326
217 2.572137378411667
218 2.6421592142542836
219 2.669441526221771
220 2.5600126711943463
221 2.5801192834929276
222 2.678914756051371
223 2.633397066466553
224 2.628568409663081
225 2.835480635579774
226 2.657850129050504
227 2.5746615902772114
228 2.7077167450179775
229 2.6666195495478466
230 2.6306071658913783
231 2.644969339047006
232 2.4810008456924764
233 2.743584381873326
234 2.5804713042048646
235 2.4845448129458223
236 2.6937796020939353
237 2.662854817615154
238 2.656001076850611
239 2.5593545876787007
240 2.5853296807436315
241 2.5146163035163624
242 2.5948260564899774
243 2.669428452427582
244 2.704141355761535
245 2.6058430158148513
246 2.9938834510453245
247 2.598999703708209
248 2.644434872323937
249 2.646589271800809
250 2.5537787884805225
251 2.647683386850844
252 2.633564342654478
253 2.656007719552636
254 2.6660255426056296
255 2.8038002419190247
256 2.5643763538174227
257 2.55934802539642
258 2.7886842767536733
259 2.681749992971406
260 2.561232543993261
261 2.5799741901167144
262 2.4921586628813643
263 2.7212515476505974
264 2.818184613936803
265 2.622310804895487
266 2.554272553518484
267 2.573095808294983
268 2.6995212936558874
269 2.777484670138857
270 2.6315638461046653
271 2.769702723545817
272 2.6123429161966714
273 2.5296675420502206
274 2.6831297825323652
275 2.6145724993331623
276 2.926354194700971
277 2.5670471014151928
278 2.580979691153049
279 2.7067817330281483
280 2.678051429797458
281 2.6800891394924244
282 2.7458493213315776
283 2.6093114329473277
284 2.5549287112700396
285 2.6409309435905977
286 2.6267162403510076
287 2.6562399583131038
288 2.6624730990014696
289 2.805765555258395
290 2.5794368600088506
291 2.580975200666076
292 2.6357949679645314
293 3.133967107597999
294 2.7510119299883153
295 2.9358727718382855
296 2.6787469399193964
297 2.615981699193906
298 2.632511102637263
299 2.673328699370131
300 2.5487445379585862
301 2.7282414313155625
302 2.6181181683283445
303 2.5792242348316132
304 2.7687792556775395
305 2.513279261351765
306 2.572267413603322
307 2.5045272743045444
308 2.654239747779447
309 2.7862334462335614
310 2.6137205722852075
311 2.7315014349181546
312 2.6310002659192393
313 2.5878886113012776
314 2.6807306097747063
315 2.6918595513272896
316 2.570625727994277
317 2.676861029240302
318 3.051381191931056
319 2.593471865613479
320 2.5952478494586653
321 2.592130133307901
322 2.5824146511394774
323 2.63926814353335
324 2.7640109386807716
325 2.715560045465067
326 2.569530287383249
327 2.809040227354594
328 2.690028949740517
329 2.692813021867317
330 2.6388943108302434
331 2.604674686469944
332 2.688532991886697
333 2.7650650357658506
334 2.7216261231349734
335 2.488435592377334
336 2.7121996778279307
337 2.7970142373658637
338 2.982730578940171
339 2.6538527654750714
340 2.600767012766138
341 2.5100093261559326
342 2.6540858684681963
343 2.531506701424124
344 2.626827156955904
345 2.658837930771606
346 2.526380029533742
347 2.675414880201989
348 2.7481081958885247
349 2.8555932747587622
350 2.770060472283797
351 2.6511119222353243
352 4.137638644183763
353 2.6692293594018652
354 2.6395656693039937
355 2.6654039460948247
356 2.670187173858268
357 2.6466288272231457
358 2.7253384716914657
359 2.653313580529919
360 2.7704241705869705
361 2.722116595142177
362 2.59301781457377
363 2.6530344432233135
364 2.583253672881228
365 2.6446820839008924
366 2.7231189910669755
367 2.645392237311777
368 2.8100126091981514
369 2.711925672301449
370 2.764763775674947
371 2.575088393216974
372 2.525446176186614
373 2.7985381079637843
374 2.6569813645680522
375 2.708344241060912
376 2.767103558318014
377 2.7747595651638757
378 2.724063172595777
379 2.646180671519057
380 2.665045527150585
381 2.653512444298458
382 2.6480502666450496
383 2.633414333769246
384 2.673794541616113
385 2.7633341095982416
386 2.6515753740381953
387 2.610178122050413
388 2.744261327152774
389 2.645913951594094
390 2.739629325147737
391 2.6435262827120933
392 2.8286667483373398
393 2.657064191009241
394 2.840996294844942
395 2.5586932611993163
396 2.6320565847894275
397 2.5866400093754733
398 2.751076053046548
399 2.7409957848569713
400 2.786930022028221
401 2.629463115115244
402 6.443135882703856
403 4.920320737778011
404 4.892025016245176
405 6.135619600797599
406 4.62359000411455
407 5.4492886705040835
408 2.602429546007738
409 2.731825610147563
410 2.9400644532346183
411 2.668893150145641
412 2.6240564493426004
413 2.8201427793026506
414 2.7482566849513352
415 2.7342496216669643
416 2.6552577260868966
417 2.6035237625506755
418 2.7307010955917113
419 2.644006794689232
420 2.6108537359928845
421 2.633482838262106
422 2.639215041528136
423 2.568678292316691
424 2.762511642464316
425 2.582487793805264
426 2.714347432085541
427 2.6201605340695178
428 2.8737713682938444
429 2.4975556641670638
430 2.7445327184227835
431 2.546140595539841
432 2.6041921290786574
433 2.5984188112343425
434 2.5839536404023122
435 2.7920121701359917
436 2.6604370109059525
437 2.631936369181424
438 2.7123941456124654
439 2.8244698409925375
440 2.5992795379142426
441 2.576626068083727
442 2.6892169222517603
443 2.550643048800072
444 2.5896907997677436
445 2.639407590109685
446 2.738574496194272
447 2.600132915687193
448 2.839153826693239
449 2.7121662161996842
450 2.7476970442063093
451 2.7680083923320637
452 2.5266969043053016
453 2.723590405479518
454 2.516772286247618
455 2.6239274840756517
456 2.6308883200617044
457 2.661264848441274
458 2.5179624325832832
459 2.5813729138302977
460 2.6042873296353584
461 2.8692268685888886
462 2.630693774185281
463 2.503942999946895
464 2.6046982860032184
465 2.5495963823112744
466 2.8197545299508806
467 2.7036201004246503
468 2.7654644003055333
469 2.642155112979913
470 2.8340961331767764
471 2.5195036987661075
472 2.626404295048174
473 2.606613475119535
474 2.7250037591938083
475 2.626339040738121
476 2.6514512592418233
477 2.650313888224442
478 2.593814805448492
479 2.5531193825701077
480 2.5730452522575553
481 2.5602430530782465
482 2.673052429248879
483 2.706824572179441
484 2.707939567632151
485 2.6788779991189102
486 2.6935493766920655
487 2.5558991315799116
488 2.5704657424900663
489 2.5674395788896183
490 2.7621857633159084
491 2.663609506376919
492 2.6219691281730504
493 2.7077665731117957
494 2.6516348300867327
495 2.682239648466017
496 2.74136077719703
497 2.8429606758598593
498 2.60585773153509
499 2.7666455321676797
500 2.6594501857258837
501 2.878381485686713
502 2.6107307420181876
503 2.7187371349606857
504 2.502113226273491
505 2.749039384051827
506 2.5556933008394953
507 2.665750623552714
508 2.5528553890579024
509 2.6145113718754396
510 2.64914416814492
511 2.687227607016276
512 2.7996680840133195
513 2.75096327634388
514 2.5677949474669974
515 2.7457024188538557
516 2.7774042843494784
517 2.673564218771584
518 2.7695726974306325
519 2.775955325752326
