0 10.510750851427405
1 10.497636552999259
2 10.467503201661378
3 10.24752385486478
4 9.78479051268005
5 9.725775068679571
6 10.038242312959364
7 10.82221216109332
8 10.308949594133209
9 10.563275793637416
10 9.825612327986008
11 10.070651137012703
12 11.001380058164637
13 10.484122919607378
14 10.505695358172627
15 10.444768966709585
16 10.276510948899563
17 10.173289969436269
18 10.233842813125232
19 8.142509314362142
20 8.327817120419251
21 4.7286571053224336
22 8.689704845968366
23 11.181777233191726
24 8.121988351867836
25 10.016060631791458
26 9.449088532406007
27 9.397153375990548
28 10.027855029565016
29 9.373614925380974
30 8.968279311158287
31 9.935185905702353
32 8.694343099963298
33 10.78573601276971
34 6.715488347627313
35 6.752090068461837
36 10.456968996215375
37 8.962393930101705
38 6.501250460694984
39 7.908912239494057
40 7.104575583128411
41 7.749571750190472
42 6.514548132117793
43 9.779690723557243
44 9.687315593789595
45 5.894149184435271
46 9.376380144542606
47 7.943126861275692
48 10.001288693510968
49 6.399510100554591
50 7.4504004318551305
51 7.304123860091622
52 4.430463830159495
53 4.365407744213383
54 9.02399611420503
55 9.31111385235758
56 8.414080768652678
57 10.93732732452203
58 11.56495608254019
59 8.756363971791687
60 8.940495754366275
61 6.876471202481456
62 8.958721616742324
63 10.27174200275005
64 9.232009171908661
65 7.459309488767317
66 5.795880804041044
67 5.832717108181256
68 6.533264712584889
69 4.916148884906403
70 5.674530161974611
71 6.317919627615277
72 6.390152943037025
73 4.788256038155022
74 4.367426215831366
75 5.622958547074511
76 5.320234438801729
77 4.762293642655885
78 5.383753699623101
79 4.781933159296792
80 4.569122914006837
81 6.678212153326547
82 4.611491590068121
83 6.679711645670514
84 6.4743328606030035
85 4.551749662676876
86 6.166813380520691
87 5.077372486139982
88 4.954482370580578
89 5.640063372838131
90 7.530441300350172
91 7.38679934965484
92 5.361939570050815
93 4.803790567305424
94 6.1470634496096075
95 5.3172604037636075
96 4.956301538044031
97 5.884618223235512
98 6.021967600396431
99 4.830573254459519
100 5.299776747056153
101 4.550324082744702
102 4.940491969633198
103 6.179952741054721
104 4.767616680079046
105 5.666101749712279
106 4.920577239403509
107 4.886284832476288
108 5.669392929570188
109 6.776913031410196
110 4.602630098131181
111 5.252516251798903
112 4.586531180208398
113 5.885089098318898
114 5.862046915367063
115 7.406351247587034
116 8.300873052957607
117 6.9570420173664935
118 7.459968542598241
119 5.164941893134255
120 6.943464107901012
121 5.452283859008387
122 4.910558884467096
123 5.615534102506582
124 4.748093112813705
125 4.910536795336534
126 6.574794142705486
127 5.415560832897483
128 6.666469824955906
129 6.208980947724069
130 5.97716725086083
131 10.381029225206348
132 9.130242010483752
133 7.129586852949917
134 4.914467293600363
135 5.405266366264757
136 5.586571281821489
137 4.76085488442652
138 3.1204480024516754
139 5.439249984279585
140 5.16561335152574
141 9.448915305671516
142 9.71041466024639
143 7.935686652868482
144 6.373604861881545
145 5.91722971281759
146 7.993192465059522
147 10.96343546644042
148 6.970769356686805
149 7.655042934075999
150 6.4531624685374505
151 5.1592460847515875
152 6.880069402524099
153 5.872342920074078
154 8.17860323934073
155 8.247784732790407
156 5.9659524333867875
157 2.7733875669031622
158 2.847404147900098
159 2.9324089267094458
160 8.004099162600752
161 4.7758289633249555
162 2.7393671449507724
163 2.9288191446660656
164 2.7817161453581534
165 4.23433142454139
166 4.012130194251998
167 7.577995032667561
168 6.6724701484766085
169 4.640615168008149
170 5.14586362939393
171 4.939867630297467
172 4.831604009336935
173 4.444581579202489
174 2.9191736523536322
175 7.491642484900473
176 7.107454049903485
177 7.778563880389277
178 4.90329358953689
179 5.156390470884786
180 5.064343187530505
181 4.46947902279935
182 5.3854026844827825
183 2.8417500018773088
184 2.812331268822676
185 3.053444342291371
186 4.062018895300698
187 2.8332223296157637
188 2.661561203270041
189 4.809436703343622
190 4.33485830805919
191 2.9382784496834375
192 2.787437472625549
193 2.8534826224885355
194 2.665738908100465
195 6.07124207969819
196 4.5722953929407995
197 4.786118213508198
198 6.086836839800552
199 2.8265471953562837
200 2.715803542024497
201 2.8847349287453965
202 2.848870296429861
203 4.17976059102972
204 3.1916043128500484
205 2.76912261188858
206 3.8508219387767904
207 2.732575266726118
208 3.096104875313767
209 6.229735693846299
210 4.696647273981164
211 4.849966009502959
212 4.8504202012289594
213 2.8099039184977896
214 2.7263397422412874
215 4.531484518906261
216 2.684226719143463
217 4.151368267156641
218 2.801749129418518
219 2.7871973556151715
220 6.66270262420967
221 5.117710334525213
222 4.702406278330588
223 3.6202445553209075
224 2.78189458992165
225 2.719708006288188
226 5.054244957211775
227 2.832092139177469
228 3.5268488995516
229 3.160987687846839
230 5.110039826456387
231 6.294541671699383
232 4.643639364536609
233 6.329134313575652
234 6.370739374947135
235 6.149912395903337
236 4.727229332603398
237 7.640287807698547
238 4.981958734392149
239 7.8544438610349765
240 5.117094411673615
241 7.02932244685241
242 8.333334627250949
243 5.729030362378592
244 6.935812381320653
245 4.957940749546963
246 4.1271389806013214
247 4.3153899140305985
248 3.7380603447342375
249 4.494737276214667
250 5.514520242770565
251 4.834426529047132
252 4.427771481184772
253 4.07977367768111
254 5.915960863138428
255 9.661646286400684
256 9.337309629208788
257 9.737752248442748
258 9.55372537924217
259 8.184274789946228
260 9.426152804364179
261 10.52039218484728
262 9.242952491799752
263 10.303237141217357
264 7.312024326178514
265 10.185692963510151
266 9.272914920682831
267 8.470410515262381
268 5.258071924251681
269 7.894653538725231
270 8.281380445823514
271 5.013769757427221
272 2.7665922151805384
273 4.141298150734224
274 4.9677693269623076
275 5.1864745115471695
276 4.928524462360277
277 3.7895743766233716
278 4.177883113298524
279 2.847643380125823
280 5.088674376998461
281 3.451368640036592
282 5.353253929972689
283 2.891805810964427
284 3.96757558098894
285 5.7979776537220955
286 4.744709989162698
287 4.34450558588646
288 7.279912010095529
289 4.6349434017077
290 6.85715108095301
291 5.1022477632619
292 4.957387752700941
293 4.966139142884078
294 5.435336204715322
295 6.09147772228021
296 6.582810483229233
297 6.645580896820808
298 7.41144467325828
299 4.366953696602024
300 7.969914632601066
301 6.638213082818896
302 6.495799412225088
303 6.46373643657355
304 6.682443048823107
305 6.9703933904681925
306 6.374599550733613
307 6.513459864550777
308 4.965526649405733
309 6.027074216309878
310 6.2541897471724495
311 6.463367142178353
312 5.297799815711665
313 6.098644515937127
314 7.835501531599196
315 7.512486498452408
316 6.7521998892838
317 6.927211302453114
318 9.47151917382225
319 6.969002845543316
320 6.713933194367285
321 4.952575969722187
322 4.6662879501713785
323 6.172348286959849
324 4.6051152226721
325 5.748442121749629
326 6.495735019055513
327 3.803333458580122
328 4.594547902417414
329 6.146467413984378
330 7.280235363296811
331 7.772431919963805
332 5.609201636746029
333 6.531513495203448
334 5.460239577415271
335 4.460481847859511
336 6.572230056215305
337 5.969256243157032
338 7.844502764395074
339 4.737467277776814
340 6.441665727291858
341 5.964334229581483
342 5.5385745171413765
343 6.209737188883179
344 5.608508598766209
345 5.420494096300201
346 4.379740377424746
347 5.487902620456441
348 5.953221296689613
349 4.640790637635652
350 5.633144051646347
351 5.327362836888379
352 6.053125134478134
353 5.523703822933424
354 6.391816882789102
355 6.669671632206247
356 5.848436615390799
357 6.5473816801809495
358 6.425280600885563
359 6.5603953565445075
360 6.603619587984793
361 8.38093120563054
362 8.062336820545182
363 6.345331692555411
364 8.19150226327787
365 7.374269472100084
366 7.311235965167249
367 7.615743771534202
368 6.449931522216982
369 6.973971398539951
370 6.117332430373911
371 7.641345213737942
372 6.250503663421213
373 7.579994380832427
374 6.424706455265066
375 6.622244132162986
376 6.571624795642768
377 6.191945085261747
378 6.218368034414643
379 5.252909276893642
380 5.710206717978791
381 5.54912939941439
382 6.614077822277878
383 7.023095007164695
384 6.961953754602241
385 9.656173037779851
386 5.924729734832277
387 5.351687931203926
388 6.0892123718321605
389 5.883786325381116
390 4.89217715734028
391 4.190872789750423
392 8.624661027251344
393 6.797016479244879
394 7.6698555574912195
395 7.5564003561293225
396 7.499714280611609
397 7.6804565696408345
398 6.647372435797261
399 6.516032824878763
400 4.956926472753422
401 5.3905656774317965
402 4.497959748524127
403 4.321615783817459
404 4.211462432220258
405 6.7355740433665945
406 7.08664047040973
407 6.334599470497135
408 7.0880177453749225
409 4.795279980917364
410 5.3665978336908085
411 4.707495252919512
412 5.337115491681334
413 9.022130283106213
414 7.8679631778660815
415 9.737292537607184
416 9.421976717036054
417 10.183923051496489
418 7.135172685911176
419 7.251784431073773
420 6.255570489915893
421 6.462726296513414
422 7.011697518166623
423 4.233081596853686
424 6.707641724628534
425 4.754956007153497
426 5.705764867406305
427 9.006134831446206
428 7.189277171919341
429 7.060643306882045
430 6.595514200502302
431 6.648783947280018
432 5.48666143382065
433 7.234876787248835
434 5.772624946183476
435 5.64639862680618
436 5.476991905876445
437 7.102737128640467
438 4.991277085806417
439 5.387368633903341
440 6.34075461100784
441 4.934258845048669
442 6.42848848278053
443 5.362152707687509
444 5.49284894669923
445 5.588218170462781
446 5.604216128169981
447 5.428856657358971
448 5.470772024733208
449 5.752066556132574
450 5.9196457183250075
451 5.945855173902521
452 5.933187140425328
453 5.131321263220763
454 6.415001868288834
455 6.266987454394101
456 6.5457248343720185
457 6.299242334852299
458 6.084064885765316
459 5.797711654817215
460 6.914685053345152
461 6.235755445785912
462 6.794215536871483
463 5.9425734624900715
464 5.8217268489697815
465 7.148965179525131
466 5.608954201945365
467 5.685134608277006
468 6.693061689279109
469 6.441924440540176
470 5.9502549232711255
471 6.989388854288487
472 5.425468213470164
473 9.47062318585308
474 6.126339599378595
475 6.891470164546608
476 6.774058269005071
477 5.859039254994044
478 5.961698120784304
479 6.49813620012184
480 5.686789123041299
481 7.116144778391714
482 5.570689404635934
483 5.9841435948530695
484 6.533599996977155
485 5.935575002619767
486 6.132162786745712
487 6.8207559939428855
488 5.867618408484769
489 5.613057805290395
490 5.958114243271282
491 5.938853208611269
492 6.343042355294532
493 5.949305667713565
494 7.091518691469889
495 5.846236815447623
496 6.036866411818217
497 5.830198073998082
498 6.129773871271274
499 5.312043045106575
500 5.904532322693969
501 8.834100074794778
502 6.781002226905221
503 5.912186520159407
504 5.479407682931909
505 6.102130787511485
506 8.185577421718568
507 6.434847936622973
508 6.496100204991878
509 6.0317701026106425
510 5.760408855059431
511 6.38074118220673
512 5.910747244001341
513 6.189108498444288
514 6.6996051924684235
515 6.329747530433109
516 6.534124161463088
517 4.696500692064566
518 4.54698840847035
519 6.453739370087327
