0 3.1874906764785487
1 3.034969230193261
2 3.036664027810727
3 3.469050233504429
4 2.842351524336418
5 2.98096887253281
6 3.160787971674129
7 3.155536997594906
8 3.112785935620739
9 2.7297583071173372
10 3.4623910572125998
11 2.947226326182198
12 2.7687786956356977
13 2.9566541666524246
14 2.8841016712177066
15 3.4717063348258645
16 3.224196611003265
17 3.2470550939896374
18 3.0052364994024896
19 3.01219569742833
20 5.195167758158773
21 7.953628047947659
22 11.108676448123626
23 7.837309934849354
24 9.718267281040688
25 9.194752137696824
26 9.353246499462385
27 9.16650262393785
28 8.346646924586878
29 10.321024026976305
30 9.861109408871055
31 9.421126045162099
32 10.136251294383856
33 5.806092053263048
34 9.31649745363539
35 6.897326849171043
36 5.575086761671409
37 6.336836230166185
38 8.118059850402625
39 7.6138574953611595
40 7.998590329212986
41 8.106201117693757
42 8.632848420288967
43 8.830354592971508
44 7.516189620415048
45 11.667119846412685
46 6.210273622599726
47 6.933095214650795
48 7.217508044737999
49 9.007065402054785
50 7.773968171275909
51 7.3439677041245375
52 12.377216448526397
53 11.234532276368546
54 7.46401721583615
55 4.766964544270713
56 5.409819478213097
57 4.6633454768086775
58 4.884263014442885
59 6.3004053634025015
60 6.372257893284749
61 6.651067333799343
62 7.59589476556426
63 6.699112491702526
64 7.820856825945225
65 9.06023721470965
66 8.972512404102261
67 8.358687332992126
68 6.731112306241666
69 9.634160141843415
70 7.946526306602504
71 7.379583657335088
72 7.792686180265276
73 8.778871844331583
74 8.63769204431451
75 7.510864338473543
76 7.827666185048106
77 8.125965429541958
78 7.961774891052999
79 7.929078183992316
80 8.139318233406792
81 8.190210454351266
82 8.273171708720277
83 7.465200184263828
84 8.070906989736478
85 10.591447903103534
86 8.027553774449997
87 10.733419854686572
88 8.64083387293644
89 7.805989754599075
90 7.334441096659813
91 7.2906923159834225
92 10.02212324431962
93 7.879107389143472
94 8.218858066456733
95 8.460228695407503
96 8.795269075312499
97 7.111889462327083
98 7.795302881406849
99 8.984550090808986
100 8.95396936455742
101 9.374798789693868
102 8.173687623856477
103 6.619987107971385
104 10.029294142198532
105 7.2770486054947785
106 10.493200147584467
107 9.942875456098971
108 9.826988385028262
109 7.915079961783189
110 8.950041141798518
111 9.597283787480666
112 9.373913158676897
113 8.657942775787818
114 9.013582669097127
115 7.195447843527603
116 7.058263405015419
117 6.570524626495768
118 8.586583851667163
119 10.352448013005485
120 7.6484000632068865
121 7.964229988191959
122 8.347484821370877
123 9.049109101294672
124 11.230720739399386
125 9.70374090514119
126 7.515593275736731
127 8.009154505672342
128 9.122345864870459
129 9.785057115046127
130 8.51476424036338
131 2.7322920281463334
132 3.702304901952512
133 5.486407999045875
134 7.665975303392239
135 8.504855941831263
136 9.133522426382052
137 9.285918067465126
138 10.822650575886913
139 7.822032839445058
140 7.26663942695009
141 2.9770052454637574
142 2.6544901533871355
143 5.490839709348079
144 7.6572702727074065
145 8.840215127812552
146 6.772944751448134
147 2.6647661152204214
148 6.727851313918906
149 6.950172613912948
150 7.497873852044482
151 7.834698122783334
152 5.885225239004095
153 7.690825589991745
154 5.310148002843963
155 5.106826453447046
156 8.980803939326696
157 9.653411754343502
158 7.558812802174088
159 8.260324167715826
160 5.5563630506656025
161 7.114288275801364
162 7.698966843488106
163 8.577665038430291
164 8.191875855732487
165 6.731655094750692
166 7.345872212938798
167 5.662517159202896
168 6.27496569671536
169 6.696923323270439
170 7.480542730012267
171 7.783667657561731
172 10.022186008773055
173 7.815802682214547
174 12.475751280454697
175 6.62348809718346
176 5.481072621145184
177 5.005397574391636
178 7.019468146802438
179 8.863881918489705
180 5.5752414857339225
181 5.912121891903695
182 5.0305203692350196
183 6.662086190827362
184 7.201117275672639
185 6.960406504962782
186 7.181588861752026
187 7.495884833761247
188 7.31541543810527
189 7.708876694224089
190 6.778281734500337
191 7.506149203388615
192 7.733158092028585
193 7.8349678932692965
194 6.950828020306125
195 8.1076843062617
196 8.121627826269515
197 7.781463998686122
198 7.90449834040715
199 7.760260292244403
200 7.17607567973832
201 8.017595286295963
202 7.435303865182227
203 7.367337046886516
204 8.011064759673989
205 7.249252219878707
206 7.665042409554006
207 6.893529158858945
208 8.55284413832498
209 8.34446966898995
210 7.715044075612145
211 7.952089345289459
212 7.50311175750992
213 7.507614213298162
214 8.16611780217554
215 7.883114256708571
216 8.349976199885937
217 8.246870991921009
218 8.455096020879644
219 7.679236976932904
220 6.409546708212415
221 6.537516457778372
222 9.200135429139477
223 8.366561419957158
224 10.009112778655819
225 9.705249439691363
226 7.891294366989072
227 7.413538533899792
228 7.460934472705613
229 7.050844173762764
230 6.585778064727991
231 8.448549492853175
232 8.623942306052346
233 7.418119601860668
234 6.3607306669304755
235 6.4896670133643415
236 6.147022756742069
237 5.635715856916325
238 5.772171458223345
239 5.504062499452139
240 10.939081296522994
241 10.676543881918683
242 9.027109766598011
243 7.567142327891924
244 10.12925504499325
245 9.84697202225363
246 8.550708956563016
247 8.44592277772649
248 9.64226329639471
249 10.276769595514235
250 8.592951946098104
251 10.547360204368484
252 10.48023571643717
253 9.656087848130408
254 9.90189274540987
255 7.332445874861251
256 7.010116110672065
257 7.320132466363742
258 6.069332337021144
259 8.368996282344812
260 6.203334965645433
261 6.156874945232901
262 8.78004351210741
263 7.72092135367173
264 10.697043418447217
265 7.370649339091339
266 9.109539324210564
267 9.115804660017444
268 8.878156761063314
269 6.5231090587181555
270 7.225208757902796
271 6.7384125900547405
272 8.768509863469674
273 7.045495151567294
274 7.312036807628371
275 9.902310762866849
276 7.874862334253172
277 7.799951505223996
278 7.786893942586917
279 9.61514334780745
280 9.851394540669904
281 8.014096316239028
282 7.718084208539456
283 6.968560839184988
284 7.521049199495075
285 7.268609989843479
286 9.268270563579955
287 10.043091922086617
288 5.552238377321939
289 8.212997142910146
290 6.328580726827279
291 6.220885000569828
292 5.488923349454242
293 6.654155493960093
294 7.1821469577582935
295 7.814912555492258
296 7.321677889337559
297 5.827661892682702
298 7.215123223911932
299 7.803622181565804
300 5.722404663636776
301 6.806083934530498
302 6.586005999550697
303 5.46105941325192
304 5.63991947737083
305 5.412730023279959
306 6.954272032441398
307 5.403463091204184
308 7.059789108066638
309 5.653234639059899
310 6.9937592345195005
311 6.658948736736356
312 8.07880231081386
313 7.960318797788659
314 6.975852879469054
315 7.5841009653268845
316 8.09730535083277
317 7.856511040401773
318 8.463943413937015
319 9.477120849897311
320 9.579015238401523
321 8.081746882378226
322 8.300479372329427
323 7.570873973504062
324 7.929252609178693
325 6.23784138702238
326 7.576197635474271
327 9.260693633667653
328 11.263402640993789
329 9.971158379157577
330 6.015181092938588
331 7.956893923124141
332 7.644202283501728
333 7.631123788412394
334 7.869291821717108
335 8.784065440644227
336 7.66063430467284
337 7.390808576604884
338 9.017009679428895
339 8.765053248040259
340 6.44748525190376
341 7.425540394536006
342 7.018059769808205
343 8.155872136117296
344 6.724822497716392
345 7.733677272111916
346 8.599680304923476
347 7.500373858711154
348 7.762502682708294
349 7.87386651682379
350 7.346502270554173
351 8.252869578660226
352 6.782959795126199
353 7.428326561526971
354 6.7575833921909005
355 7.658107819902667
356 7.115018585040883
357 5.245467420357247
358 5.353387803017973
359 5.4068677509496705
360 5.028908806851999
361 3.1943731247422513
362 5.435604946648672
363 5.454758871790775
364 5.252277201855396
365 5.004106948822472
366 5.003597477748706
367 5.0070251552275264
368 5.250496565475989
369 5.388663778191236
370 5.237792230092984
371 5.582005915396099
372 5.021471109067235
373 4.642593739632639
374 7.80850849762585
375 7.362927948453805
376 7.747457584369712
377 7.36694213650808
378 8.026429596204503
379 9.036341309738209
380 8.821763794292986
381 8.36415632572903
382 6.698177711755273
383 7.578285310275509
384 6.881515037805759
385 4.762065929644495
386 6.856354315792634
387 9.367424700544959
388 7.736923027536101
389 7.415212561215513
390 9.510546359104895
391 9.416566691401487
392 5.017440885380358
393 5.7882599307538865
394 5.078778948854336
395 5.957304765902436
396 5.979016806885355
397 5.678309659956845
398 5.4034012431318255
399 5.978467647995241
400 7.428702190307792
401 8.575532241294052
402 9.47709464159538
403 11.571158028443811
404 10.108626336680112
405 5.943339231927331
406 5.563754544784184
407 6.921141536844981
408 7.012061357257142
409 8.687663925866415
410 8.088978241776688
411 7.925411678192497
412 7.127280473052402
413 5.548547913821281
414 6.568381328374035
415 4.696991998855459
416 6.4997810017243625
417 4.7416056073154085
418 4.818233545176408
419 6.35422680414555
420 7.384368106314806
421 7.2698929154111065
422 7.565114697968083
423 10.064677132559947
424 8.824344116074238
425 9.308372057227167
426 9.287745915419343
427 5.510103789140451
428 5.561246475237087
429 6.987273039129055
430 5.064471897403041
431 5.957142668657092
432 8.234324863217914
433 6.819800740656801
434 7.355581240483652
435 7.711256941397572
436 8.688520545106687
437 6.783443045896933
438 7.311075976760964
439 7.0926205980820445
440 7.053509147749169
441 8.3140329254695
442 7.540806393732803
443 9.16321256536447
444 8.069714096955876
445 9.055666701169576
446 7.533891234288317
447 7.386776042336485
448 7.437857630708952
449 7.430171769315744
450 6.904296320231275
451 7.0232989689886125
452 7.299577731194422
453 7.013088411207109
454 7.083746664569088
455 7.885348288304039
456 6.9980035249700325
457 5.553553883230286
458 6.54329003788393
459 7.103288837950679
460 6.386524898429242
461 6.109571188101906
462 6.19041144166244
463 7.175702592124165
464 7.715588888639057
465 7.742292321942297
466 7.460279060933156
467 7.484120199410697
468 5.532966729809459
469 6.16465276136361
470 7.993448216228169
471 5.982708942374219
472 7.91365707944101
473 5.100611291285595
474 7.10134230578915
475 6.732544776060426
476 6.37979300680798
477 6.47945418501331
478 7.5455696766129225
479 7.494263854781938
480 7.226833628215093
481 5.5092754580125485
482 8.26558349996829
483 6.304990210140219
484 7.180201883814632
485 9.544475284045138
486 6.792542994507177
487 7.625576199605828
488 7.259810786518051
489 7.720608257305544
490 6.757837400134979
491 7.405776235924341
492 6.267966595087847
493 7.148578146639374
494 6.220293193473285
495 7.257719536355706
496 8.255877465661426
497 7.7396196239064805
498 7.965524814440633
499 6.09699305182072
500 8.108599453762018
501 6.80955591600693
502 7.615484390873569
503 8.004504137834621
504 7.824636968726368
505 6.613249824206204
506 5.600568860590588
507 7.4773825362004
508 5.869698930752436
509 7.260930629188127
510 6.691986228445105
511 6.881674769112066
512 7.851287447638328
513 6.91101580840259
514 5.521041718856234
515 7.468867249573782
516 7.232476831722604
517 7.909097692617913
518 8.825070937464512
519 7.668673127720009
