0 4.468051546077886
1 4.4494130596937325
2 4.42115852330188
3 4.242980462334191
4 4.234281400668734
5 4.171961801017141
6 3.868443483664798
7 3.9954718891411556
8 3.873523498595544
9 3.933114781628034
10 3.9412930954690197
11 3.98484729888722
12 3.7200009395348754
13 4.216587680255082
14 3.389482769257446
15 3.8578529690192496
16 3.3734684966373973
17 3.8734293315705104
18 4.5611477731240395
19 4.277469428068746
20 4.0973720451023405
21 3.880368378985114
22 2.812137729243838
23 2.782275416328947
24 4.955687747332351
25 5.798603163635634
26 3.424627393003806
27 2.8916205931125893
28 2.6895074886198005
29 2.6460413496909174
30 2.8684135196792675
31 2.781636586339552
32 2.780666022523866
33 2.790542462131419
34 2.78657615037311
35 3.139175704802529
36 2.6995441281783994
37 2.711890364989299
38 2.966403039208842
39 2.750476661125264
40 2.797843672881192
41 2.641481637570965
42 2.6935159406841316
43 3.0016552739527262
44 2.7721735340879907
45 3.0889379271001856
46 2.8022863605610353
47 2.7553573241395504
48 2.707621713996386
49 2.855115009531584
50 2.607165517704932
51 2.7253226618867448
52 2.89103846354287
53 2.906782423766304
54 2.9128189949848062
55 2.6844904772204288
56 2.8639872358310527
57 2.906827668250105
58 2.579473717112548
59 2.7277397246983672
60 2.7908677791842025
61 2.782399805367987
62 3.238461499201432
63 2.744797549843106
64 2.879965207304777
65 2.691935331928377
66 2.647979395050656
67 2.997619445100832
68 3.095471176147687
69 2.766475619747086
70 2.8224345670178983
71 2.787137959501399
72 2.8741901604309934
73 2.795433601679046
74 2.8992829023011732
75 3.025277759367225
76 2.7605053232498906
77 2.8277784951952722
78 2.908555945006654
79 2.65902170622121
80 2.748240043055858
81 2.9260074933891858
82 2.90134610501002
83 2.843198560105033
84 2.7833105935798788
85 2.891390891685024
86 2.9713318985169446
87 3.0286362079271925
88 2.9166028407487534
89 2.7260545516691757
90 2.8126058454557215
91 2.8057295106811497
92 2.6243736036187597
93 2.778342829631999
94 2.8934565827094727
95 2.7452889597971266
96 2.9067233100957703
97 2.960679247029362
98 2.86160162532916
99 2.745094759749389
100 2.895845112981458
101 2.8699340714295305
102 3.175956478052541
103 2.9785382001449534
104 2.7686215173185906
105 2.944272589818171
106 2.8794281608606713
107 2.68834090747571
108 2.6851459167969303
109 2.8441154582468045
110 2.803306071473726
111 2.755001816214015
112 2.629086853627804
113 2.645597324882668
114 2.8564805475359654
115 2.7636758374245636
116 2.806812958071478
117 2.7187469053451268
118 3.220301899972989
119 2.741519544911328
120 2.9400432734127406
121 2.7772377840123124
122 2.7855883635925407
123 3.082316552227842
124 2.9200387924090445
125 2.8027644536878578
126 2.706917171157364
127 2.7802688963203117
128 2.8039976779137423
129 2.8480235508188616
130 2.839617539090956
131 2.7110731788441518
132 2.861436561549643
133 2.7934452244452137
134 2.8093551593135433
135 2.9840657185292256
136 3.0515306816461574
137 2.78716176691201
138 2.6148639890579313
139 2.6828194439961615
140 2.756387457117955
141 2.8296064505761405
142 2.8406150662661904
143 2.977412847918824
144 4.358523432918016
145 2.6734068664712693
146 2.7277238967536372
147 2.9951951609923704
148 2.845652722255445
149 2.710977895598309
150 2.7743502942488165
151 2.9958950602337
152 3.056427005388249
153 2.7900192983919396
154 2.995014641290299
155 2.7936495616256134
156 2.794292153056626
157 4.2590865451319875
158 6.99004883010463
159 5.000295668249328
160 4.574484750232283
161 4.615693553612317
162 5.369969080827869
163 4.938571010251238
164 4.750257000546351
165 4.84153441774863
166 2.9318267521788544
167 2.893677061810002
168 5.394668263974901
169 7.075845112240914
170 5.208135386115595
171 4.239807645821312
172 2.721399758884988
173 2.6835103927321353
174 2.8565982108938432
175 2.9390175709232587
176 2.7196892334392198
177 2.8703435595335063
178 2.5566352335465865
179 2.9398799331752357
180 4.353883775941917
181 4.983643906019542
182 6.183877054729536
183 5.244226578962002
184 5.167782114364722
185 4.722674280894445
186 4.421172463108349
187 4.840913105805696
188 5.34554777289328
189 4.278357192232439
190 4.270795433366328
191 6.194522222181351
192 5.8105939923351295
193 5.745927250340965
194 4.482950405711698
195 2.697023983633908
196 2.7340047620721175
197 4.485233048980483
198 3.974821637091386
199 3.7240582088364307
200 4.986228357962948
201 5.210650516674346
202 4.404828981320808
203 4.028726433701664
204 4.177691856330414
205 5.014264263527124
206 4.657259609057651
207 4.903170731630079
208 3.9446581836428156
209 3.9561742525554178
210 4.142383954647361
211 4.6479817048745655
212 4.503425205752108
213 5.274364427383109
214 3.851613904373431
215 2.8865190311560456
216 3.9012012199557815
217 3.9157514911282814
218 5.031804447008941
219 4.457759731939401
220 2.767662507669682
221 5.603018538699849
222 6.445935334362777
223 8.706114842622611
224 10.471664739236548
225 9.068855939307145
226 9.13606565479136
227 11.069781522708203
228 9.006197634881309
229 10.251651335100416
230 9.256923481795749
231 7.419018893217084
232 10.290528797702331
233 4.52180395759718
234 7.74496443642919
235 7.381220652888042
236 10.26009772036161
237 8.217656299126837
238 8.797425713944774
239 7.418801098303904
240 3.5830406681939193
241 3.2834757790376736
242 2.828155902886788
243 5.009123059790126
244 2.670558729140291
245 3.356989602757966
246 5.049467075939945
247 3.8784451439196297
248 6.412580243294776
249 4.360648437644755
250 4.141729458562062
251 2.828016769553318
252 2.756816796923671
253 3.8046265180389947
254 2.784939427194835
255 2.8934780303173393
256 2.655958732035515
257 3.835022838025798
258 4.899177844733278
259 3.120042552777903
260 2.8354342488569118
261 4.525354718065783
262 2.888233495361018
263 2.7510318906831257
264 2.7821320460594863
265 2.8609033102477643
266 2.7025575855181145
267 2.8794673522710683
268 2.823915142787194
269 2.869893516941648
270 2.7971606456507923
271 4.608579107690082
272 5.045714544300171
273 6.01668908080502
274 6.398600638526056
275 4.900892986758544
276 4.6237969052353876
277 6.155911088600032
278 4.548828156154319
279 2.728825383385241
280 3.6859247124614782
281 5.405704080401607
282 4.595503204213068
283 4.824818083446223
284 5.564895630884338
285 2.668360344234876
286 2.901857790893703
287 2.8428324652963366
288 2.738589626849955
289 3.0293776019679095
290 5.455714624190501
291 5.966440593385394
292 5.624719101371341
293 4.583021808136297
294 2.5829678196201926
295 2.817603759740121
296 2.8182571607436917
297 2.982837047400942
298 2.901449632969525
299 2.777287918576652
300 2.6938804197905424
301 2.7641835711323224
302 2.9318574897818355
303 2.7581823061207427
304 2.7062754020405073
305 2.7112900365291783
306 2.802125813051782
307 2.767380397105166
308 2.9652498581677875
309 2.94167795895247
310 2.705238118058142
311 2.8404721275800506
312 2.653105953509084
313 2.665911251106286
314 2.983080437233254
315 2.7155907316891663
316 2.8781006864872127
317 2.9591391330761048
318 2.738567316501863
319 2.818906786880725
320 2.5730945033021215
321 3.02100530535888
322 2.8752551927736327
323 2.843944083237749
324 2.8956889234418424
325 2.678896755936793
326 2.8034301612691745
327 2.7668297829036805
328 2.7372983909633706
329 3.154997767315548
330 2.7041360650091693
331 2.7973398680880925
332 2.785217942742362
333 3.0530044128586704
334 2.845453470786594
335 2.7781535485766504
336 2.657359728442165
337 2.930728110412727
338 2.6259384495334066
339 2.9108231244426737
340 2.8168526165521097
341 2.956670029897113
342 2.7313115241749033
343 2.8379282874741016
344 2.763985764544077
345 2.880993434274048
346 2.7713028458239086
347 2.824054589908196
348 2.714199765906212
349 2.9206391619550534
350 2.643002583982917
351 2.8163305238590217
352 2.672850407020728
353 2.90566960169988
354 3.0569535316599166
355 2.731472160630462
356 2.6864538373593128
357 2.7368213528408485
358 2.724402382080301
359 2.880756595132381
360 2.78373371944452
361 2.5917948275128295
362 2.799418669092233
363 2.9588128300703262
364 2.8776858198271684
365 3.014319496086009
366 2.9643264356901184
367 2.7351126627485636
368 2.6731990807578367
369 2.7445691646018537
370 2.8414938594372345
371 2.8640561880235476
372 3.106807789422412
373 2.795234190026257
374 2.7481196550228693
375 2.9362076592243542
376 2.7174272699480606
377 2.7615485159065964
378 2.840431927733522
379 2.9962397132314473
380 2.6381895334625507
381 2.973414739291636
382 2.6571292287228503
383 2.707125089374859
384 2.877220417734054
385 2.788864400063538
386 2.649758249634297
387 2.82428639419688
388 2.8235137401912582
389 2.675277931356214
390 2.687122013600697
391 2.738598084004643
392 2.7858379053305153
393 2.84935642006789
394 2.8653678161081175
395 2.9384013102694087
396 2.883559823777378
397 2.724067721902509
398 2.958338532858769
399 2.900384580182756
400 2.8722781782418383
401 2.9218396053474165
402 2.820736031740454
403 2.910716041392215
404 2.8513471172978964
405 2.7144114457934565
406 2.6760786531475564
407 2.739434288529962
408 2.8791054754562713
409 2.8509901437942218
410 2.794495286991051
411 2.745134284962775
412 2.859620208913256
413 2.803679961907916
414 2.8519578775761874
415 2.913036666955821
416 2.851059473667073
417 2.7072472227149595
418 2.7802902675176804
419 2.737190730186221
420 2.774275209504459
421 2.8253893387093467
422 2.8383669647610072
423 2.6844386970345786
424 2.7387166628019286
425 2.8944520449945617
426 2.672747971922363
427 2.6882889101213494
428 2.734306000977584
429 2.713211376488954
430 2.726862555511723
431 2.9465296343632565
432 2.8597056080285586
433 2.88700415740362
434 2.824727330005712
435 2.7219808145174347
436 2.619014814075956
437 2.941264854254565
438 2.8804098525948403
439 2.721545610289219
440 2.668661049905158
441 2.8696276209776523
442 2.7380112662183413
443 2.7727673798826142
444 2.785777415448895
445 2.8376665210122636
446 2.6938619616522272
447 2.8664404538284294
448 2.720847655140584
449 2.7816603571111753
450 3.0179006070062386
451 2.918366502151001
452 2.7070147766227755
453 5.314791788187394
454 2.74972378294343
455 2.6558712045079083
456 2.8304797212442323
457 2.9270534583310512
458 2.9381900900517053
459 3.1331548170286134
460 4.262653873219142
461 2.754080923322551
462 2.6870146101782377
463 2.5572308143704463
464 2.7077477030746304
465 2.8039415083734016
466 3.108480579839352
467 2.760055722785545
468 2.667672425203341
469 2.732218372686422
470 2.647829918518019
471 2.7816252230395153
472 2.706418416471236
473 2.8265150838059157
474 2.852714169846065
475 2.701436251922018
476 3.058827550762656
477 2.7284655534736557
478 2.7377702587313766
479 2.7474042306246282
480 2.9646140164822277
481 2.884656746014488
482 2.723941719243114
483 2.7884584192504382
484 2.8898943574542724
485 2.930483805546677
486 2.740973585731177
487 2.7346936408411047
488 2.942619984492841
489 2.857485263793962
490 2.807507484822774
491 2.9610843524579358
492 2.785840053270468
493 2.790172792429466
494 2.995530953108729
495 3.103706841343249
496 2.9538311195672793
497 2.9141006654240873
498 2.8606729818183445
499 4.375105681731861
500 4.7258002772794425
501 2.6899404018056523
502 2.7064623141066653
503 2.69885527504614
504 3.0325915196481517
505 2.73464242643516
506 2.9014283118061748
507 2.8478359879454875
508 2.746249321975485
509 2.8172531619561507
510 2.8303654023828537
511 2.9280097475368585
512 3.05254821634189
513 2.751858943627684
514 2.865191133196421
515 2.6628264167016398
516 2.7607865190348817
517 2.7971617439683456
518 2.751646253627183
519 3.0228073989661812
