0 11.475578896498503
1 11.31204403665164
2 11.126041997818058
3 11.964003061427539
4 11.789728023184903
5 11.519116007414455
6 11.723381094075899
7 11.422487784723382
8 11.360740919952198
9 11.014297094419609
10 11.654147920307558
11 11.532051253057679
12 10.95335386261573
13 11.84713844730882
14 11.063627435420223
15 12.703935941174457
16 11.885024449539307
17 11.478878288850026
18 10.990892359143226
19 11.934964779081689
20 13.342583826494083
21 14.66966658091001
22 17.681987034653062
23 14.81654735546743
24 14.404351320470282
25 13.800624385215038
26 13.180877490686818
27 13.420084228343335
28 12.70756113944449
29 14.457296587117858
30 14.410591481907975
31 14.935595574255697
32 15.91803452145486
33 10.899680020484709
34 16.175028626644
35 15.41440772877673
36 12.208101417157353
37 18.705176409806924
38 19.975531198034872
39 17.721618873090993
40 18.23791395391586
41 17.824063519043396
42 18.14373970087746
43 16.495404707501933
44 17.704210804643147
45 20.207960548382857
46 19.12849112069961
47 19.153101540014575
48 17.48254706561072
49 20.468099101100513
50 15.580988538585366
51 17.564020226594447
52 21.72342431883451
53 20.662040342373007
54 11.432274625734323
55 12.156295018546974
56 12.037633076108298
57 13.107404426926157
58 12.708277326877154
59 15.321643005643
60 13.810423692621624
61 14.79661826174945
62 16.125584936977386
63 15.93091576082213
64 18.316312176816204
65 23.501266340703886
66 19.338183392290556
67 17.217335635025357
68 17.30003984145391
69 22.25195131743839
70 20.226802932291157
71 19.94630842569417
72 19.337406785496377
73 20.560078760266176
74 18.492501533333108
75 19.248201201416688
76 16.75187259108632
77 18.650651864764203
78 20.632674528226655
79 20.567334560897102
80 19.07033541626345
81 18.859061029681566
82 19.171766801532527
83 19.09754823600113
84 18.62220314278314
85 19.492870214992937
86 19.15426310172181
87 21.584091653597564
88 19.796795650253333
89 19.71641418188144
90 17.95734078989108
91 16.35786665361975
92 18.825571166845265
93 17.06761889298144
94 19.7830800211451
95 18.113729909251976
96 21.032472310216804
97 19.685782048625658
98 17.00652987292692
99 18.603665048873967
100 18.329693873609344
101 20.097815492239736
102 17.35927243558148
103 16.550514947499156
104 19.516338326485496
105 17.580350660901313
106 19.622875439307002
107 21.02970354266385
108 21.388164919658234
109 18.820840766490182
110 19.077511300134496
111 19.935008623941645
112 19.282956225614427
113 16.726554326526568
114 18.378951724834486
115 15.992143369985083
116 16.547867373088707
117 15.377310590982457
118 18.30998248008221
119 22.04515410616077
120 19.512851671148518
121 18.98890312968832
122 23.644280671283752
123 21.25629343551744
124 21.00518000835581
125 22.213227705407718
126 18.41880370324123
127 19.194795327112338
128 16.275418496375124
129 17.092960348569132
130 20.783689080901436
131 14.027412763869076
132 16.960128630193214
133 21.520404817692345
134 17.970249562453244
135 22.212192929163223
136 20.7911161607586
137 18.90766852386382
138 19.259921227894186
139 17.791336523207132
140 21.446738718570195
141 16.0093682187031
142 13.346738207430253
143 19.413677564029744
144 19.987532796256577
145 16.201647599266504
146 19.779038796014024
147 22.001773697981402
148 16.844981524564446
149 17.3389355370813
150 20.253323677012645
151 18.520659269186883
152 17.47553739860995
153 20.014220124888645
154 16.016274952908127
155 19.860049123688004
156 18.355484848214314
157 21.253036138212234
158 14.001189856247484
159 17.027924356306922
160 15.246327000804596
161 14.49988786645274
162 17.382409291054348
163 13.566381040179841
164 13.646041105460675
165 14.913511985880465
166 12.158943849137168
167 13.718805836073438
168 13.832635092725553
169 14.611005050183966
170 15.371858993386862
171 16.265718220663693
172 17.39725765356818
173 15.956122013978218
174 21.65522916355215
175 15.36250163544321
176 13.799192301486794
177 13.826113149751736
178 13.258358456226457
179 14.491144536449568
180 12.17049176123901
181 12.071040064632081
182 10.512964096363364
183 14.798109445357385
184 12.42297061551141
185 15.130467735176554
186 11.930780999203796
187 13.143023273545115
188 13.729101254281652
189 15.603191123535074
190 15.741405104719997
191 17.013456508753272
192 16.75573931048455
193 15.80136790049873
194 15.502835495354065
195 21.28385215596511
196 16.774782628318633
197 15.586594118169383
198 14.675364438428534
199 15.832977979793922
200 15.588249450381786
201 14.18738065611766
202 16.742134477412574
203 14.461590075635435
204 17.73687578895533
205 19.87915744865304
206 18.921453793673173
207 18.283334498878585
208 15.565467900150749
209 18.37694646581809
210 15.374668485279441
211 14.675237236758173
212 14.373976220568974
213 12.85018204839779
214 15.306621901534202
215 14.198321998791064
216 13.98171970293584
217 15.717792517093095
218 17.280140325998406
219 15.027548737339622
220 15.19068873879307
221 12.997441566544545
222 16.071241801968995
223 17.265552704641898
224 22.121550739300968
225 21.309912047542177
226 16.904551000171164
227 18.44491370530562
228 15.876190442274742
229 10.61164071784225
230 16.996638823273784
231 15.204819203906238
232 16.68464458747747
233 14.109115991055644
234 14.507132111540551
235 16.46545270512882
236 16.7174538789457
237 16.20255971596202
238 15.711063192928222
239 10.107245933253159
240 18.230753344852257
241 16.12486309116744
242 13.307736754099011
243 14.05435506871522
244 13.425376583448623
245 18.26793031709022
246 14.2606494198403
247 19.241884454896727
248 18.85077090846721
249 12.661873833625286
250 11.147096778525492
251 11.1753849642551
252 13.498249786572472
253 12.883296365514333
254 12.167262101408863
255 9.803030899509514
256 8.674438520464161
257 8.654016070322525
258 13.176595884291066
259 10.004620161701958
260 8.76807199945969
261 10.422511859143896
262 10.616742758736809
263 11.946674893665392
264 14.102069651340246
265 10.569153484818345
266 10.49614395978932
267 16.223783824079607
268 20.463798125747225
269 15.787817027419097
270 17.755920222011092
271 15.17393165971686
272 21.546839473218487
273 22.288125295039567
274 15.707740584203872
275 18.07455907420594
276 16.709225914616127
277 16.527171867887507
278 13.392372845617437
279 16.788384988121855
280 19.496833511941016
281 16.633643472996923
282 17.434972531267135
283 21.516548321563636
284 19.942081128401227
285 22.698654255888822
286 19.08917163742478
287 21.597936637116113
288 13.154469865221897
289 17.63193229679908
290 15.228668634543915
291 14.294588667469103
292 15.09539220391883
293 15.041609031450582
294 17.713643032386248
295 14.598973204379313
296 16.427995787990465
297 14.636301677192618
298 17.793442664636554
299 17.02407105466929
300 12.74304680064661
301 16.593851970442905
302 16.184338674182907
303 17.30869089032535
304 14.423767592516036
305 15.103009836740926
306 14.833192875775074
307 19.234837673885707
308 17.027873956504507
309 15.698511875376047
310 15.435966474735539
311 15.827617579449441
312 16.539750406886732
313 15.670043443435338
314 12.535829804032737
315 11.559878021939737
316 14.359240699491949
317 16.45856881154024
318 11.139851713953242
319 13.042640954580781
320 13.616668944340752
321 18.321088784443276
322 20.622081759649102
323 16.48319783576071
324 15.409033021744508
325 14.357833899426538
326 17.11010431210669
327 19.4708166538604
328 17.722979108427058
329 22.718568415425008
330 13.366175647077558
331 15.077530193986307
332 19.03407614086427
333 14.980487417068353
334 19.22798012653185
335 19.145829312216037
336 15.963220004656339
337 16.686565689564038
338 20.159363975312026
339 16.349504088094328
340 13.43719040020239
341 17.373378356576463
342 12.701495548863821
343 16.117882564791458
344 12.608288935340562
345 14.14950230871417
346 16.088812004958978
347 17.952693551145043
348 18.660190651295782
349 16.26667800586919
350 17.472187832536374
351 17.30506398246559
352 14.314055176115746
353 14.003863716791408
354 17.976287384647303
355 16.40581421825415
356 17.418651108930877
357 14.98455006804341
358 15.378499047364969
359 14.683657176520855
360 11.27345440271515
361 11.617154392653
362 14.271420288569335
363 14.66361966055947
364 14.752667885883625
365 14.829684034744421
366 16.506597258864748
367 12.188628802947104
368 12.99200034421074
369 12.092337679976952
370 18.92624082050316
371 17.824929056320478
372 18.06821514076054
373 17.82600741332126
374 21.703000035043523
375 13.468631404445526
376 16.61764908089343
377 13.032841317723143
378 16.149163381991983
379 20.301841881677305
380 17.077587288877595
381 13.214018802508853
382 12.68609035433798
383 14.09167681768038
384 16.054107239510333
385 13.767814226055117
386 14.734506928944112
387 23.380382088748902
388 15.901401613048263
389 14.71494206789035
390 18.502021187611295
391 17.43720446465269
392 10.379398880081341
393 10.579909953521177
394 10.866646565671
395 13.040201617765765
396 15.219051043890543
397 11.85018971115941
398 16.049038342283048
399 15.272181052356236
400 14.034244421901157
401 13.467654409950192
402 14.51150112592638
403 17.655694186744586
404 18.428384848186077
405 17.726360439354202
406 16.922567053408905
407 18.616919071584658
408 13.490645510281361
409 20.101284508620495
410 19.240537429567038
411 18.305280701986845
412 20.203769703746616
413 20.45408517316992
414 17.47430098851134
415 16.339176116679823
416 20.173952154164716
417 19.900556521937812
418 22.079225799997168
419 22.842170090548233
420 20.444721566985436
421 18.713923242625494
422 17.55448282445165
423 23.3964158050926
424 17.612440981059564
425 21.74102618427763
426 23.106047141882627
427 18.434921495485963
428 21.273332973795757
429 19.350947685859605
430 21.042864482970046
431 21.68308741831763
432 21.456506120702475
433 21.987482674846298
434 22.37642795673525
435 21.102675203539576
436 21.708019710552758
437 20.445192471552676
438 20.915322837096955
439 20.274291279175802
440 18.30382003853287
441 21.77645633179331
442 21.3492146888226
443 25.652945173909668
444 23.914295291568255
445 23.566812988843914
446 22.07215429681198
447 21.92629307671211
448 22.17914400696972
449 21.738837113465323
450 21.83304724867875
451 22.892737282921022
452 22.17957298764096
453 18.223985170283505
454 21.628057244822934
455 19.28616967613924
456 19.60844581483451
457 19.94181411533692
458 21.008589630253272
459 20.92412452713687
460 21.25399514990264
461 22.916215644512175
462 21.091596002194148
463 20.11799731117727
464 20.79148263438815
465 18.896949614145267
466 21.176101405782752
467 22.768779566685392
468 20.771452154672584
469 22.332196299983725
470 20.768028771512416
471 21.16756790823586
472 22.99782617260481
473 18.991209200527813
474 21.645041889857374
475 22.025658858843023
476 19.629313606736734
477 20.140009561573024
478 20.272091617226973
479 20.16794222441174
480 22.62355359443863
481 22.305482132571036
482 23.460319015455827
483 19.975271477050768
484 21.21352179049208
485 23.328694743444053
486 21.240343566558114
487 20.744746563016015
488 21.650218115119163
489 21.21687688826697
490 20.617958897063307
491 21.664572696710685
492 22.17510151162248
493 22.086913686102882
494 19.397924691391065
495 22.52031427098036
496 21.897318575843013
497 18.85884320380374
498 21.45707628844777
499 18.945581956077806
500 20.17946907116069
501 15.81121932515857
502 19.960066361140285
503 21.17462226395822
504 22.049892957987808
505 18.04170196624617
506 16.77930872629353
507 15.549513077599658
508 16.165401737336893
509 18.789949624031102
510 15.656289717222545
511 18.802332663213065
512 21.39558690839698
513 21.097515227035814
514 14.630202574507127
515 14.99644073233606
516 15.308921386646887
517 16.43021842602939
518 15.601547286338278
519 14.640175882134582
