1 0.198152557015419 0.056135814636945724 0.056135810911655426
2 0.5822464227676392 0.12249526381492615 0.12249525636434555
3 0.6319214105606079 0.15694497525691986 0.15694497525691986
4 0.6698663830757141 0.19226354360580444 0.19226349890232086
5 0.7501680850982666 0.26323622465133667 0.26323625445365906
6 0.780382513999939 0.2844286859035492 0.2844286859035492
7 0.7686050534248352 0.2705184519290924 0.2705184519290924
8 0.7789714336395264 0.2649548351764679 0.2649548053741455
9 0.7684308290481567 0.26213526725769043 0.2621352970600128
10 0.8519870638847351 0.33378416299819946 0.33378416299819946
11 0.8442177772521973 0.32558688521385193 0.32558688521385193
12 0.8915097117424011 0.34273281693458557 0.34273281693458557
13 0.9035617113113403 0.320955365896225 0.3209554851055145
14 0.8810088038444519 0.33193066716194153 0.33193060755729675
15 1.1285808086395264 0.5243871808052063 0.5243874192237854
16 1.1877095699310303 0.5516624450683594 0.5516624450683594
17 1.1910299062728882 0.5188162326812744 0.5188162326812744
18 1.1914188861846924 0.510968804359436 0.510968804359436
19 1.1906789541244507 0.5480523109436035 0.5480523109436035
20 1.4156546592712402 0.8687647581100464 0.8687647581100464
21 1.6000069379806519 0.957533061504364 0.957533061504364
22 1.7143628597259521 1.0056705474853516 1.0056705474853516
23 1.789787769317627 1.0615465641021729 1.0615465641021729
24 1.8726471662521362 1.1432334184646606 1.1432334184646606
25 1.907852053642273 1.1033930778503418 1.1033929586410522
26 2.003467321395874 1.2620654106140137 1.2620652914047241
27 2.0039803981781006 1.2724316120147705 1.2724316120147705
28 2.10922908782959 1.2710472345352173 1.2710471153259277
29 2.0488457679748535 1.1677744388580322 1.1677744388580322
30 2.0104317665100098 1.1520153284072876 1.1520153284072876
31 2.025101661682129 1.1805977821350098 1.1805980205535889
32 2.0558087825775146 1.2613584995269775 1.2613582611083984
33 2.093742609024048 1.3060004711151123 1.306000828742981
34 2.141995668411255 1.3393769264221191 1.33937668800354
35 2.203791856765747 1.441911220550537 1.441911220550537
36 2.270249366760254 1.560312032699585 1.560312032699585
37 2.127863645553589 1.2836583852767944 1.2836583852767944
38 2.239677667617798 1.4119757413864136 1.4119757413864136
39 2.3645691871643066 1.5760563611984253 1.5760563611984253
40 2.3924102783203125 1.6105170249938965 1.6105170249938965
41 2.3546183109283447 1.6194616556167603 1.6194614171981812
42 2.2527759075164795 1.4130403995513916 1.4130403995513916
43 2.2518410682678223 1.4587618112564087 1.4587618112564087
44 2.294454574584961 1.507200002670288 1.5072001218795776
45 2.2064082622528076 1.4580674171447754 1.4580674171447754
46 2.2373664379119873 1.4140498638153076 1.4140498638153076
47 2.2385799884796143 1.4496186971664429 1.4496188163757324
48 2.135341167449951 1.2569074630737305 1.256907343864441
49 2.200227975845337 1.4090843200683594 1.4090843200683594
50 2.292022228240967 1.5122467279434204 1.5122467279434204
51 2.228109836578369 1.414591670036316 1.414591670036316
52 2.2896227836608887 1.4561946392059326 1.4561946392059326
53 2.247838258743286 1.4225049018859863 1.4225050210952759
54 2.262824535369873 1.44764244556427 1.44764244556427
55 2.2663497924804688 1.4064501523971558 1.4064501523971558
56 2.433718204498291 1.707248568534851 1.7072484493255615
57 2.380401372909546 1.6294084787368774 1.6294084787368774
58 2.336669921875 1.5210826396942139 1.5210825204849243
59 2.3628265857696533 1.570123314857483 1.570123314857483
60 2.2964751720428467 1.5274044275283813 1.5274044275283813
61 2.4295973777770996 1.6785486936569214 1.6785486936569214
62 2.3303184509277344 1.502791404724121 1.502791404724121
63 2.3108463287353516 1.484196424484253 1.484196662902832
64 2.2642977237701416 1.4599014520645142 1.4599013328552246
65 2.381721258163452 1.565883994102478 1.565883994102478
66 2.3070859909057617 1.467312216758728 1.4673123359680176
67 2.468956232070923 1.69143545627594 1.69143545627594
68 2.374749183654785 1.5732429027557373 1.5732429027557373
69 2.581997871398926 1.8363111019134521 1.8363111019134521
70 2.3900749683380127 1.5980387926101685 1.598039150238037
71 2.507958173751831 1.7602765560150146 1.760276436805725
72 2.405069351196289 1.630529761314392 1.6305298805236816
73 2.4058148860931396 1.6544592380523682 1.6544592380523682
74 2.338073492050171 1.5852503776550293 1.5852503776550293
75 2.478445529937744 1.6315264701843262 1.6315261125564575
76 2.4857699871063232 1.647847294807434 1.647847056388855
77 2.7196526527404785 1.8556042909622192 1.8556042909622192
78 2.6525418758392334 1.8118401765823364 1.811840295791626
79 2.6956734657287598 1.867214322090149 1.867214322090149
80 2.6587345600128174 1.8034921884536743 1.8034921884536743
81 2.6342036724090576 1.7546658515930176 1.754665732383728
82 2.631592035293579 1.7441904544830322 1.7441904544830322
83 2.6077914237976074 1.7505362033843994 1.7505362033843994
84 2.500314235687256 1.610849142074585 1.610849142074585
85 2.62985897064209 1.7907474040985107 1.790747880935669
86 2.517329216003418 1.6808671951293945 1.6808671951293945
87 2.4382786750793457 1.6053858995437622 1.6053857803344727
88 2.5350263118743896 1.6649566888809204 1.6649571657180786
89 2.6132214069366455 1.7860652208328247 1.7860654592514038
90 2.681151866912842 1.8178691864013672 1.8178691864013672
91 2.670276165008545 1.7754637002944946 1.7754637002944946
92 2.721297025680542 1.8753039836883545 1.8753039836883545
93 2.6968741416931152 1.8461188077926636 1.8461188077926636
94 2.620634078979492 1.8379318714141846 1.837931752204895
95 2.5361905097961426 1.7215306758880615 1.7215306758880615
96 2.503932476043701 1.697593092918396 1.6975929737091064
97 2.411630392074585 1.7114346027374268 1.7114343643188477
98 2.400679349899292 1.6721351146697998 1.6721351146697998
99 2.5680556297302246 1.7495107650756836 1.7495108842849731
100 2.717651844024658 1.8483306169509888 1.8483306169509888
101 2.6334750652313232 1.824235200881958 1.824235200881958
102 2.5495824813842773 1.7402414083480835 1.7402414083480835
103 2.624443292617798 1.807100534439087 1.807100772857666
104 2.6069138050079346 1.8581606149673462 1.8581608533859253
105 2.5766355991363525 1.7110819816589355 1.7110819816589355
106 2.67091965675354 1.8296583890914917 1.8296583890914917
107 2.6267237663269043 1.8686290979385376 1.8686290979385376
108 2.721186637878418 1.9003489017486572 1.9003489017486572
109 2.6364006996154785 1.6942781209945679 1.6942777633666992
110 2.600497245788574 1.752402901649475 1.752402901649475
111 2.6434247493743896 1.7800661325454712 1.7800661325454712
112 2.6609370708465576 1.80618155002594 1.80618155002594
113 2.4811272621154785 1.5830612182617188 1.5830612182617188
114 2.639636278152466 1.8347396850585938 1.8347394466400146
115 2.5963404178619385 1.7543151378631592 1.7543151378631592
116 2.5714540481567383 1.7535321712493896 1.7535319328308105
117 2.4891369342803955 1.6807079315185547 1.6807079315185547
118 2.473694086074829 1.6590945720672607 1.6590945720672607
119 2.5176172256469727 1.6921875476837158 1.6921874284744263
120 2.6004409790039063 1.8191395998001099 1.8191395998001099
121 2.466654062271118 1.7186429500579834 1.7186428308486938
122 2.478208065032959 1.7596544027328491 1.7596542835235596
123 2.4188597202301025 1.6039913892745972 1.6039913892745972
124 2.4164469242095947 1.5410441160202026 1.5410442352294922
125 2.563033103942871 1.783537745475769 1.783537745475769
126 2.4974887371063232 1.7181823253631592 1.7181823253631592
127 2.4797415733337402 1.6806485652923584 1.6806484460830688
128 2.5283429622650146 1.772304654121399 1.772304654121399
129 2.542468309402466 1.8121552467346191 1.81215500831604
130 2.522592782974243 1.7525895833969116 1.7525895833969116
131 2.620297908782959 1.8614885807037354 1.8614885807037354
132 2.6669061183929443 1.939292550086975 1.939292550086975
133 2.5431325435638428 1.7090383768081665 1.7090383768081665
134 2.595611810684204 1.6594762802124023 1.6594762802124023
135 2.524596691131592 1.6970258951187134 1.6970256567001343
136 2.6483840942382813 1.8680416345596313 1.8680416345596313
137 2.5668516159057617 1.7915217876434326 1.7915217876434326
138 2.6255393028259277 1.7413865327835083 1.7413865327835083
139 2.8373725414276123 1.933042049407959 1.933042049407959
140 2.6117749214172363 1.7892346382141113 1.7892346382141113
141 2.652914047241211 1.8023521900177002 1.8023521900177002
142 2.873229503631592 1.9889895915985107 1.9889895915985107
143 2.878387928009033 1.9498127698898315 1.9498127698898315
144 2.6857175827026367 1.831921100616455 1.831921100616455
145 2.8282058238983154 1.8918700218200684 1.891870141029358
146 2.7398338317871094 1.8215147256851196 1.8215148448944092
147 2.696025848388672 1.8498218059539795 1.8498218059539795
148 2.772298812866211 1.854204535484314 1.854204535484314
149 2.583991527557373 1.7933374643325806 1.7933375835418701
150 2.7178728580474854 1.834234356880188 1.834234356880188
151 2.6197509765625 1.8644572496414185 1.8644568920135498
152 2.530487298965454 1.745591402053833 1.7455915212631226
153 2.5165064334869385 1.7090721130371094 1.7090723514556885
154 2.5148274898529053 1.750551700592041 1.7505519390106201
155 2.6133317947387695 1.8581522703170776 1.8581522703170776
156 2.6143083572387695 1.8844889402389526 1.8844889402389526
157 2.5682263374328613 1.825536847114563 1.8255369663238525
158 2.514740467071533 1.7461340427398682 1.7461340427398682
159 2.5377914905548096 1.7762023210525513 1.7762023210525513
160 2.558648109436035 1.7334257364273071 1.733425498008728
161 2.5070366859436035 1.7265044450759888 1.7265044450759888
162 2.646432876586914 1.9192795753479004 1.9192792177200317
163 2.5663583278656006 1.7750208377838135 1.775020718574524
164 2.550983428955078 1.7220977544784546 1.7220977544784546
165 2.6780970096588135 1.8490303754806519 1.8490301370620728
166 2.650590658187866 1.8576856851577759 1.8576858043670654
167 2.7390542030334473 1.8717477321624756 1.8717477321624756
168 2.6904165744781494 1.8865138292312622 1.8865138292312622
169 2.532017230987549 1.6616907119750977 1.6616907119750977
170 2.6735968589782715 1.85210382938385 1.8521039485931396
171 2.621058702468872 1.8293399810791016 1.8293399810791016
172 2.6327829360961914 1.7777807712554932 1.7777807712554932
173 2.767099142074585 1.880373477935791 1.880373477935791
174 2.657392978668213 1.8821849822998047 1.8821849822998047
175 2.700981855392456 1.9136120080947876 1.9136117696762085
176 2.7236831188201904 1.919434666633606 1.919434666633606
177 2.5675177574157715 1.7899810075759888 1.7899812459945679
178 2.519648551940918 1.719342589378357 1.719342589378357
179 2.754927635192871 2.0251200199127197 2.0251200199127197
180 2.5768885612487793 1.8247318267822266 1.8247315883636475
181 2.576855421066284 1.8243120908737183 1.8243120908737183
182 2.6070139408111572 1.7653732299804688 1.7653732299804688
183 2.6726558208465576 1.8963321447372437 1.8963325023651123
184 2.5773251056671143 1.8337563276290894 1.833756685256958
185 2.4956588745117188 1.755242943763733 1.755242943763733
186 2.476428747177124 1.7154173851013184 1.7154173851013184
187 2.582728147506714 1.8623597621917725 1.8623597621917725
188 2.5870368480682373 1.8226500749588013 1.8226499557495117
189 2.5170013904571533 1.7775404453277588 1.7775404453277588
190 2.483815908432007 1.6532150506973267 1.6532150506973267
191 2.499545097351074 1.6685110330581665 1.6685110330581665
192 2.6105566024780273 1.827945351600647 1.827945351600647
193 2.623023509979248 1.7754770517349243 1.7754772901535034
194 2.517756223678589 1.6917085647583008 1.6917083263397217
195 2.684140920639038 1.9211652278900146 1.9211653470993042
196 2.4589943885803223 1.7000954151153564 1.7000956535339355
197 2.5132410526275635 1.769318699836731 1.769318699836731
198 2.6160240173339844 1.8168388605117798 1.8168388605117798
199 2.518404483795166 1.7389228343963623 1.7389228343963623
200 2.5432071685791016 1.742133617401123 1.742133617401123
201 2.4719502925872803 1.6997607946395874 1.6997607946395874
202 2.4475584030151367 1.6663572788238525 1.6663572788238525
203 2.5259976387023926 1.7314432859420776 1.7314432859420776
204 2.6349549293518066 1.8844895362854004 1.8844895362854004
205 2.3979673385620117 1.619337797164917 1.619337797164917
206 2.5009164810180664 1.7441442012786865 1.7441439628601074
207 2.6201725006103516 1.8336080312728882 1.8336080312728882
208 2.4993374347686768 1.7328083515167236 1.7328083515167236
209 2.4697582721710205 1.7080183029174805 1.7080183029174805
210 2.579049587249756 1.8148032426834106 1.8148037195205688
211 2.49788761138916 1.7254775762557983 1.7254775762557983
212 2.4495651721954346 1.6141043901443481 1.6141046285629272
213 2.5294058322906494 1.72508704662323 1.7250874042510986
214 2.5062687397003174 1.6963821649551392 1.6963822841644287
215 2.5139310359954834 1.7652349472045898 1.7652350664138794
216 2.5402276515960693 1.769598364830017 1.769598364830017
217 2.5389535427093506 1.720473051071167 1.720473051071167
218 2.5500125885009766 1.6791876554489136 1.6791877746582031
219 2.5747811794281006 1.763123631477356 1.763123631477356
220 2.643585443496704 1.8936654329299927 1.8936654329299927
221 2.529930830001831 1.7327768802642822 1.7327769994735718
222 2.5843992233276367 1.7245780229568481 1.7245780229568481
223 2.5184969902038574 1.615491509437561 1.6154913902282715
224 2.5925087928771973 1.8434115648269653 1.8434114456176758
225 2.4730188846588135 1.7466793060302734 1.7466793060302734
226 2.446033477783203 1.6835815906524658 1.6835814714431763
227 2.361595392227173 1.625076413154602 1.625076413154602
228 2.533118724822998 1.7753188610076904 1.7753188610076904
229 2.529797315597534 1.7272875308990479 1.7272872924804688
230 2.488129138946533 1.6945890188217163 1.6945888996124268
231 2.5683372020721436 1.7598528861999512 1.759852647781372
232 2.557539701461792 1.8185080289840698 1.8185079097747803
233 2.604971170425415 1.897273302078247 1.897273302078247
234 2.3961799144744873 1.660662055015564 1.660662055015564
235 2.403104543685913 1.6663761138916016 1.6663761138916016
236 2.3452296257019043 1.6029483079910278 1.6029483079910278
237 2.4445056915283203 1.7499594688415527 1.7499594688415527
238 2.5647056102752686 1.9118512868881226 1.9118512868881226
239 2.562617778778076 1.840501070022583 1.8405011892318726
240 2.652496099472046 1.9560984373092651 1.9560984373092651
241 2.5768754482269287 1.8052455186843872 1.8052455186843872
242 2.482555627822876 1.7108972072601318 1.7108972072601318
243 2.551431894302368 1.8159689903259277 1.8159689903259277
244 2.508754253387451 1.746121883392334 1.7461214065551758
245 2.60536789894104 1.8157072067260742 1.8157074451446533
246 2.4754178524017334 1.616310477256775 1.6163103580474854
247 2.705421209335327 1.900564432144165 1.900564193725586
248 2.7329955101013184 1.9860451221466064 1.9860451221466064
249 2.5955147743225098 1.8903207778930664 1.8903207778930664
250 2.5422213077545166 1.8111109733581543 1.8111108541488647
251 2.6587860584259033 1.848741054534912 1.848741054534912
252 2.642612934112549 1.8089920282363892 1.8089920282363892
253 2.774186849594116 1.89818274974823 1.89818274974823
254 2.699791193008423 1.7850406169891357 1.7850407361984253
255 2.710540771484375 1.8450390100479126 1.8450390100479126
256 2.774596691131592 1.8318381309509277 1.8318381309509277
257 2.7856836318969727 1.8553615808486938 1.855361819267273
258 2.5169873237609863 1.646956205368042 1.646956205368042
259 2.590306282043457 1.7462185621261597 1.7462184429168701
260 2.544126510620117 1.7137781381607056 1.713778018951416
261 2.491083860397339 1.640571117401123 1.640571117401123
262 2.527191400527954 1.6435929536819458 1.6435930728912354
263 2.61299729347229 1.8253543376922607 1.8253543376922607
264 2.5125725269317627 1.6572505235671997 1.6572505235671997
265 2.686661720275879 1.8459547758102417 1.8459547758102417
266 2.5821895599365234 1.698819637298584 1.6988195180892944
267 2.6407535076141357 1.7045996189117432 1.7045994997024536
268 2.4385275840759277 1.676215410232544 1.676215410232544
269 2.6616616249084473 1.7820552587509155 1.7820552587509155
270 2.5672802925109863 1.6795783042907715 1.679578185081482
271 2.5366897583007813 1.746320366859436 1.7463202476501465
272 2.4962103366851807 1.6313649415969849 1.6313647031784058
273 2.5442349910736084 1.7306816577911377 1.7306817770004272
274 2.635087251663208 1.733160138130188 1.7331600189208984
275 2.4985828399658203 1.5877463817596436 1.5877463817596436
276 2.5716116428375244 1.7484151124954224 1.7484149932861328
277 2.5860631465911865 1.7365078926086426 1.7365080118179321
278 2.7043235301971436 1.871436357498169 1.8714362382888794
279 2.7173237800598145 1.9116288423538208 1.9116288423538208
280 2.5218019485473633 1.7073111534118652 1.7073111534118652
281 2.616804361343384 1.7499713897705078 1.7499715089797974
282 2.5733048915863037 1.7600388526916504 1.7600388526916504
283 2.6244516372680664 1.7190200090408325 1.7190197706222534
284 2.695610284805298 1.8007456064224243 1.8007456064224243
285 2.703991651535034 1.7992126941680908 1.7992128133773804
286 2.6643316745758057 1.803776741027832 1.803776741027832
287 2.7279345989227295 1.9071834087371826 1.9071834087371826
288 2.6445930004119873 1.7278006076812744 1.727800726890564
289 2.629316568374634 1.7744877338409424 1.7744877338409424
290 2.654541015625 1.7927401065826416 1.792739987373352
291 2.773768901824951 1.924134612083435 1.9241347312927246
292 2.7622175216674805 1.8989064693450928 1.8989064693450928
293 2.687333106994629 1.8050217628479004 1.8050217628479004
294 2.6399223804473877 1.7897404432296753 1.7897404432296753
295 2.6824021339416504 1.8076114654541016 1.8076114654541016
296 2.6645681858062744 1.7974778413772583 1.7974776029586792
297 2.68664813041687 1.7965294122695923 1.7965291738510132
298 2.5324666500091553 1.7066749334335327 1.7066749334335327
299 2.555450677871704 1.6953439712524414 1.6953439712524414
300 2.714891195297241 1.9108930826187134 1.9108927249908447
301 2.6917426586151123 1.7838579416275024 1.7838579416275024
302 2.7219040393829346 1.8646410703659058 1.8646411895751953
303 2.7535932064056396 1.9577165842056274 1.9577165842056274
304 2.559180736541748 1.758935570716858 1.758935570716858
305 2.540506362915039 1.7557111978530884 1.7557111978530884
306 2.5799624919891357 1.8433033227920532 1.8433032035827637
307 2.5590250492095947 1.6142162084579468 1.6142162084579468
308 2.436732292175293 1.5769884586334229 1.5769884586334229
309 2.6310458183288574 1.7597455978393555 1.7597455978393555
310 2.64108943939209 1.8039559125900269 1.8039560317993164
311 2.523573637008667 1.6307181119918823 1.6307181119918823
312 2.667383909225464 1.7217131853103638 1.7217131853103638
313 2.662219762802124 1.8322399854660034 1.8322399854660034
314 2.5062899589538574 1.6278457641601563 1.6278457641601563
315 2.5433990955352783 1.650853157043457 1.650853157043457
316 2.6133313179016113 1.700731873512268 1.700731635093689
317 2.426584243774414 1.5548648834228516 1.5548648834228516
318 2.4871444702148438 1.6749531030654907 1.6749533414840698
319 2.599332571029663 1.752321720123291 1.752321720123291
320 2.525517702102661 1.629817247390747 1.629817247390747
321 2.549736261367798 1.758010745048523 1.758010745048523
322 2.6607468128204346 1.8745498657226563 1.8745498657226563
323 2.6142585277557373 1.752915620803833 1.7529159784317017
324 2.714797258377075 1.8650774955749512 1.8650777339935303
325 2.6236095428466797 1.7806360721588135 1.7806360721588135
326 2.5187883377075195 1.6489284038543701 1.6489284038543701
327 2.4927778244018555 1.5577622652053833 1.5577623844146729
328 2.5781426429748535 1.6509268283843994 1.6509268283843994
329 2.639270067214966 1.7772599458694458 1.7772600650787354
330 2.552239179611206 1.7020858526229858 1.7020858526229858
331 2.640197515487671 1.7872687578201294 1.7872687578201294
332 2.5609545707702637 1.677651286125183 1.677651286125183
333 2.5874500274658203 1.6786105632781982 1.6786105632781982
334 2.6140031814575195 1.6884621381759644 1.6884621381759644
335 2.5902509689331055 1.7699508666992188 1.7699508666992188
336 2.5717697143554688 1.7131056785583496 1.7131056785583496
337 2.6131467819213867 1.7106733322143555 1.7106733322143555
338 2.473229169845581 1.5111916065216064 1.5111916065216064
339 2.449942111968994 1.5255305767059326 1.5255305767059326
340 2.465043067932129 1.5824477672576904 1.5824477672576904
341 2.626213312149048 1.730843424797058 1.7308436632156372
342 2.6058976650238037 1.6832735538482666 1.6832735538482666
343 2.668734550476074 1.7880741357803345 1.7880741357803345
344 2.606492757797241 1.6730337142944336 1.673033595085144
345 2.638986110687256 1.772474765777588 1.7724745273590088
346 2.722088098526001 1.8660032749176025 1.866003155708313
347 2.7448723316192627 1.8621501922607422 1.8621501922607422
348 2.616469621658325 1.7079832553863525 1.7079832553863525
349 2.6156811714172363 1.7339080572128296 1.7339075803756714
350 2.682253122329712 1.772505760192871 1.772505760192871
351 2.7355010509490967 1.9047231674194336 1.9047231674194336
352 2.6622402667999268 1.8099650144577026 1.8099652528762817
353 2.730343818664551 1.8346941471099854 1.8346941471099854
354 2.8039913177490234 1.9201830625534058 1.9201829433441162
355 2.792729616165161 1.9127156734466553 1.9127155542373657
356 2.786454677581787 1.9657306671142578 1.965730905532837
357 2.713714599609375 1.851753830909729 1.8517539501190186
358 2.731912851333618 1.81739342212677 1.8173930644989014
359 2.710308074951172 1.817319393157959 1.817319393157959
360 2.6272706985473633 1.7415882349014282 1.7415887117385864
361 2.7290329933166504 1.841957688331604 1.8419570922851563
362 2.7845618724823 1.9574803113937378 1.9574803113937378
363 2.746976852416992 1.9226994514465332 1.9226994514465332
364 2.7479543685913086 1.9588403701782227 1.9588403701782227
365 2.6306915283203125 1.7595610618591309 1.7595610618591309
366 2.6302437782287598 1.7653803825378418 1.7653799057006836
367 2.64931058883667 1.829857349395752 1.829857349395752
368 2.776099920272827 1.9330222606658936 1.933022379875183
369 2.7429468631744385 1.9697953462600708 1.9697954654693604
370 2.7810261249542236 1.979212999343872 1.979212999343872
371 2.7597692012786865 1.980974555015564 1.980974555015564
372 2.6323161125183105 1.838925838470459 1.8389256000518799
373 2.6155126094818115 1.7958310842514038 1.7958312034606934
374 2.611267566680908 1.8306432962417603 1.8306432962417603
375 2.550290107727051 1.7909877300262451 1.7909878492355347
376 2.669579267501831 1.8937526941299438 1.8937526941299438
377 2.638659715652466 1.8777165412902832 1.8777165412902832
378 2.720351457595825 1.9511899948120117 1.9511899948120117
379 2.6678507328033447 1.858773946762085 1.858773946762085
380 2.688868522644043 1.8840802907943726 1.8840802907943726
381 2.785156011581421 2.0624332427978516 2.0624332427978516
382 2.7996890544891357 2.0564451217651367 2.056445360183716
383 2.829977035522461 2.0674540996551514 2.0674540996551514
384 2.682691812515259 1.9114327430725098 1.9114327430725098
385 2.8283705711364746 2.134490489959717 2.134490489959717
386 2.7121353149414063 1.926499366760254 1.926499605178833
387 2.791036367416382 2.057511329650879 2.057511329650879
388 2.808201551437378 2.060554027557373 2.060554027557373
389 2.729769706726074 1.9542882442474365 1.9542884826660156
390 2.707733392715454 1.9053555727005005 1.9053555727005005
391 2.8107025623321533 2.007539749145508 2.007539749145508
392 2.756758689880371 1.9564465284347534 1.9564465284347534
393 2.7998476028442383 1.9726026058197021 1.9726026058197021
394 2.931342840194702 2.1534485816955566 2.1534485816955566
395 2.8875339031219482 2.1633687019348145 2.1633687019348145
396 2.8595902919769287 2.0986733436584473 2.0986735820770264
397 2.933689594268799 2.232733726501465 2.232733964920044
398 2.7659854888916016 1.9796847105026245 1.9796847105026245
399 2.805863618850708 2.050987720489502 2.050987482070923
400 2.9113194942474365 2.1275112628936768 2.1275112628936768
401 3.019500732421875 2.2258901596069336 2.2258901596069336
402 2.9333369731903076 2.1203784942626953 2.1203784942626953
403 2.9115548133850098 2.12953519821167 2.12953519821167
404 2.8390414714813232 2.0175864696502686 2.0175864696502686
405 2.7707157135009766 1.9251455068588257 1.9251457452774048
406 2.7705700397491455 1.9666160345077515 1.9666160345077515
407 2.8088982105255127 2.017042636871338 2.017042636871338
408 2.7025516033172607 1.9477108716964722 1.9477108716964722
409 2.6715452671051025 1.8885533809661865 1.888553500175476
410 2.852447032928467 2.0116770267486572 2.011676549911499
411 2.86154842376709 2.0960869789123535 2.0960872173309326
412 3.0977015495300293 2.3555338382720947 2.3555335998535156
413 2.920220136642456 2.16755747795105 2.1675572395324707
414 2.856438398361206 2.103125810623169 2.103125810623169
415 2.8712921142578125 2.0792593955993652 2.0792596340179443
416 2.7619688510894775 2.005868434906006 2.005868434906006
417 2.899653673171997 2.1433420181274414 2.1433420181274414
418 2.9107367992401123 2.106330394744873 2.106330394744873
419 2.784494161605835 2.0042402744293213 2.0042402744293213
420 2.859862804412842 2.0491347312927246 2.0491347312927246
421 2.782522201538086 1.9554628133773804 1.9554628133773804
422 2.9085729122161865 2.057265520095825 2.057265520095825
423 2.9921815395355225 2.1665966510772705 2.1665966510772705
424 2.864171028137207 2.062126874923706 2.062126874923706
425 2.779218912124634 1.972838044166565 1.972838044166565
426 2.854290246963501 2.0744261741638184 2.0744259357452393
427 2.9353177547454834 2.1763195991516113 2.1763195991516113
428 2.927520275115967 2.1626100540161133 2.1626102924346924
429 2.923374652862549 2.1067678928375244 2.1067683696746826
430 2.827348232269287 1.921334981918335 1.921334981918335
431 2.9005343914031982 2.1034531593322754 2.1034533977508545
432 2.7433815002441406 1.8575679063796997 1.8575679063796997
433 2.8359036445617676 1.9952298402786255 1.9952298402786255
434 2.9178943634033203 2.1232430934906006 2.1232430934906006
435 2.871065378189087 2.108963966369629 2.108963966369629
436 2.7895290851593018 1.952542781829834 1.9525425434112549
437 2.909579038619995 2.1138250827789307 2.1138250827789307
438 3.026156425476074 2.287686586380005 2.287686586380005
439 2.9216103553771973 2.1645450592041016 2.1645450592041016
440 2.948392391204834 2.196476459503174 2.196476697921753
441 2.8246569633483887 1.9815127849578857 1.9815125465393066
442 2.835326671600342 2.0534815788269043 2.0534815788269043
443 2.827725887298584 2.0357799530029297 2.0357799530029297
444 2.820561170578003 2.018643617630005 2.018643617630005
445 2.8954660892486572 2.056629180908203 2.056628942489624
446 2.8443775177001953 2.071894645690918 2.0718941688537598
447 2.8461618423461914 2.0220069885253906 2.0220069885253906
448 2.856555700302124 2.012704849243164 2.012704849243164
449 2.8809919357299805 2.0560338497161865 2.0560338497161865
450 3.0228137969970703 2.241318941116333 2.241318941116333
451 2.9509239196777344 2.1113107204437256 2.1113109588623047
452 2.9989206790924072 2.1972217559814453 2.1972217559814453
453 2.954380989074707 2.1178128719329834 2.1178128719329834
454 2.8377177715301514 1.9689490795135498 1.9689490795135498
455 2.907482862472534 2.050323963165283 2.050323963165283
456 2.81780743598938 1.9929420948028564 1.9929420948028564
457 2.8103301525115967 1.9752568006515503 1.9752568006515503
458 2.7842648029327393 2.003171443939209 2.003171443939209
459 2.818182945251465 2.0446901321411133 2.0446901321411133
460 2.7845020294189453 2.021923542022705 2.021923542022705
461 2.8729100227355957 2.128347158432007 2.1283466815948486
462 2.8096745014190674 1.9773216247558594 1.9773216247558594
463 2.867241382598877 2.028029680252075 2.028029680252075
464 2.8135838508605957 2.024235963821411 2.024235963821411
465 2.8298468589782715 2.048032283782959 2.048032283782959
466 2.904524564743042 2.085623264312744 2.0856235027313232
467 2.944334030151367 2.166795015335083 2.166795492172241
468 2.8212945461273193 2.072690010070801 2.0726897716522217
469 2.841665267944336 2.080587863922119 2.080587863922119
470 2.839545249938965 2.0250515937805176 2.0250513553619385
471 2.8309695720672607 1.9672836065292358 1.9672836065292358
472 2.9448394775390625 2.075101852416992 2.075101852416992
473 2.985121965408325 2.1006064414978027 2.1006064414978027
474 2.861203670501709 2.098332643508911 2.098332166671753
475 2.8914408683776855 2.074983596801758 2.074983596801758
476 2.8933215141296387 2.124467611312866 2.124467611312866
477 3.044334888458252 2.299077272415161 2.299077272415161
478 2.965850353240967 2.1624646186828613 2.1624650955200195
479 3.0307369232177734 2.224510431289673 2.2245099544525146
480 2.9507052898406982 2.090205192565918 2.090205192565918
481 2.960111379623413 2.1287574768066406 2.1287574768066406
482 2.7643823623657227 1.9306658506393433 1.9306657314300537
483 2.6357152462005615 1.8494793176651 1.8494793176651
484 2.7167422771453857 1.8875412940979004 1.8875412940979004
485 2.927851915359497 2.154200315475464 2.154200315475464
486 2.702087879180908 1.8493648767471313 1.8493647575378418
487 2.817802906036377 2.007317543029785 2.007317066192627
488 2.9219048023223877 2.0836260318756104 2.0836260318756104
489 2.742586135864258 1.8872461318969727 1.8872461318969727
490 2.707706928253174 1.874651312828064 1.8746514320373535
491 2.7681593894958496 1.9359161853790283 1.9359161853790283
492 2.7647294998168945 1.9131044149398804 1.9131044149398804
493 2.783238172531128 1.9420653581619263 1.9420653581619263
494 2.8569955825805664 1.9316084384918213 1.9316086769104004
495 2.780696392059326 1.949859857559204 1.9498599767684937
496 2.7774932384490967 1.9293320178985596 1.9293320178985596
497 2.7212445735931396 1.9130898714065552 1.9130898714065552
498 2.7765653133392334 1.952538251876831 1.9525381326675415
499 2.7354793548583984 1.9308319091796875 1.9308319091796875
500 2.7775747776031494 1.9585760831832886 1.9585760831832886
