5 	 1.8444960117340088
6 	 1.2431405782699585
7 	 1.0423498153686523
8 	 1.3153976202011108
9 	 1.2436246871948242
10 	 1.244165301322937
11 	 0.7605472207069397
12 	 0.6953336000442505
13 	 0.5206487774848938
14 	 0.5084706544876099
15 	 0.4519225060939789
16 	 0.45637887716293335
17 	 0.4987642168998718
18 	 0.49741727113723755
19 	 0.6948084235191345
20 	 0.6804430484771729
21 	 0.6581711769104004
22 	 0.6216136813163757
23 	 0.717657744884491
24 	 0.69901442527771
25 	 0.7168282866477966
26 	 0.6282244920730591
27 	 0.6622542142868042
28 	 0.6944000124931335
29 	 0.6242557168006897
30 	 0.5822775959968567
31 	 0.7250379323959351
32 	 0.8336924910545349
33 	 0.7872405648231506
34 	 0.6277370452880859
35 	 0.6563339233398438
36 	 0.7841483354568481
37 	 0.7085727453231812
38 	 0.6012418866157532
39 	 0.7467265725135803
40 	 0.8764883875846863
41 	 0.7699381709098816
42 	 0.8495277762413025
43 	 0.6282691359519958
44 	 0.6386699676513672
45 	 0.6376368999481201
46 	 0.6064503192901611
47 	 0.6094911694526672
48 	 0.6461588144302368
49 	 0.7291067242622375
50 	 1.0188326835632324
51 	 1.1383622884750366
52 	 0.9106425642967224
53 	 0.9186310172080994
54 	 0.9414607882499695
55 	 0.9363709688186646
56 	 0.8407589793205261
57 	 0.7260096073150635
58 	 0.7318709492683411
59 	 0.7147303223609924
60 	 0.6485655903816223
61 	 0.7335478663444519
62 	 0.92149817943573
63 	 1.0998934507369995
64 	 0.9336812496185303
65 	 0.8810864686965942
66 	 0.985914409160614
67 	 0.9040923714637756
68 	 0.6931431293487549
69 	 0.6578256487846375
70 	 0.5148469805717468
71 	 0.4278186559677124
72 	 0.38816139101982117
73 	 0.3731330931186676
74 	 0.4106121361255646
75 	 0.3992171883583069
76 	 0.4478401839733124
77 	 0.43404915928840637
78 	 0.44396695494651794
79 	 0.39239850640296936
80 	 0.38605374097824097
81 	 0.3967558741569519
82 	 0.43965935707092285
83 	 0.4223518371582031
84 	 0.41608503460884094
85 	 0.4291697144508362
86 	 0.5007612705230713
87 	 0.5074424743652344
88 	 0.6049718260765076
89 	 0.7560200691223145
90 	 0.7475641965866089
91 	 0.9548229575157166
92 	 0.8806305527687073
93 	 0.7068709135055542
94 	 0.8338338732719421
95 	 0.8734613060951233
96 	 0.6894034743309021
97 	 0.6360966563224792
98 	 0.6663364768028259
99 	 0.5516655445098877
100 	 0.5084851384162903
101 	 0.4357956647872925
102 	 0.4379402995109558
103 	 0.47138774394989014
104 	 0.44310659170150757
105 	 0.5076321363449097
106 	 0.5285341143608093
107 	 0.5286847352981567
108 	 0.5532795786857605
109 	 0.6685875654220581
110 	 0.508149266242981
111 	 0.48395514488220215
112 	 0.4928893446922302
113 	 0.5335108637809753
114 	 0.5658066868782043
115 	 0.6076474785804749
116 	 0.6523450016975403
117 	 0.6657655239105225
118 	 0.7350736260414124
119 	 0.780648946762085
120 	 0.853670597076416
121 	 0.9777789115905762
122 	 0.9227761030197144
123 	 1.047788143157959
124 	 0.9504973292350769
125 	 0.9355012774467468
126 	 1.3085637092590332
127 	 0.8836818933486938
128 	 0.8329665064811707
129 	 0.7213314771652222
130 	 0.5710402727127075
131 	 0.5134904980659485
132 	 0.5603646636009216
133 	 0.5562915802001953
134 	 0.49355390667915344
135 	 0.4887727200984955
136 	 0.5690926313400269
137 	 0.6033720374107361
138 	 0.5848333835601807
139 	 0.641086995601654
140 	 0.7828909158706665
141 	 0.71923828125
142 	 1.1283482313156128
143 	 0.8253000974655151
144 	 0.6956653594970703
145 	 0.66838538646698
146 	 0.609285295009613
147 	 0.574738621711731
148 	 0.4913237988948822
149 	 0.43194615840911865
150 	 0.44227108359336853
151 	 0.4027452766895294
152 	 0.47418278455734253
153 	 0.534883975982666
154 	 0.6713607311248779
155 	 1.2326596975326538
156 	 1.9478412866592407
157 	 1.5319433212280273
158 	 0.7293280959129333
159 	 0.4892385005950928
160 	 0.4173140525817871
161 	 0.40814685821533203
162 	 0.41464734077453613
163 	 0.3924737274646759
164 	 0.4014545977115631
165 	 0.3647332489490509
166 	 0.38794630765914917
167 	 0.34926295280456543
168 	 0.4100358486175537
169 	 0.4595174491405487
170 	 0.5743610262870789
171 	 0.5383419394493103
172 	 0.5760523080825806
173 	 0.6074411869049072
174 	 0.5148634314537048
175 	 0.6034197211265564
176 	 0.653156578540802
177 	 0.5946196913719177
178 	 0.7139517664909363
179 	 0.9324558973312378
180 	 0.7724043130874634
181 	 0.8195330500602722
182 	 1.0948587656021118
183 	 1.5853440761566162
184 	 2.6406774520874023
185 	 1.862965703010559
186 	 0.9313382506370544
187 	 0.6327887177467346
188 	 0.6633277535438538
189 	 0.7320448756217957
190 	 0.7058122754096985
191 	 0.672875702381134
192 	 0.7176893949508667
193 	 0.8608351349830627
194 	 0.8943182826042175
195 	 0.8790318369865417
196 	 0.9033715128898621
197 	 0.9740883708000183
198 	 1.2111142873764038
199 	 1.3186124563217163
200 	 0.8609896898269653
201 	 0.665236234664917
202 	 0.4801972806453705
203 	 0.5239706635475159
204 	 0.49778518080711365
205 	 0.4698915481567383
206 	 0.39637911319732666
207 	 0.4022248387336731
208 	 0.42180055379867554
209 	 0.5054164528846741
210 	 0.6723849177360535
211 	 0.8193965554237366
212 	 1.4482805728912354
213 	 1.9012523889541626
214 	 2.2490084171295166
215 	 2.70613169670105
216 	 2.361896276473999
217 	 2.02302622795105
218 	 2.033480167388916
219 	 2.23598051071167
220 	 2.126461982727051
221 	 1.3949568271636963
222 	 2.088310956954956
223 	 2.0428051948547363
224 	 2.6050570011138916
225 	 2.536933183670044
226 	 1.7852795124053955
227 	 1.332340121269226
228 	 1.5028003454208374
229 	 1.2248305082321167
230 	 0.8246092796325684
231 	 0.6539683938026428
232 	 0.7624019980430603
233 	 0.6974650621414185
234 	 0.6593779921531677
235 	 0.7318008542060852
236 	 0.789590060710907
237 	 0.738297700881958
238 	 0.9019781351089478
239 	 0.817729115486145
240 	 0.8259465098381042
241 	 0.7669044137001038
242 	 0.903455376625061
243 	 1.0181130170822144
244 	 0.894686222076416
245 	 0.6079596877098083
246 	 0.5807693600654602
247 	 0.5896895527839661
248 	 0.6107985973358154
249 	 0.8262168765068054
250 	 0.7661263346672058
251 	 0.5985381603240967
252 	 0.5342376232147217
253 	 0.46051692962646484
254 	 0.42247048020362854
255 	 0.39639732241630554
256 	 0.37288999557495117
257 	 0.3961711525917053
258 	 0.4273792803287506
259 	 0.43730980157852173
260 	 0.4732626676559448
261 	 0.5991390347480774
262 	 0.7154076099395752
263 	 0.6115851402282715
264 	 0.7066417932510376
265 	 0.6153896450996399
266 	 0.6138512492179871
267 	 0.9161942005157471
268 	 0.7255702614784241
269 	 0.7492629885673523
270 	 0.9223328828811646
271 	 1.2162035703659058
272 	 1.910981297492981
273 	 2.757657766342163
274 	 3.338982582092285
275 	 3.424398183822632
276 	 3.047874689102173
277 	 2.803828239440918
278 	 2.8042759895324707
279 	 1.076262354850769
280 	 0.7368396520614624
281 	 0.5492197871208191
282 	 0.5151639580726624
283 	 0.4229840338230133
284 	 0.4177094101905823
285 	 0.43072086572647095
286 	 0.45749884843826294
287 	 0.5916092395782471
288 	 0.6140753030776978
289 	 0.8370652794837952
290 	 0.707352876663208
291 	 0.7895737290382385
292 	 0.7380062341690063
293 	 0.8540298342704773
294 	 0.8090389370918274
295 	 0.726060688495636
296 	 0.783989429473877
297 	 0.8154591917991638
298 	 0.7253309488296509
299 	 0.6996225714683533
300 	 0.791640043258667
301 	 0.8188779950141907
302 	 0.8334846496582031
303 	 1.228826880455017
304 	 1.877134084701538
305 	 1.7744710445404053
306 	 1.3118516206741333
307 	 1.4785493612289429
308 	 1.9269564151763916
309 	 1.6665159463882446
310 	 1.4968441724777222
311 	 1.5218451023101807
312 	 1.0934486389160156
313 	 1.087867259979248
314 	 0.6744707822799683
315 	 0.5421518087387085
316 	 0.5210168361663818
317 	 0.5152599811553955
318 	 0.5052746534347534
319 	 0.5006369352340698
320 	 0.48406779766082764
321 	 0.5394672751426697
322 	 0.4464239776134491
323 	 0.3769038915634155
324 	 0.3414026200771332
325 	 0.3439815938472748
326 	 0.4011741280555725
327 	 0.4668520390987396
328 	 0.607685387134552
329 	 1.091455101966858
330 	 1.0488005876541138
331 	 0.7447990775108337
332 	 0.6349667906761169
333 	 0.5474777817726135
334 	 0.4484194815158844
335 	 0.43152233958244324
336 	 0.37257567048072815
337 	 0.34681329131126404
338 	 0.380696564912796
339 	 0.4031105637550354
340 	 0.5083406567573547
341 	 0.5709154009819031
342 	 0.5717725157737732
343 	 0.5641589164733887
344 	 0.5486533045768738
345 	 0.4632539749145508
346 	 0.3942340612411499
347 	 0.3739631474018097
348 	 0.4457508623600006
349 	 0.45557329058647156
350 	 0.5180591940879822
351 	 0.5911845564842224
352 	 0.7712392210960388
353 	 0.7747973203659058
354 	 0.745193600654602
355 	 0.7689302563667297
356 	 0.5636541843414307
357 	 0.556887686252594
358 	 0.8910235166549683
359 	 1.180916666984558
360 	 1.8254913091659546
