0 11.643685272872725
1 11.69049755947757
2 12.04717373097133
3 11.531223239793611
4 11.287688053305729
5 11.40398290555511
6 11.92517978182708
7 12.41095245880739
8 11.329285842473752
9 11.842184883582327
10 12.436657282192305
11 12.197699913094795
12 13.459719931603273
13 11.497664723977712
14 12.125551056423115
15 12.625290258301966
16 12.236631373266007
17 11.612624304758318
18 12.784565328914882
19 12.144626812681329
20 12.94098243973486
21 12.011485294743249
22 9.935343770848752
23 12.173778320409177
24 12.177349429357713
25 11.853245240406642
26 14.217914842541457
27 11.877388993944088
28 11.584598250917363
29 11.84822783137935
30 10.647678672319678
31 11.021538811352494
32 12.146964888933871
33 11.600332909612243
34 11.257212869583343
35 13.356555054982234
36 10.836687368900254
37 13.460486309231854
38 12.317388631279796
39 12.028157961998433
40 12.248577814652622
41 12.516997321198374
42 10.821716751985807
43 12.278952440587034
44 13.984240719408016
45 12.951395485813629
46 12.528299707180965
47 13.063188546078152
48 12.816695833516984
49 11.52319767294891
50 12.919872797519178
51 10.910104944755396
52 12.911352580302342
53 13.43194987242639
54 12.20733957233632
55 11.72277031198079
56 12.672554330885163
57 13.272071241403596
58 12.771636809778977
59 12.985992898791022
60 13.24717177250941
61 13.914614226435962
62 13.702587876350686
63 13.95477772166397
64 13.374927219858792
65 14.77827584851184
66 14.423957070286647
67 12.139557675969764
68 13.644779968116529
69 13.65500955899166
70 14.049001525010437
71 13.835720705713227
72 14.3079948283766
73 14.41439163507905
74 11.888181521541943
75 14.379717421416133
76 13.274554149764066
77 14.350650863656162
78 13.737097859770087
79 13.912878794228325
80 13.142256976761052
81 12.991493896379318
82 14.152423316811333
83 13.598336990001757
84 13.47823594576938
85 12.910934991121138
86 10.413254105542759
87 13.42306498371929
88 8.675445832065765
89 12.571012151866432
90 11.567557345613606
91 10.132155757393496
92 10.205214144864941
93 11.002757822337568
94 13.20859941599505
95 10.361541160227404
96 12.320514249871033
97 10.199330162449751
98 10.025570187416708
99 13.80546263868044
100 15.147876116134466
101 13.261044808012642
102 13.399052501772049
103 10.671884473439375
104 10.418249760420506
105 12.37144316462391
106 12.657411248490519
107 12.626769995582812
108 11.839609379822196
109 10.682494455892712
110 13.688418704826212
111 12.04907900834783
112 13.479739673323582
113 13.539971267225742
114 13.335412192199449
115 11.013117859213914
116 9.38094108458515
117 10.525908442083868
118 12.236524661971421
119 12.436239251523052
120 12.243964647095808
121 10.75633882893416
122 12.379769455242204
123 12.712149543652577
124 12.066867990390039
125 12.18118951468267
126 11.550744394021875
127 13.047606439190192
128 12.971427134467765
129 13.298214653004946
130 14.785482722420303
131 14.469761064439064
132 12.820886508739612
133 12.19531426847021
134 13.056114195484934
135 15.224203089412377
136 12.364617040438228
137 13.229262125224075
138 12.767721267841228
139 13.16013455163747
140 13.592421127561366
141 13.205541084963919
142 13.181503141038627
143 14.341363028135326
144 14.160407996150278
145 14.945435434727504
146 15.100578422527814
147 14.35471369181832
148 12.626960860639032
149 13.582493952055334
150 13.762709142204928
151 13.233606415867746
152 13.320987074675022
153 12.961438234906204
154 12.357552965435938
155 12.02417203420471
156 13.516497665612068
157 14.971829305778165
158 14.21369719075525
159 16.14965355191171
160 15.419755993547469
161 15.100182999739431
162 15.351173035728902
163 15.408606166341933
164 14.504695808997074
165 15.57590987256507
166 15.757187731939707
167 15.457010085973991
168 15.391177167391902
169 15.220276501228009
170 14.35874196197217
171 14.95842558338359
172 14.568480052716241
173 15.244962370988379
174 15.218532191872296
175 15.427032971133563
176 13.494238731052816
177 14.663802466125338
178 15.02047503938973
179 14.418538251927933
180 13.553506740124996
181 15.436654082906369
182 14.900549334594665
183 14.876447520372148
184 15.332460052938737
185 13.765080813905342
186 13.92966177778323
187 14.827449157543313
188 14.721753592903143
189 15.554359603774168
190 14.684070445558927
191 13.02982817434136
192 14.25867987585852
193 14.820103217325151
194 11.84770748657426
195 15.19098500431555
196 15.0850454551052
197 13.719466915636378
198 14.019723478786041
199 13.56195941247109
200 14.105668558487109
201 14.061879971579918
202 12.095555353435898
203 13.251501667335436
204 13.986538323106815
205 14.938508934101092
206 14.040397858061253
207 11.682320944220264
208 13.496856854798672
209 14.350921584506883
210 13.49501794533445
211 14.133924438588245
212 12.713972876409503
213 12.517110847618557
214 14.067679716553114
215 13.165170213643824
216 11.922009823318445
217 14.368368292666792
218 12.80101756014795
219 14.286561889144295
220 13.355817555464688
221 13.502503603888952
222 13.416133723189924
223 13.986475384919599
224 13.026646435273278
225 12.319531443705598
226 12.496662906275924
227 13.58922450906433
228 10.83427997225035
229 14.428646628003962
230 13.294643111459717
231 13.730232386387836
232 13.300599447271411
233 14.485484980006596
234 15.004624113101977
235 13.529921191165828
236 12.536124304625327
237 15.203760928140689
238 15.491962864172038
239 13.320597552248946
240 16.246326537383755
241 14.501814695909166
242 14.85007409419724
243 11.86650385489094
244 13.862693164281705
245 15.036350683903692
246 13.88371943840853
247 14.04336608299005
248 15.652684618528824
249 15.748372581974548
250 14.987651449056825
251 14.460085664497322
252 15.93232093082078
253 15.460624475035239
254 15.862506390772577
255 14.393136518053991
256 14.081290661047742
257 14.55545262701305
258 14.623445178351634
259 15.293488141963772
260 13.823984314786893
261 14.217061910032688
262 12.16859544639184
263 14.587635923929916
264 14.79792629196474
265 14.102220341193464
266 14.026209679850494
267 13.903502224957151
268 12.102778670404065
269 11.103967916261373
270 14.414325031057516
271 13.947640445229364
272 12.47192581755952
273 15.513659473232673
274 13.623914594382057
275 14.078435723689596
276 14.575314161446318
277 15.853226519109729
278 14.037929838088063
279 12.716842330873542
280 12.141351224936344
281 15.288854398703887
282 15.025616677171048
283 14.865333448836427
284 15.86207681273957
285 14.763928763402978
286 12.77343726750888
287 13.301985031220514
288 14.203394916472952
289 12.334677014922914
290 12.53900788718887
291 12.229800490384713
292 12.653227446976206
293 13.571447959276044
294 13.841909391920684
295 15.505507537429407
296 15.217683618210241
297 15.14992145806991
298 16.102550028077275
299 14.842999904136326
300 14.192175318552767
301 14.272745871014653
302 15.030248422911972
303 14.662459147472914
304 14.223936807392837
305 14.33122709704033
306 15.262209267127938
307 14.458458623938565
308 15.482534453927952
309 15.441658569849928
310 15.62973137488879
311 14.237515689712241
312 13.276536997704275
313 15.819769498338347
314 13.318872692176289
315 14.310471045223935
316 13.768417354027902
317 13.72781673498775
318 14.68234066727945
319 14.699923726400163
320 13.997541375493165
321 15.020358677249689
322 15.392552912607892
323 14.106976450481955
324 14.35388594061394
325 14.253880275992351
326 15.461951958269259
327 14.852923975718067
328 15.390885561306128
329 13.831178989248427
330 14.267180968407287
331 15.080954512335957
332 13.37018202453155
333 15.490277506321796
334 13.633590541206155
335 14.201825924489954
336 15.040998007034432
337 14.007487528996279
338 14.821620216088752
339 13.801255162091932
340 13.802215710973867
341 15.117690933134282
342 13.542595262280669
343 14.090996893413514
344 12.96108968228564
345 15.359633636367278
346 14.356171357484095
347 15.573575018869652
348 13.77803293977548
349 13.601514826645916
350 14.21376706397219
351 12.728648193921062
352 15.248839289430776
353 13.483214384595065
354 13.840128802304937
355 14.11132903815502
356 14.953587758668903
357 13.496856366102396
358 13.867902180321543
359 13.980527463279644
360 14.554757265375127
361 13.072506876773371
362 13.969428987473933
363 14.146750028573372
364 14.68431222410455
365 13.98344995210682
366 14.571145505431776
367 14.362648857360137
368 15.070991280823742
369 16.12009333701345
370 14.066906448512496
371 14.03104422943824
372 15.660419147605918
373 12.674824665166048
374 13.798685840938022
375 14.220283875820673
376 14.749484027742792
377 15.528137440947852
378 15.357199444800534
379 13.989571174875469
380 14.965883290756892
381 15.272949902518032
382 14.925403731411327
383 16.146559307035695
384 15.212162736932536
385 14.388329960964386
386 15.245047217374957
387 15.083128055461698
388 15.158168621716309
389 14.67455687537935
390 14.92677727065517
391 15.594823015460799
392 15.065145653722462
393 16.010170063198114
394 15.154579786670817
395 13.687146197453115
396 14.461620442461593
397 13.786368339077523
398 13.809030932067383
399 15.019431509150511
400 16.207226443847688
401 15.427414278633195
402 14.521183393520605
403 15.529946768048752
404 13.814629607990064
405 13.282721885075478
406 14.891324973453075
407 14.883417414753715
408 15.006071086519478
409 15.040127659992294
410 13.258138288049048
411 13.463056716058636
412 13.89001956554953
413 15.170377095731356
414 14.458768264015845
415 14.231743603434804
416 14.82991792190773
417 13.418701500728
418 15.040282307940291
419 14.040241661412225
420 13.80646270169217
421 12.947695861519849
422 15.00657380755573
423 14.17960973239265
424 14.52967303462131
425 14.659666181936759
426 15.872663991207782
427 15.912103119960632
428 14.231910573101437
429 15.177823759778871
430 14.149132528278905
431 15.04744689515887
432 14.440395070500104
433 15.42565478208885
434 14.240814770586763
435 15.071869509290352
436 15.026612806472285
437 14.534651399569594
438 14.81914704361088
439 13.795982922117718
440 14.713202723707388
441 13.033180434445491
442 13.861285547593408
443 14.775139846698696
444 14.352288200579668
445 14.449039672155566
446 13.89904737113435
447 15.79053519485063
448 14.520258782060699
449 13.50146368949278
450 14.324189289235871
451 14.13791358557535
452 15.549147877829666
453 13.816724059090692
454 13.52956600552443
455 12.84498681263843
456 14.218988989810157
457 14.661045116664035
458 14.364952727957343
459 15.246469466983926
460 13.6774005695116
461 13.958851727586065
462 15.290059169819987
463 14.710572841485995
464 14.509351124545734
465 14.417075202498053
466 14.3267475170228
467 14.697220093457183
468 15.058953151985893
469 13.7533485250896
470 16.21276043689423
471 15.392626500027166
472 12.734103751329487
473 15.518344698603732
474 15.434191947651902
475 14.993992226543314
476 13.676139703491067
477 15.650425565254903
478 13.958952236061915
479 12.994091011583658
480 14.902219863136969
481 13.17173477929506
482 12.26306869006086
483 12.409530341954731
484 13.198563471158547
485 12.651305971749025
486 13.853894800733867
487 13.862660330200288
488 13.856552909945442
489 13.181696587533372
490 13.06471413327111
491 12.713395218398698
492 12.398071076515375
493 12.147626823923838
494 14.483953681765858
495 14.78673580084722
496 12.605697022988155
497 11.94883471873922
498 12.48915669408569
499 13.321882147936723
500 13.554653245570222
