0 9.735037731283612
1 9.861006084982801
2 9.700100896690428
3 10.106413945267272
4 9.462410763776605
5 10.731141913479071
6 10.176243482684223
7 9.733614873981532
8 9.792378207185932
9 10.69884128435719
10 11.365560291974534
11 10.186985093887465
12 9.984551293165122
13 10.165827200815988
14 9.770718562785278
15 9.500845055889426
16 9.465644286087658
17 8.31548110135652
18 8.405024358127422
19 9.343898824624022
20 9.549642722883648
21 8.771493303342558
22 9.715585572213604
23 8.817338677888046
24 8.620507097340486
25 8.91427542137582
26 9.469539166137622
27 8.133455409009128
28 9.806073059459717
29 9.935500319788355
30 12.600143556076375
31 12.88673026551548
32 12.492043873629752
33 10.853127289154505
34 11.749868751059124
35 12.334338498070915
36 12.543139179314373
37 10.733821574598558
38 10.452702185531878
39 10.841796130604639
40 10.008768475775794
41 9.489547337011848
42 12.657988685418463
43 10.830307857207401
44 12.384252629551263
45 12.39904255821334
46 12.198821010487539
47 12.12914472361928
48 12.376056227220687
49 11.90013337501964
50 12.493850321269935
51 12.817895078042666
52 12.395228211214288
53 12.40392692519803
54 12.695346704853812
55 12.454743150684553
56 12.20064742126995
57 12.40646751396587
58 13.600204362767755
59 12.985156424813844
60 12.63340024181789
61 12.364483449406304
62 12.907345604112413
63 11.520400210486144
64 12.800228010768453
65 11.702704235854922
66 12.430885345521014
67 12.672107928195446
68 12.797926519937244
69 12.606420550765131
70 12.852201648158498
71 11.483619901176574
72 12.122038819666495
73 12.620795750094643
74 12.769253594961977
75 12.591351211594803
76 12.32673244156585
77 12.684529611787672
78 12.35656271087194
79 11.655391755629257
80 11.045740610753363
81 12.553757317352591
82 12.780915811973253
83 11.490252599866475
84 12.35687039005578
85 12.481833898124224
86 12.785165173113898
87 12.561745531974942
88 11.746068173586092
89 13.223816553622985
90 12.670399439648365
91 12.178654638714496
92 12.69479767822445
93 11.930579121841625
94 13.053665543727496
95 12.74912138748251
96 12.320798007561944
97 13.004241864478342
98 12.274847064580793
99 12.408215742521417
100 12.42232013044969
101 12.319651575461796
102 12.30408074923984
103 12.24072619422571
104 11.589872271655485
105 11.625755168139317
106 10.738452936762416
107 11.848557064180357
108 10.72232913303683
109 11.880811209994476
110 14.009018630457938
111 11.996610707171076
112 11.342837664559243
113 11.681671695781498
114 12.855641264179551
115 12.849106901128078
116 12.619131430483181
117 10.879836067878275
118 11.121859081437659
119 10.830207941821921
120 10.396872403558403
121 11.296279340793017
122 10.467438145647282
123 11.068746231873087
124 10.626690054231727
125 9.983282227624787
126 8.97012302033121
127 10.776038725032786
128 10.373610802525866
129 10.754966072309179
130 11.059693531020628
131 9.765043157806668
132 10.786545387574174
133 10.724073307562412
134 10.52412426377643
135 10.622295564735122
136 10.91952097416747
137 11.084327035873487
138 11.44492710054808
139 9.907729341690445
140 9.946596850239496
141 9.410452769700916
142 9.996777859197488
143 9.554095666995995
144 9.673659462905015
145 9.285658299366467
146 10.124750168109362
147 9.560637293481106
148 10.057275233604557
149 9.324283794714058
150 9.174462368473964
151 9.276165039648394
152 9.885363761896185
153 10.49485671203239
154 10.270020737299685
155 10.167190539405643
156 10.888004223403295
157 9.797619806853787
158 9.05139814197881
159 9.568067328124018
160 9.432072830629252
161 9.11479318202476
162 10.159002031924773
163 8.471425240459174
164 9.005855648472167
165 8.851171445682953
166 8.680760806984065
167 8.964717011136303
168 8.838197090766991
169 9.51884568680577
170 9.572670702185386
171 8.94605185811016
172 9.428831811052595
173 9.191011162671122
174 9.04747838796807
175 8.469767891924198
176 9.02480752934855
177 9.261756735680377
178 9.663814275332886
179 9.484152133802821
180 8.757250693962332
181 8.920338568350008
182 9.081918966668834
183 9.197967720163991
184 9.002914154518354
185 9.782158194959635
186 9.23733875678122
187 9.329925113062682
188 9.564054818664596
189 9.047770645846304
190 8.824104920172989
191 9.668520143787203
192 9.182154517251792
193 9.180481651114528
194 9.560533826541311
195 10.468118833817512
196 10.580498299799082
197 9.412645247517803
198 9.704934292456223
199 10.367270629753117
200 10.956310000262595
201 10.986304200554045
202 12.545858774826218
203 10.84815649568089
204 9.934764718000363
205 10.362767360716926
206 12.73904172150541
207 12.290477788213671
208 11.68025471873881
209 11.8037350364881
210 12.152562474492457
211 11.985381211458522
212 12.960151833917404
213 11.810261360081817
214 12.400210310248777
215 11.513905625637486
216 12.681636521908091
217 12.870595165655986
218 12.144959540864956
219 12.671774056517195
220 12.956937298914115
221 11.704657920046483
222 9.840199943444018
223 12.839169923375168
224 12.420788372588358
225 11.776217753088337
226 11.320848320301486
227 12.403223120423016
228 11.443750051681493
229 10.844696807301053
230 11.247537976258426
231 10.388270951210732
232 10.524548800032901
233 11.429754750404436
234 11.0329146682266
235 10.311017291344296
236 9.580830908487144
237 9.808089070785757
238 9.433908582761775
239 8.996839413421503
240 8.973773593723195
241 9.58578447193285
242 9.34016776235773
243 9.272706165359262
244 9.214360126042132
245 9.110778627566466
246 9.049120525354548
247 8.996467744935485
248 8.945902178978061
249 9.38715312762626
250 10.37330922857198
251 9.341684128130348
252 8.752443108428055
253 9.287439463570953
254 9.423870935229404
255 9.158755079926777
256 9.044217365282135
257 9.680216195926178
258 9.304344601173423
259 8.966826605855
260 9.460817641281631
261 9.112554411309928
262 9.244990017110945
263 9.513627279294651
264 9.249351069515026
265 9.503632949801757
266 12.22795157844011
267 10.429048651749637
268 12.062017037057435
269 9.77246254361153
270 10.448321281411733
271 10.068317943921697
272 9.856475291216704
273 11.16519875174614
274 9.726790603008427
275 9.437719287541624
276 9.294851719452483
277 8.884345890759874
278 9.74885005431736
279 8.508951961366108
280 9.993744229178303
281 9.177039444294314
282 9.220362198458925
283 9.468195620376768
284 9.37654132657315
285 9.086400862694225
286 8.854005583858251
287 9.195816690566705
288 9.153667032305243
289 9.1291538583401
290 10.742902140856337
291 9.129655355266973
292 9.714415106464681
293 9.627748830346
294 8.824000778723128
295 9.66181077249747
296 10.676632792041184
297 12.039062330436172
298 10.434407765983682
299 11.717372652357572
300 8.95106866208662
301 9.108125873422177
302 9.355748583556098
303 9.439590771465497
304 8.663553054024968
305 9.175284932112802
306 8.788194618823283
307 9.585161128597829
308 9.404453477521873
309 9.47437230072531
310 9.25469530516672
311 8.83196051801673
312 8.956966285186287
313 9.35705202081451
314 8.955222025993015
315 9.422008068167623
316 9.338295201012631
317 9.50016871857331
318 9.897999618474392
319 9.36308031322771
320 9.667436206031624
321 8.92135976037439
322 9.186131021798046
323 9.39177976529332
324 10.112392042051574
325 9.96176574583753
326 9.471660964432292
327 9.53574590982714
328 9.313854680137045
329 9.376408981614194
330 9.059998356470995
331 9.720718780486466
332 10.402871479597744
333 12.174287417588966
334 11.571989218842063
335 11.274103071012782
336 11.843451108430248
337 11.493852150144326
338 11.675056689564586
339 11.730619768242045
340 13.67975009940268
341 10.389536786263534
342 11.713191977170473
343 11.566084644669399
344 11.512303636589891
345 11.063003001552847
346 11.647798694980569
347 8.549222908346342
348 9.055690673502566
349 9.077914619408553
350 9.885677243460236
351 11.225357146061235
352 9.25999079819981
353 9.327245042905009
354 9.314963793450357
355 9.175283108613998
356 8.89218157276672
357 9.051409208186566
358 9.135416808967793
359 9.540055959530516
360 9.631130171973954
361 9.567765608654522
362 9.25974568572408
363 10.704842515086428
364 9.918022372819884
365 9.509397490157003
366 9.495796326671831
367 9.320105653510714
368 9.430469957424167
369 9.405702869868112
370 10.482160172273083
371 9.61999064647038
372 10.500343869514527
373 11.466231668581901
374 10.83532577002285
375 12.186263771094058
376 10.58710896333753
377 10.88485733328021
378 11.075633046504969
379 11.039415980700703
380 10.34952226099682
381 10.316491837612704
382 9.273838253744092
383 11.358210933027577
384 10.753598613692095
385 9.45172854271566
386 10.757055847404287
387 10.212740564648639
388 9.127639110826197
389 9.04239729313708
390 10.456724008991007
391 10.467592101414379
392 9.716989689735719
393 9.694529829333618
394 9.789974453695589
395 10.343437192000094
396 10.772524627900596
397 9.599602760875541
398 10.137501436885989
399 10.813596266602138
400 10.10163539628745
401 8.848572494065381
402 9.017480686444987
403 9.329305920371167
404 10.21472296364215
405 11.057701033207719
406 10.506437267218912
407 10.196888120235826
408 10.109976980745508
409 10.90697144699169
410 10.367188766766196
411 9.968915399955547
412 9.521818179721658
413 9.616963642764693
414 10.741071244195181
415 10.154040573361007
416 10.131654697691575
417 10.829856303955868
418 10.900875626479825
419 10.761611043216321
420 10.268876639051813
421 10.425349447282716
422 10.31243648312662
423 10.680170347410034
424 10.836883364261402
425 10.927383201608194
426 10.211391613327743
427 10.336971448534385
428 9.371255524742656
429 10.570357930332515
430 10.783476418720188
431 9.690150677332026
432 9.951215014330415
433 9.984470859788496
434 10.085434271424958
435 11.287870669383437
436 10.175056927677721
437 10.788151227742862
438 10.387981088590418
439 10.627307696071663
440 10.444427864851933
441 10.706344320283568
442 11.071596733138422
443 10.934415565799634
444 10.917613929903906
445 11.012655099051383
446 9.624808315435295
447 11.18843485103029
448 10.631485151487858
449 11.173174918031874
450 11.066145625507504
451 11.346783501098646
452 10.443083473189457
453 10.897465644895727
454 11.254215759794612
455 10.37507427871398
456 10.50978023072217
457 10.885846573746305
458 10.55430243717755
459 10.098982521652319
460 11.496569558872745
461 11.16386367559955
462 10.7933063148969
463 10.59069376991268
464 11.026622881632589
465 10.809985139050765
466 10.885652298346713
467 11.045575980016954
468 9.782045332994047
469 9.975610337319482
470 9.724649829596098
471 11.06984490584335
472 12.670472524349407
473 10.817085349033286
474 9.78231712559588
475 9.609069843765104
476 9.9684205681836
477 10.003119769775083
478 9.536620650016939
479 10.67573175200585
480 12.42266346933421
481 12.088912257842804
482 12.208542948362945
483 12.579945184523245
484 12.63271756788674
485 12.10740596780037
486 9.996362464525564
487 12.24850372193884
488 11.979060941349001
489 12.48330561210433
490 12.929442358438227
491 12.057873037195804
492 11.824918186439916
493 12.391189722178675
494 12.064804635306217
495 11.31330376253535
496 12.563289513136224
497 12.42282420606368
498 12.495950090062829
499 11.733754854512423
500 12.73563156294274
