0 6.529795067862761
1 6.842193639150007
2 6.7002577115932205
3 6.850388874923335
4 6.663571483184792
5 6.937572926841391
6 6.934355001500859
7 6.746272564705448
8 6.7240200235880065
9 7.165193898014168
10 6.555273790957153
11 6.437443478572881
12 6.042792889981028
13 6.206038510430782
14 7.423192845297518
15 6.830982383153657
16 7.427720455120479
17 6.807464149902674
18 7.070659931627631
19 6.739925284402821
20 6.966173249957146
21 6.650345094103845
22 6.8147991156006285
23 6.112023549163697
24 6.128898110729818
25 6.510816408628672
26 6.260305650510824
27 7.107108912499276
28 6.590412172710795
29 5.308861352340443
30 6.2773924688688565
31 6.527753080967588
32 6.2515758042491525
33 5.680147659929113
34 6.414272226786967
35 6.33765939824182
36 6.676962046118787
37 6.101403576221147
38 5.566779126703039
39 6.445994971059054
40 6.406645976811488
41 6.709421798614252
42 6.670555265696303
43 6.301146335344191
44 6.782295171146782
45 7.124919886382207
46 6.787048058022998
47 5.691840018142114
48 7.409939131825472
49 5.902428624402057
50 6.391263577745795
51 5.723857420269522
52 4.6143080214025884
53 6.817046644945663
54 6.927266255748672
55 6.670626902251314
56 6.64724040532892
57 6.829175025626522
58 7.211056000927488
59 7.074691725005374
60 6.834264169019746
61 6.8775112718228435
62 7.357388189300892
63 6.896345692830518
64 6.488550461672347
65 6.39809885367962
66 6.415530268875548
67 6.8494056477592
68 7.194404755639358
69 6.9181453030444695
70 6.9491288869561565
71 7.207402966156363
72 6.655718703100217
73 6.5624067671488655
74 7.275958686512393
75 6.855223124322286
76 7.0491595139978225
77 6.866342729459656
78 6.834232065110108
79 6.938170447761488
80 6.738578232400489
81 6.186775084725805
82 6.652046779801835
83 5.641791652934173
84 7.019606608121364
85 6.002299592864991
86 5.930248914367036
87 7.193474668586529
88 6.125611458909098
89 6.562109925399622
90 7.057159093643264
91 6.322087999321719
92 6.239536631864834
93 6.361053876642545
94 6.819781789232269
95 7.189615705515019
96 6.209365061795134
97 7.017163475908566
98 6.5402150728011605
99 6.262596972739216
100 7.499871794377376
101 6.658564258735132
102 7.037280049997737
103 6.692778901110453
104 7.150961450885999
105 7.05083279266995
106 6.199247575923637
107 7.14382351872522
108 5.806575909641989
109 7.437419402764689
110 7.041400170293441
111 6.481118368718192
112 6.196482449121835
113 6.4026278080245
114 6.486923100367893
115 6.4682454028862315
116 6.086725165884247
117 6.343338399527108
118 5.940371110240536
119 5.924244348560323
120 6.01029496010489
121 6.528539674375835
122 5.770493659420773
123 6.101478731141164
124 5.89651147153494
125 5.393407093013385
126 5.565895622986439
127 5.781587859403628
128 6.0912956956235345
129 6.065011387493202
130 5.965720064670255
131 5.437937350593592
132 6.046324967571725
133 5.52854018431539
134 6.035181717170492
135 5.7773184984694925
136 6.006773086295382
137 5.884705025587306
138 6.493177913295414
139 6.8421501736661146
140 6.2653684295541785
141 6.969843034426529
142 5.0021220724434565
143 6.04179942869161
144 6.484111617652443
145 6.086075443276273
146 5.776649917128318
147 6.275802764615353
148 6.289477805209693
149 6.3874952286902404
150 6.41702340099275
151 6.536440893092612
152 5.431219551337829
153 6.018913751549006
154 6.785653914387479
155 6.507361439341379
156 6.053830822882679
157 5.890878707832464
158 5.936088377890815
159 5.958100345334578
160 5.33830966976692
161 5.677078586885089
162 5.747046552191884
163 6.154128570484162
164 5.602622536739334
165 5.612330487853796
166 5.7947596506291195
167 5.837715314952265
168 6.095809770968772
169 6.259513472405362
170 5.843081714678888
171 5.861698817447215
172 6.0401769116569755
173 5.960866227592253
174 5.485732347163704
175 5.7348688837711235
176 5.6766745826355915
177 5.841153245386069
178 5.881240821855191
179 6.164223406401694
180 6.227661432422774
181 5.416564064309069
182 6.234229921141085
183 5.741366882894707
184 5.465359162964967
185 5.860994993954518
186 5.993070941582088
187 5.581256096946928
188 5.2355186210538855
189 5.576100043156598
190 5.649774945280813
191 6.013608381873716
192 5.343399111077086
193 6.535600399267607
194 6.245287396039594
195 6.114186794600422
196 5.994299364573082
197 5.700235809303467
198 6.450460499422567
199 5.860491982977784
200 6.424101387965284
201 6.4134564635787354
202 6.073462115585481
203 6.067050820665743
204 5.409346317682356
205 5.663577589177498
206 6.982387263748848
207 6.705611832684571
208 6.734021378771991
209 6.518282399544009
210 6.413940310870303
211 6.58098990408496
212 7.2343361018169
213 6.5502339632170274
214 6.6003995589698645
215 6.188117147580073
216 7.154174302054626
217 7.2048661456981655
218 6.080925748900532
219 7.05690710027658
220 6.595846667209792
221 7.044023319789071
222 6.238957289783288
223 6.806783835935555
224 6.661307759352848
225 6.658609380307544
226 6.039342312149099
227 7.328210598730946
228 6.472433194596269
229 6.477037831494134
230 7.7349190147553
231 5.875298420913053
232 6.82917259909021
233 6.696864858008756
234 6.755007184240725
235 7.9703992941067305
236 6.015162671014539
237 6.211807153281622
238 5.731443148336542
239 5.771806820233328
240 5.83522054064351
241 5.9810986095946586
242 6.0680390514150755
243 5.515316961818862
244 6.334913954092027
245 5.976171084861139
246 5.6459538353698955
247 5.485723934663618
248 5.661582948950223
249 5.648325873579818
250 6.381856198285837
251 6.888245815432251
252 5.96128816618914
253 6.436160228406906
254 5.99478217638512
255 5.705098100712905
256 5.9467118407290185
257 6.01486964129626
258 6.160389672986049
259 5.735935822608774
260 6.197939607549366
261 6.000103846353553
262 6.534106554204719
263 6.020448637004346
264 6.720819336191065
265 6.050529177616998
266 6.944061963756815
267 7.322638092216819
268 6.440055886662575
269 6.5690334195716025
270 6.32589619192252
271 6.335115791400096
272 6.7129862052676605
273 6.931459138320115
274 5.992248943323928
275 5.973408970782756
276 6.013059527122925
277 5.850702407206177
278 6.3486074218499375
279 5.66606058188637
280 5.471008476900115
281 5.925983099235843
282 6.165210788916067
283 6.401708536410328
284 6.47676439193384
285 5.385715115200978
286 6.136112200681393
287 6.231304431049045
288 6.33719917769726
289 5.753640464841239
290 6.998164731444129
291 5.926500570881217
292 6.1562885474639835
293 6.324573281135242
294 5.843806868664732
295 6.086059506964781
296 7.416479928482876
297 6.785246824853703
298 6.7662775627679235
299 7.522237901031463
300 5.203027487087291
301 6.268362928318648
302 5.931062447829096
303 5.926879848365476
304 5.8710192129724454
305 5.571334256440272
306 5.922987798146929
307 6.05437505705778
308 6.203660857765995
309 6.443568566613184
310 5.867475804275974
311 5.753171412237021
312 5.974666199841121
313 6.321041465686747
314 6.040110600865564
315 5.991209148743474
316 6.609501330585053
317 6.0435555120293065
318 6.46944014771116
319 6.260955080496485
320 6.7126711333010975
321 5.763913429193345
322 6.006749405080556
323 5.8967289523728175
324 6.078014731529782
325 6.431560310337772
326 6.77090386483691
327 5.9626997490361475
328 5.95145465515986
329 6.303618154737941
330 6.061953157118643
331 6.211324143582278
332 5.459782164264333
333 5.426787870780617
334 5.333173707605097
335 4.975173001349977
336 5.096042675577036
337 5.788176243973153
338 4.780477955040715
339 5.8593991071509395
340 6.203467892300247
341 5.588263526951026
342 5.1350906471943665
343 5.656448318610316
344 5.7782405446373915
345 5.456827494257677
346 4.890859148409563
347 5.8954643063564
348 5.653381365110563
349 6.0081478574005205
350 6.464248052718767
351 7.940115912612564
352 5.670813569494441
353 5.424901564426075
354 6.225696485261804
355 5.844812614502964
356 6.2772741425716205
357 5.818229582462849
358 5.979458981980725
359 6.012728384431846
360 5.781867672048745
361 5.9801796518135975
362 5.987055097500093
363 6.2025421324590075
364 6.280708283100201
365 6.811230803680895
366 6.637896630167918
367 6.31622863368438
368 5.561946176024593
369 6.848067665451755
370 6.6180869512972365
371 6.448149635492943
372 5.99037537120339
373 5.842898702815548
374 7.096087298975214
375 7.016058527697016
376 6.572758803652334
377 6.526323898841586
378 5.975961703193904
379 6.073178499079649
380 6.176448576690816
381 6.161029076221486
382 5.813980020331035
383 6.279494138443499
384 5.927126603867865
385 6.017879035852102
386 5.85556319363341
387 6.104213419967681
388 6.210233871575848
389 5.690564678504677
390 6.945362852221783
391 6.635513674694883
392 6.009823591570174
393 5.960028708886489
394 5.92025921355895
395 5.845760318718262
396 5.962956511974008
397 7.487661816579469
398 6.487431322149494
399 5.829957060499414
400 5.922905178835459
401 5.61907157403061
402 6.1762714129025795
403 5.9411084744024745
404 6.597488878084158
405 6.407255859093176
406 5.398976822142793
407 5.486621036779651
408 6.793268712308603
409 6.18172553691836
410 6.947184182126005
411 5.252687188194968
412 5.958008923156187
413 5.757196943318483
414 5.8912713047430305
415 6.956774906557488
416 5.681381940846314
417 6.26046133800321
418 6.653212446408145
419 7.355387399630536
420 6.301113181550316
421 5.61118684057927
422 6.03239388858747
423 6.459139545891323
424 6.142074077797172
425 6.53882946177526
426 6.392789840522967
427 6.06698246755605
428 6.262942203852602
429 6.061729821264833
430 6.21760263021347
431 5.521281668705329
432 6.255356585661206
433 5.602483857381727
434 7.513802004705576
435 6.667562699816352
436 7.965435684461402
437 6.067725663929751
438 5.910034437304102
439 5.723056090689076
440 5.5820252303927544
441 6.055246938931785
442 6.045955844847091
443 6.4565923996865155
444 5.991050347209483
445 6.285358082660073
446 6.791619288709586
447 5.710624457758181
448 5.78468392854714
449 6.202420975786856
450 6.2891723357228235
451 6.082967625275158
452 5.705899506059413
453 6.441154614147628
454 6.241558005591826
455 7.023910077155447
456 5.791694608172216
457 6.1410866086663205
458 5.766429149602641
459 5.871735181133124
460 6.451986559500492
461 6.345902130609405
462 6.315498919827399
463 6.050871297160772
464 6.569847901250517
465 6.931758250927567
466 5.950188807391343
467 6.422225410721295
468 5.675080786114569
469 6.27200729765813
470 6.057687555548892
471 6.236162980797749
472 6.907592443261725
473 6.123165838111099
474 6.564123919375481
475 6.244517520330912
476 7.068191255480577
477 6.880994940307824
478 5.923492604132297
479 7.012393623942042
480 6.8682927410788075
481 6.908509102764219
482 6.905230339694114
483 7.033720615285056
484 6.581701206657816
485 6.762956010757694
486 6.441897225106603
487 7.063313034631415
488 6.372270975625153
489 7.052747763135681
490 6.984231277053554
491 6.360806706934949
492 6.558642343749441
493 6.522866201328068
494 6.603088131732296
495 6.763566171202587
496 7.21048159545109
497 6.9840856854849545
498 7.488637123380596
499 6.446203477640603
500 7.165546290231571
