0 2.540763366554317
1 2.568856180946306
2 2.605925824502633
3 2.6394983055613483
4 2.66128947883455
5 2.556372422128402
6 2.5074971812651126
7 2.6840866407963744
8 2.6887357069370847
9 2.7516658884873695
10 2.563789263742396
11 2.830751138973182
12 2.7366420444876427
13 2.694737610606735
14 2.5854346052658532
15 2.726254157850264
16 2.6150316381055996
17 2.5650361280963723
18 2.7046052673575067
19 2.6259497399363894
20 2.7553643548361846
21 2.5628916653053877
22 2.6499598764950862
23 2.61820647697385
24 2.5714749601827953
25 2.5884939313192117
26 2.686763538181053
27 2.6607139879238235
28 2.5481895073597878
29 2.7350298327440234
30 2.57971337028592
31 2.7554379758564265
32 3.768206822572004
33 2.5841667695716253
34 2.6708157601602505
35 2.7349745480613157
36 3.002178027748228
37 2.7214817090196095
38 2.6368170048384174
39 2.784778008573973
40 2.618802537560034
41 2.7595099372916643
42 2.623781383646645
43 2.6811095728524528
44 2.537824609540815
45 2.7804248922583983
46 2.6287121209135527
47 2.7708960633646487
48 2.646968499042665
49 2.679391759482078
50 2.655239195957331
51 2.6372103196274717
52 2.6691565094815903
53 2.6378715657654395
54 2.733517303441785
55 2.5187776018088033
56 2.6071262910616273
57 2.5517079076656892
58 2.59781055178123
59 2.767364347003828
60 2.8845233131950314
61 2.5539122561957823
62 2.8374596977334003
63 2.826265584149045
64 2.718093833949155
65 2.780536740370373
66 2.673604228358351
67 2.624925127499714
68 2.5424244633581354
69 2.636872667909089
70 2.8097019502985336
71 2.583572343780378
72 2.6429615277100362
73 2.7417602040941236
74 2.5408545319563998
75 2.834635458417223
76 2.6680380326688407
77 2.778289506155822
78 2.6409376855577493
79 2.7890001100479114
80 2.6407689877149965
81 2.6590464138056262
82 2.7669685250169755
83 2.6936120219922106
84 2.794445648827886
85 2.7215240588278884
86 2.7204305768179
87 2.7781071119938985
88 2.996780282185973
89 2.647492893776405
90 2.578814760572628
91 2.6184777580039578
92 2.897853978777694
93 2.6496608444733125
94 2.747334488586794
95 2.7719202524013276
96 2.5027152219220437
97 2.8824364647803247
98 2.5858536364721387
99 2.622721285263687
100 2.5895116162142813
101 2.619024158804558
102 2.8399741766409847
103 2.613039994668869
104 2.6759853466978716
105 2.5379106292725746
106 2.6115599051837073
107 2.652596175371775
108 2.674911996993528
109 2.701753615379037
110 2.583455440403491
111 2.6755021253985993
112 2.557428762355547
113 2.5715059905407536
114 2.686527958769719
115 2.54497914801932
116 2.7704823847650477
117 2.588754509178298
118 2.6877652533300282
119 2.633321321535825
120 2.7065228320179293
121 2.578191943875108
122 2.7717822436607586
123 2.5685218489891546
124 2.8139558411514862
125 2.618346598255536
126 2.5070401319578894
127 2.7252990245261097
128 2.7426727437211293
129 2.5850908514936237
130 2.598861131367935
131 2.694348910604898
132 2.694751775140259
133 2.6619240885131092
134 2.6588473276801308
135 2.61542732134391
136 2.6775895838884862
137 2.576277477695786
138 2.6695276481499786
139 2.5318904491257834
140 2.707809043642663
141 2.6643212073351843
142 2.7619013554310334
143 2.7757946689959576
144 2.6732147681494256
145 2.6122864282802136
146 2.6160003517690535
147 2.58867161286067
148 2.6143858959132915
149 2.694853632656533
150 2.6553519284497114
151 2.624389798637097
152 2.556584453314289
153 2.7242122450031574
154 2.6187290884417465
155 2.6897734629178816
156 2.7702857140192627
157 2.680977528165373
158 2.7824869449275247
159 2.6592154401746013
160 2.634690544915614
161 2.5578999899801937
162 2.6668917828014616
163 2.5788852361266605
164 2.637425950865965
165 2.5205357024922064
166 2.70327753640707
167 2.7042368263378473
168 2.6509408335805764
169 2.562255361154068
170 2.717922266903614
171 2.8144927761175453
172 2.7091314030336977
173 2.7449220582040716
174 2.6942239446151457
175 2.6159938114132864
176 2.6912647973381305
177 2.6681427463219154
178 2.6000974341468823
179 2.677629624170665
180 2.5326429702073314
181 2.6979972337385365
182 2.58951839243871
183 2.747338109344443
184 2.585365696669897
185 2.831586816995527
186 2.650307294370033
187 2.693209008129661
188 2.8427627515264455
189 2.697160580438578
190 2.6782350778870256
191 2.689604426710924
192 2.7492110929981486
193 2.6582368695093375
194 2.7200183745777817
195 2.61139410079709
196 2.6320700900979244
197 2.621205462884101
198 2.6519773829223325
199 2.693396762813419
200 2.880148572532468
201 2.612876015538437
202 5.393956476395626
203 2.854473347665713
204 2.6279625478477477
205 2.7219703320940134
206 2.69913862899395
207 2.772464808874024
208 2.835697406676434
209 2.7326352512118506
210 2.6160905605811386
211 2.5550471060115587
212 2.485243554885702
213 2.806320183451597
214 2.736433194806661
215 2.766078730181443
216 2.6818449704528016
217 2.5486584344107466
218 2.7192613912982075
219 2.5752871773909907
220 2.629111143206745
221 2.6427791804639527
222 2.585207609495659
223 2.793993988517907
224 2.944268846333778
225 2.8671266392414156
226 2.740007228147313
227 2.710856338559046
228 2.6182654834673134
229 2.58323592936155
230 2.663916080282661
231 2.7626219696439493
232 2.6879815711813246
233 2.8055945461993983
234 2.6504275850226278
235 2.856514677555762
236 2.699779068074608
237 2.615455146276405
238 2.741805152842472
239 2.6743614767746644
240 2.664146003392408
241 2.759257453350063
242 2.643392118397309
243 2.655806240568584
244 2.6515099700941076
245 2.6491487245714787
246 2.6641518978248024
247 2.569912530731995
248 2.6306561769608017
249 2.706424419925792
250 2.6099319741843003
251 2.6078569148403457
252 2.6303202555687846
253 2.5730027715814394
254 2.562285603094407
255 2.699909139574712
256 2.5063604905139476
257 2.692277670466124
258 2.547315561210357
259 2.5649293325422517
260 2.7348074917020226
261 2.6897772942053
262 2.6438035341473607
263 2.78220999769959
264 2.595603662869355
265 2.650645878873173
266 2.612833164923976
267 2.6294498303093934
268 2.6117000921227924
269 2.693322298564838
270 2.5134891698642785
271 2.672411395596351
272 2.6651113319471422
273 2.635699716689714
274 2.6698427864962113
275 2.713933002801287
276 2.5691932761116454
277 2.70849660961703
278 2.6418839732533663
279 2.5841648094603578
280 2.6532469767299167
281 2.586485428062259
282 2.563461205238509
283 2.7927946457405337
284 2.6609753862103265
285 2.542841213834873
286 2.6176782118421835
287 2.619130843159923
288 2.6948061651850157
289 2.7918376969500267
290 2.5596500599965286
291 2.6588256147139693
292 2.644620316619958
293 2.491710018035515
294 2.6712671003260358
295 2.704304345738456
296 2.4875507500583396
297 2.6541901544375084
298 2.604461275029637
299 2.7253540220457864
300 2.6479919901667857
301 2.5873667093773998
302 2.6402034726010566
303 2.6953179008529764
304 2.712535520465788
305 2.6165459048408244
306 2.626464427435098
307 2.5626439410211144
308 2.649882749578349
309 2.686516680183869
310 2.71946012841576
311 2.7106695474944926
312 2.7426167097040612
313 2.6510136782746447
314 2.560965525253675
315 2.5123943961269775
316 2.546277576926879
317 2.6282052450819418
318 2.611596947378494
319 2.5407144833119806
320 2.734765573704233
321 2.7807965450523078
322 2.632034520863694
323 2.6980904366192893
324 2.7072581200152848
325 2.6495748545929727
326 2.6688719396022265
327 2.5791324532357454
328 2.7578238187082307
329 2.5740854041215786
330 2.644797361946532
331 2.637492613364016
332 2.628270850856926
333 2.6263015476564493
334 2.625463579401186
335 2.733624274258569
336 2.576007186853136
337 2.7036396173965898
338 2.6376666000107987
339 2.5716179321340453
340 2.6178287132167997
341 2.646199428176507
342 2.6438227205456655
343 2.5502086126941483
344 2.569728244193813
345 2.6702301255496135
346 2.54425992866161
347 2.4791268648512026
348 2.617419070543585
349 2.6399947215695865
350 2.6871910393433205
351 2.68886804573148
352 2.6273351101359537
353 2.5347000169590364
354 2.643207439905726
355 2.6434100892876016
356 2.5349231772512817
357 2.830501961173351
358 2.6445378699701836
359 2.563236331244006
360 2.665757037383111
361 2.6721412137005336
362 2.581467643561911
363 3.076097739627145
364 2.7292152732720765
365 2.646116994189447
366 2.648497405927699
367 2.6245078323899995
368 2.6542233504806565
369 2.621070273687418
370 2.60817746055538
371 2.802462319140163
372 2.5503014435573736
373 2.5980655424761987
374 2.5950164732421346
375 2.6021048615682476
376 2.5767817122371413
377 2.6509392497591486
378 2.6372211649824973
379 2.604372421610768
380 2.6297328364056867
381 2.560326362894081
382 2.6849631978136936
383 2.836261455519067
384 2.557090596780732
385 2.8554873927352826
386 2.7377221703383507
387 2.7931710554983655
388 2.584429227490748
389 2.609186921019568
390 2.6169117071167602
391 2.7201717742472886
392 2.7888882125578665
393 2.7463170422400784
394 2.672199744225838
395 2.60990418820283
396 2.688384217232907
397 2.5498336398547004
398 2.775625114588689
399 2.659666208405146
400 2.6918260379804426
401 2.5527365631952943
402 2.6109749000233413
403 2.6160480172111393
404 2.6445018976545924
405 2.63005519443111
406 2.6548142757332944
407 2.7122396031282228
408 2.904063451913667
409 2.5914517761359734
410 2.6909135189993134
411 2.7564059702891237
412 2.568523148045944
413 2.7480195015068385
414 2.656931549570448
415 2.693075841485896
416 2.629271992566111
417 2.629842021422391
418 2.6656180033953176
419 2.5422290641799057
420 2.663307779131381
421 2.5901816884619335
422 2.605201858430334
423 2.688950567293658
424 2.531342252832184
425 2.6314736907681615
426 2.5710154703599724
427 2.6744565168755363
428 2.5634004139007223
429 2.699890634018539
430 2.592213900649235
431 2.768011063899846
432 2.6488181391074104
433 2.6292817526769867
434 2.6754574979463652
435 2.7424942758593756
436 2.772098597766884
437 2.7076952978577045
438 2.7150800402354753
439 2.732618543308152
440 2.7223116089632415
441 2.5998584474964748
442 2.6462229137869446
443 2.7656757758757182
444 2.780567541964327
445 2.5831354918681497
446 2.6104183824709173
447 2.5491024986101793
448 2.6733644399488874
449 2.775928433589373
450 2.684059289974346
451 2.742533784330248
452 2.6236118289235053
453 2.6172245523578725
454 2.6175089148631114
455 2.589527917147782
456 2.6215642676833775
457 2.666779066987385
458 2.715891641271291
459 2.5938502130726615
460 2.6864882467367033
461 2.6293421891222923
462 2.665879703710198
463 2.561172064189736
464 2.576184911453956
465 2.723596529417838
466 2.6078852074144536
467 2.734476001936826
468 2.6507634682629524
469 2.6794791869416343
470 2.653570232798468
471 2.720967955534732
472 2.64975578723836
473 2.655827280052797
474 2.6655208406369213
475 2.655252486234004
476 2.602241844341916
477 2.6781806860011743
478 2.6231385145531187
479 2.549454016740052
480 2.703686174064672
481 2.6633180541385473
482 2.770086868301972
483 2.7677824129109005
484 2.8236816000472436
485 2.6813469797113703
486 2.5717917469211318
487 2.7116349166271636
488 2.6937944730155174
489 2.68109380691934
490 2.7221901918563454
491 2.587225953550582
492 2.7757586869182833
493 2.714019839625798
494 2.4942281999837297
495 2.947843837105271
496 2.7346453011827867
497 2.6543040196750747
498 2.679396569950126
499 2.5549279637886655
500 2.6310819875351434
