0 3.1414109672632424
1 2.85599984950679
2 2.823525282752114
3 3.007920972378027
4 2.6158664974272208
5 2.72743769297574
6 2.506285266086013
7 2.6553936297325826
8 2.5996821660728613
9 2.7483221656501824
10 2.615363749459949
11 2.654990952615664
12 2.651877247521854
13 2.597552549103063
14 2.7071029937331264
15 2.600571985751697
16 2.642477139939209
17 2.56081529834853
18 2.4916064972175085
19 2.612377084930407
20 2.492105702426439
21 2.610881836255661
22 2.6276287884215654
23 2.6901644045885678
24 2.6228933975093636
25 2.737039902634589
26 2.6159722868582347
27 2.897719093376447
28 2.5452905956574225
29 2.7164987549065662
30 2.6498863903278362
31 2.612643485918998
32 2.7406813423472522
33 2.5603790950703598
34 2.6515719620415923
35 2.627704310639399
36 2.6351732291544048
37 2.7657015372189893
38 2.5306003473279537
39 2.7027553512585802
40 2.5283773047503586
41 2.959847236378867
42 2.64966612972512
43 2.7603098589817154
44 2.520809322362924
45 2.5828049954547807
46 2.769205584746452
47 2.662463107850364
48 2.579061821509424
49 2.574236532956646
50 2.6303712782319084
51 2.6401082284416
52 2.842473817641716
53 2.7532945238017335
54 2.7236074940700834
55 2.525326106138218
56 2.677929837271718
57 2.6404341830974265
58 2.7723990054408656
59 2.7011484292362735
60 2.7869816433239323
61 2.587881737698846
62 2.651069390079428
63 2.59398172563499
64 2.5544751983401555
65 2.595518255739901
66 2.6812745863044247
67 2.6449788045689195
68 2.5046173428991154
69 2.629020757773778
70 2.65538186207217
71 2.596522299342396
72 2.5801746566410144
73 2.628399658546168
74 2.646457567236907
75 2.735581488073076
76 2.6268883335652315
77 2.603584051785602
78 2.6057074019589472
79 2.565806962750209
80 2.752320956455579
81 2.621528830925781
82 2.7545202985731208
83 2.744118044622227
84 2.588518534461121
85 2.6558254527079717
86 2.648875398162384
87 2.673607623501249
88 2.475641207290411
89 2.6622631870814106
90 2.6177101780983505
91 2.5002288020165757
92 2.5998011502079774
93 2.576211707471911
94 2.646160006548158
95 2.630600954728769
96 2.5950887266714613
97 2.663866903759879
98 2.640441201190748
99 2.6277097261525904
100 2.528262823883098
101 2.5144911157328957
102 2.5818409191231613
103 2.5068193534843766
104 2.5424675561637624
105 2.588262574343377
106 2.648849851192959
107 2.676202229718579
108 2.533050065535066
109 2.5433373050611254
110 2.5776866011595128
111 2.6968261926354993
112 2.756853661815775
113 2.802404001676783
114 2.7041344965877143
115 2.6206044722576047
116 2.6033112816087356
117 2.6745924623780923
118 2.8095903979174177
119 2.5873430137928195
120 2.7219445066335317
121 2.7064347246047
122 2.6400057577467537
123 2.5357915590641347
124 2.524289769714251
125 2.690385880273085
126 2.7434331971875063
127 2.6024034447021966
128 2.751429837069074
129 2.650653467021574
130 2.696807197592132
131 2.6903713715657953
132 2.729381902033861
133 2.620313530509122
134 2.624603546065107
135 2.6651038037402346
136 2.676927540325237
137 2.836947833755369
138 2.622561498510773
139 2.669138817881734
140 2.7881586290697133
141 2.62271889682534
142 2.652621234577978
143 2.7003287893474552
144 2.6240970720778685
145 2.826686915596927
146 2.6752546431553568
147 2.726459999441737
148 2.5601904041331367
149 2.6824458219010183
150 2.6340115775059694
151 2.540007753647205
152 2.6128112692432524
153 2.8873164265045075
154 2.4986923696797834
155 2.6569204338401478
156 2.705269985195709
157 2.83109739803846
158 2.6535318439483495
159 2.8447787747241486
160 2.7324537804746654
161 2.6301442738496448
162 2.708452290671068
163 2.6722383799017253
164 2.850648511512301
165 2.617719073077926
166 2.656876139485532
167 2.5839862126097572
168 2.5891993727796496
169 2.6819111531776647
170 2.76482103311491
171 2.7577503207483507
172 2.6196692751066863
173 2.6929370605883425
174 2.7598903677006668
175 2.5632455674870194
176 2.7334429925484818
177 2.7197987102102057
178 2.5732701099984454
179 2.650634844692673
180 2.555035342412219
181 2.5544171835169087
182 2.6781415023838284
183 2.6371993978777217
184 2.603535130554664
185 2.770312708606336
186 2.7537344891929196
187 2.6423108006908387
188 2.7600507544492485
189 2.645194477445886
190 2.702178771274422
191 2.6273458529735954
192 2.7216696727587784
193 2.5375238314720265
194 2.6116646016693412
195 2.8292250154922267
196 2.6105478047799577
197 2.609711019795592
198 2.5440618984137604
199 2.579503870575313
200 2.67986375331987
201 2.7521459475269086
202 2.639820970143912
203 2.5854659359613206
204 2.751212969202255
205 2.6436656633798403
206 2.6851316204027773
207 2.6323033469313075
208 2.6157648747391837
209 2.493544139067677
210 2.6534250580311998
211 2.4482244685972434
212 2.5852676792705074
213 2.6249625175903604
214 2.5789389164450798
215 2.839546272924169
216 2.5959844832918417
217 2.4861084787307104
218 2.7272409358157774
219 2.5631181850875357
220 2.765312973287731
221 2.864978648857195
222 2.537748365413375
223 2.890471933974904
224 2.6429082329834213
225 2.5569336329137733
226 2.6007063769951695
227 2.740541209872272
228 2.59316340725595
229 2.6078858979736976
230 2.508274021686773
231 2.9383360744149867
232 2.61951271288406
233 2.6189694737875495
234 2.6238762320595095
235 2.5552926976577712
236 2.735537631622386
237 2.746862570002726
238 2.781947217410471
239 2.641173739351635
240 2.7744895973382424
241 2.708539068818822
242 2.623353883563459
243 2.61053701486975
244 2.7502824031019184
245 2.5876419725201245
246 2.7066243958822924
247 2.5707260112953225
248 2.8864963158138623
249 2.5990576492740582
250 2.647016781339051
251 2.5407093469157878
252 2.5340646188787987
253 2.625647162024201
254 2.696349300071454
255 2.696198283386733
256 2.5522046335522948
257 2.7519417901642282
258 2.5889830520565043
259 2.595405686455136
260 2.657870303185723
261 2.5267719623946343
262 2.6014095882285266
263 2.7292391935081355
264 2.6150898230226285
265 2.6839988511703856
266 2.6602973346077685
267 2.5483370486702586
268 2.611910194625941
269 2.726896974173793
270 2.749611572706163
271 2.6342759274349876
272 2.506725379049337
273 2.566492650292191
274 2.763912597927515
275 2.6470999690063968
276 2.718044722545927
277 2.6771688091364507
278 2.8594815674064353
279 2.8170507188226295
280 2.8127128563426025
281 2.6271292891128297
282 2.8094856879739702
283 2.6993008697995227
284 2.555984691692677
285 2.6810416225593077
286 2.7253694967908397
287 2.8946519212990514
288 2.654288428632304
289 2.6696669666135775
290 2.651209121866022
291 2.793472099721454
292 2.6751227117048124
293 2.74015057075095
294 2.6421810620563018
295 2.6305336607857077
296 2.670431994051527
297 2.652831404271158
298 2.568627883668234
299 2.7866068931160815
300 2.78568849783632
301 2.711385706335662
302 2.993740690495982
303 2.7945457873787842
304 2.6999910354747922
305 2.7418003015050147
306 2.7110758813145757
307 2.6960093248621626
308 2.7070339094879063
309 2.5044190046818353
310 2.7051137600904407
311 2.522979263295159
312 2.702495042638227
313 2.5727299194263358
314 2.736464659527772
315 2.7808014466798703
316 2.6342024915384004
317 2.6537746462545813
318 2.5365819749072673
319 2.6812068779398843
320 2.5590003566197765
321 2.6240051779912332
322 2.7241422407260147
323 2.797642242586349
324 2.7542219461257615
325 2.882727622216025
326 2.7305443016474005
327 2.633599543013221
328 2.6043288752129046
329 2.633395352429556
330 2.623512856469047
331 2.602636167069694
332 5.306103961161491
333 6.174155098421294
334 5.043352808650305
335 4.999824407840442
336 5.077323697540997
337 5.4692694261667505
338 5.321675476804094
339 5.2715425021495825
340 6.04286200045576
341 5.557718273779009
342 5.4610225798167376
343 5.448707418778911
344 5.872235435801742
345 5.055562276761754
346 5.3129305100953275
347 2.587297476692207
348 2.7255144965688936
349 2.6689081286216885
350 2.6162616706868023
351 2.6360735151890555
352 2.863639153716581
353 2.918979597665168
354 2.716351571243761
355 2.8989102586265734
356 2.755835739539735
357 2.651365351716483
358 2.8469306333536144
359 2.80962553438931
360 2.8677290951485572
361 2.864199883666732
362 2.76574205301851
363 2.5832354887892905
364 2.6384943014228948
365 2.5473144831442887
366 2.569767827556277
367 2.729834695350902
368 2.733243951850014
369 2.8115278336063168
370 2.6406436565132174
371 2.6259378578313455
372 2.638578742858227
373 5.20276945655804
374 2.601844160882694
375 2.6404557545477814
376 2.573929166892916
377 2.6416026841683165
378 2.8183814553159494
379 2.5941169756705404
380 2.638836415793411
381 2.713800969564093
382 2.6283460050110348
383 2.623135947883188
384 2.677675276484517
385 2.7579221856701257
386 2.525681701651612
387 2.6898941058320016
388 2.7091909839928214
389 2.6005940614039873
390 2.644666933651625
391 2.7232154760862373
392 2.738546678036001
393 2.5464665648303635
394 2.7121338902760894
395 2.609927773508379
396 2.650124103120748
397 2.561630930217639
398 2.667361537574513
399 2.8309553922565724
400 2.7635912608262587
401 2.6027508004167776
402 2.584973579450884
403 2.631312078063095
404 2.6079770055234333
405 2.7994915818674766
406 2.8530984532433368
407 2.915455959416804
408 2.674734588214167
409 2.6888906725340838
410 2.6515561851206884
411 2.911163520872318
412 2.5890272015312177
413 2.6143042809783332
414 2.7219427806436953
415 2.6163203939398
416 2.6819589348952464
417 2.7890249231127613
418 2.678976790263282
419 2.633061035737133
420 2.529782866953457
421 2.535337549212332
422 2.5400498237496785
423 2.62054288103216
424 2.6057551330550406
425 2.7818328028008596
426 2.529927713783196
427 2.6340630255456414
428 2.597978149800193
429 2.741416780029319
430 2.659086795363942
431 2.7102309652292274
432 2.7033994517491142
433 2.61695362318098
434 2.68535331019018
435 2.5563479141971945
436 2.6867952838161386
437 2.6042937397594073
438 2.7359309580777866
439 2.6572151205166086
440 2.7131561491991474
441 2.6630230051070534
442 2.7237835175403644
443 2.5352325969984286
444 2.5881877636653976
445 2.5664072711469808
446 2.683040326168522
447 2.688454307056288
448 2.6260619598220876
449 2.735053849960023
450 2.5978509963615695
451 2.746966975020119
452 2.6765039757678095
453 2.5800637614067194
454 2.700600811749457
455 2.6818992663472967
456 2.721108434792963
457 2.618181446008027
458 2.6738926701757144
459 2.5708850059782606
460 2.7147008781127635
461 2.572964799339812
462 2.561254902065315
463 2.748053349202879
464 2.657998684818011
465 2.5583772475579725
466 2.651772776871811
467 2.519363952903604
468 2.786181341613779
469 2.6354734727792777
470 2.7838983107406396
471 2.5250513819362816
472 2.6610736671908195
473 2.5558010704504124
474 2.791522680237269
475 2.5956507046726354
476 2.5648919446895775
477 2.6936385640846
478 2.6908903206238364
479 2.6847109450750035
480 2.6539282029695106
481 2.7725622193727726
482 2.6341642699469783
483 2.571873460561629
484 2.6801114995009914
485 2.617228600138625
486 2.561957423944365
487 2.6162078459439027
488 2.6100306983568435
489 2.5708864625413232
490 2.672590759096332
491 2.680812821265276
492 2.675381639396114
493 2.6883995143530717
494 2.5700708564142962
495 2.633133821313222
496 2.6915812898361224
497 2.6479618808942513
498 2.7102483400518462
499 2.665415123277635
500 2.56611878780178
