0 3.881735089668911
1 4.136856306296378
2 4.149244823581833
3 4.7167557726441105
4 4.048136978743293
5 4.640818607241444
6 4.1283504711811805
7 2.6366018581143043
8 2.8700107944642705
9 3.5796390018858966
10 3.27062941374276
11 3.073348734933553
12 2.8168423167642063
13 2.638397502943278
14 2.804529994895368
15 2.7494338561693787
16 2.9645487690217363
17 2.8941239389640745
18 2.752829139069661
19 2.8475381877457036
20 2.702515863269218
21 2.711747377884751
22 5.273430432431079
23 4.574358251752133
24 4.279643093064584
25 4.016064690381942
26 4.530070563756455
27 4.024990992452173
28 5.446352538931997
29 4.739672066752219
30 6.213165356409353
31 7.040927931668546
32 3.914726420281749
33 5.8716368205208465
34 6.429121406047156
35 4.144576905227052
36 6.360019914296427
37 6.486553414531189
38 5.357817334272839
39 4.768608229237581
40 4.756045390375235
41 4.314772590664055
42 6.13791074347472
43 6.697593579717352
44 5.617198360914124
45 5.03888725749084
46 6.287438488810035
47 6.139303710823746
48 5.720665822470626
49 4.6560110697735535
50 5.967757285645981
51 6.7809763990238485
52 6.327207271634333
53 5.301602769297726
54 5.029253779643041
55 5.021130431208934
56 6.001455478221717
57 5.2475440890268095
58 6.4905390537127206
59 4.846729633654068
60 4.3516759890067656
61 4.655984825994378
62 4.875144484696814
63 5.2033992170801655
64 4.959085984498946
65 4.352587108020372
66 4.98632570310897
67 5.798480177171357
68 5.029938446605391
69 4.597817311088129
70 5.166622812274318
71 4.734165929685582
72 4.975246921855413
73 5.062576950730509
74 5.137085245369788
75 4.50382477294581
76 5.16834942333841
77 4.956927561533786
78 4.915774767032832
79 4.611867583960885
80 4.3388271936496325
81 3.585146839845142
82 5.308125142252949
83 4.968576737986798
84 4.2547619980317855
85 6.464491021358642
86 6.707934256517514
87 5.597388084964254
88 4.523073019104256
89 5.098434515689618
90 5.946624536209213
91 6.097472028391393
92 6.796601272741359
93 6.3077206497832385
94 6.213405094996457
95 6.156235023343147
96 5.224274065250937
97 5.51769027054935
98 5.714884004667308
99 5.697870385687701
100 5.110912948741187
101 4.641574435131097
102 5.157674173188217
103 5.159903353958022
104 4.9630135074652095
105 5.257172771314727
106 2.822300898469375
107 4.081254525445565
108 4.838808704025781
109 4.353567205665206
110 7.426987824593804
111 7.196086570262602
112 6.336491292893799
113 4.957858222223723
114 5.721859413803961
115 5.265029393062943
116 5.407490008954054
117 2.8477380918095174
118 2.9666955920855984
119 3.1078849334940664
120 2.863752419607866
121 2.9596947581636037
122 2.7063245008143983
123 2.720841464991605
124 2.657508216513351
125 2.9394735109157106
126 2.873376885697733
127 2.6896286171782173
128 2.8421322757890097
129 2.609576536016895
130 3.2294477873705563
131 2.8624947646003345
132 2.8620777185719977
133 2.8212620254668317
134 2.6163516774224314
135 2.778647141070379
136 3.216286279024217
137 2.7530607987199263
138 3.5655842419659196
139 2.9914815201351312
140 2.7809050068691024
141 2.7355046147524273
142 2.6957035892109737
143 2.8690859152099515
144 2.956185322070086
145 2.7881982855800413
146 2.809601534599466
147 2.822239570104248
148 2.888595692101603
149 2.915804463040785
150 2.7517724416951896
151 2.741597998165312
152 2.766872647902863
153 2.7948710492999997
154 2.6404675875704675
155 2.770978212472173
156 2.620684144804388
157 2.9639686542225565
158 2.7905286618525658
159 3.046248581904166
160 2.7693533345535717
161 2.912225071461087
162 2.9323110626348474
163 2.8077358163100867
164 2.756894684467838
165 2.746836175165491
166 2.845247655213392
167 2.9175229066417367
168 2.747469295140692
169 3.2831727632306587
170 3.01254778231933
171 2.8356517887303716
172 2.7203665411648323
173 2.9777722192384024
174 2.748003434494252
175 3.141308843855633
176 2.975091712341322
177 2.928495541008694
178 2.8935100159460605
179 2.7620018989189035
180 2.8066327805325915
181 2.7284711005297435
182 2.622379924834236
183 2.7586000554173595
184 2.6567249667580235
185 2.9463257484101706
186 2.993884517319961
187 2.8936412857080906
188 2.890725649374242
189 2.851069553335908
190 2.8109233734157635
191 3.0169334722805923
192 2.7655855344904925
193 2.84818136893898
194 3.018049939156899
195 3.0316783423442777
196 2.7542211279429165
197 2.659282214318221
198 2.79249859906893
199 2.8532962870676877
200 2.779527057500643
201 2.943705727018261
202 2.6961458155566183
203 2.694299509810258
204 2.842961233225696
205 2.746416311463982
206 4.662413666656337
207 5.008128677381212
208 4.779312391483218
209 4.508836083548671
210 5.470541519860321
211 5.152717205676695
212 6.00539114239125
213 4.7421810098973225
214 4.500290177667933
215 4.681932906998088
216 5.2399079153188906
217 4.637817987502592
218 5.268058563461527
219 5.045262856917009
220 5.486850038977425
221 4.294151709708296
222 4.518132128822352
223 5.142421631088165
224 4.7294344019425445
225 5.198481573287962
226 5.6534015105711
227 5.044270936272385
228 4.732385064729135
229 4.686700470456272
230 5.439309942900877
231 3.584929198683911
232 4.700219301606194
233 4.959298507987296
234 4.398889140663741
235 5.465000067719992
236 2.8768877396230357
237 2.8641370032259426
238 2.9847624198653206
239 2.7896594999208757
240 2.7599628483434997
241 2.8751487315040025
242 3.0410281675285424
243 2.886073075590359
244 2.7491221011381044
245 2.649020142674107
246 2.810019375622231
247 2.7063408489592424
248 2.773097569379907
249 2.966460589172397
250 3.0608228856851487
251 2.9590311006448395
252 2.96115173676684
253 2.779952090051001
254 2.7470923089678885
255 2.7810627122129956
256 3.1621445767013308
257 2.911305224749286
258 2.9001281211721137
259 2.854196330603534
260 2.8816995557782175
261 3.119501026591219
262 2.839457418568588
263 2.7607686017680217
264 2.8573785001624024
265 3.658907846498923
266 4.717033689894361
267 4.537363321163071
268 5.362175975621829
269 5.193990485190115
270 4.403603710304234
271 4.456186262114532
272 4.0760546841885406
273 4.749755256969862
274 3.139065960793915
275 2.7874815365628827
276 3.0511045238107006
277 2.8031552750615596
278 3.0404775321726647
279 2.6433050232549937
280 2.6894052982914993
281 2.916087064162307
282 2.780181779659122
283 2.7076357005679235
284 3.0240068851399413
285 2.7604699301042706
286 2.79524907088669
287 2.9694617649568067
288 2.8747954911009437
289 2.7591500458353346
290 4.497006761865484
291 2.700428857463869
292 3.654754749892999
293 3.74648081940177
294 3.104023926766901
295 3.2560430500222703
296 4.882378933529829
297 4.741745659269263
298 4.810209922712376
299 5.691512816648358
300 2.674191845398587
301 3.1318407678998357
302 2.837618414915273
303 2.8735023118603253
304 2.9324018078001757
305 2.8095134811190343
306 2.7927399345428423
307 2.7701680627583802
308 2.9345233202434597
309 2.7402324866761165
310 2.9692947209879885
311 2.898682585164938
312 2.839348613775828
313 2.895314574485928
314 2.6765920518792785
315 2.964665862777259
316 2.9198994896498114
317 2.7533561756133844
318 3.5137243318168094
319 2.7911898567051363
320 3.0015125333151667
321 2.7957364505129636
322 2.8713292819524256
323 2.836616621963822
324 2.9012779713697063
325 3.0118498513369483
326 2.9870695383745227
327 2.9055622827412364
328 2.797349391679411
329 2.971681249998762
330 2.778925437695721
331 2.827692282285525
332 2.7250341926029398
333 2.963914543813017
334 2.8185399920725134
335 2.742312271122094
336 2.8442901234119606
337 2.843195865599623
338 2.86154465890532
339 2.7451816386124848
340 4.57017269523049
341 2.6838432360415387
342 2.843811720038552
343 2.9119667022292126
344 2.8541843200167945
345 2.7377319563280285
346 2.809710615581643
347 2.9862748267965418
348 2.760844020159727
349 2.9173090147990526
350 3.6553366732311714
351 4.793740021154978
352 2.7091325776139694
353 2.652127532670923
354 2.8693388164679297
355 2.7796450171427556
356 2.806195143069455
357 2.7837635469401287
358 2.5990030821324246
359 2.8347304947305223
360 2.9245880042913943
361 2.984033816232395
362 2.848774642579558
363 2.7289175282280227
364 2.893292847511171
365 2.828800338284056
366 2.761895823517201
367 2.8754341939770467
368 2.7960936186841905
369 2.835101946605424
370 2.8254487077148167
371 2.897992603933283
372 2.837325021416104
373 2.6252213296491353
374 5.152294511929964
375 4.655739479594433
376 2.7863986195801864
377 2.733303239703583
378 2.7215966784029373
379 2.9355469361633935
380 2.8951714634518004
381 2.7953477996569402
382 2.704987235296861
383 3.039912581846281
384 2.8229599550258184
385 2.7233480371180003
386 2.896896426342688
387 2.7923947575352006
388 2.6980985800219015
389 2.8137969197528765
390 2.782979403558568
391 2.570674921486592
392 2.7403347715454163
393 2.704868811316485
394 2.680466037667735
395 2.811855456862871
396 2.883611629214893
397 2.994705785453639
398 3.0376537076567187
399 2.6295157065672767
400 2.7365064715234526
401 2.7904340994987265
402 2.801003269064448
403 2.9888946597674484
404 2.7121080486457187
405 2.911230367076367
406 2.674871094936154
407 2.8177908600469785
408 2.8282839918682687
409 2.7373155865707934
410 2.70153806980821
411 2.7975254729747907
412 2.866559002102239
413 2.770619514516993
414 2.8304406022636894
415 2.6831893152855044
416 2.876926389761071
417 2.7303354871130923
418 2.9410397567835735
419 2.909417505778916
420 2.789165977799467
421 2.821169126072178
422 2.765389627081114
423 2.8459138176584746
424 2.9165961268592984
425 2.9134510023322893
426 2.8783956239898942
427 2.788656070829503
428 3.1207391033786545
429 2.8886325429933644
430 3.0427429292597283
431 2.6320806026268104
432 2.963188188502158
433 2.6050593509759317
434 2.776518158849941
435 3.3135753497055846
436 2.86514263475566
437 2.7894144279214714
438 3.080729274346147
439 2.9992228230680436
440 2.648479709748919
441 2.899792591447966
442 2.7068701462205347
443 2.692610456954165
444 2.6664295651875833
445 2.9018029433734096
446 2.8765845730521318
447 2.910381936762255
448 2.785017875548298
449 3.304542665754501
450 2.9894094843724157
451 2.9377429292469066
452 2.757859347858901
453 2.9245313007027134
454 2.921161696331955
455 2.9169386906398884
456 2.673553021334366
457 2.8271713521947066
458 2.811352200605099
459 2.695422230711694
460 2.9725358972540414
461 2.6847816116397003
462 2.771628861116409
463 2.8896432911335537
464 2.9350800816807787
465 2.741727172450955
466 2.954262453295238
467 2.9735549635898373
468 2.8866775361621606
469 2.800572998034862
470 2.727630907766699
471 2.8748278733700254
472 4.699939052669448
473 2.7497369364664555
474 2.6974238669460413
475 2.8482760257385045
476 2.978769197722067
477 2.6723587320555304
478 2.5976618550741386
479 3.4550406494662793
480 4.127800671112124
481 4.919437965802759
482 5.753986820791601
483 5.261858015488805
484 5.2873081823925405
485 5.985695721846691
486 2.616099823862322
487 4.663393420909963
488 4.745471873533971
489 5.218512298194315
490 4.848137739682303
491 4.684933888759316
492 4.370056233628247
493 4.802372986828566
494 4.580263299600149
495 3.9438029741446816
496 4.329445248845655
497 4.7565757761606084
498 4.925046021028212
499 4.486311887796578
500 5.32533563050757
