0 3.794877118923962
1 3.289519500969998
2 3.4764310270514893
3 3.2036809065980534
4 3.170929344473315
5 2.993884708784851
6 2.748268350875296
7 2.6127114855191222
8 3.047765365464062
9 2.6145818891404953
10 2.7441274766989077
11 2.8742518953220184
12 3.0778188364507066
13 3.1618632197571546
14 2.6921756101150724
15 3.0133549822322236
16 4.258516284908153
17 2.8202470084820064
18 2.9181769635290524
19 2.646216139788103
20 2.7369527171074903
21 4.879351702095097
22 5.280838374798964
23 3.0430166618031786
24 2.8536448732591757
25 2.7797740110313507
26 2.7040668068276483
27 6.876084381938672
28 3.9873283166776496
29 2.9533631298893166
30 4.994752281015378
31 2.8703333494710437
32 3.584656489646147
33 4.437004638847255
34 3.6270999674875055
35 2.7169205602344864
36 2.816250866698113
37 2.854858791628826
38 2.9580718781238193
39 2.81733225665618
40 4.168528618517528
41 3.2242359229763244
42 2.7836250778495684
43 2.805018555911367
44 2.914861208979893
45 2.7981520873787633
46 2.620174434400609
47 2.824508788476734
48 2.996640070404847
49 4.045114871266251
50 2.8099276572960417
51 4.542944015302468
52 3.026153302720824
53 2.624842193529079
54 2.57428150015066
55 2.8112674444528136
56 2.7338564322535563
57 2.838086080092552
58 2.6410112635802454
59 2.7523072281870316
60 2.867284083337874
61 2.7473120042897814
62 2.7398959780112158
63 2.7297278534094294
64 2.7471207392511743
65 2.700307763567066
66 2.846104390986174
67 2.7440987221435003
68 2.9319999072340237
69 2.6267289754500913
70 2.809387327259369
71 2.730853485276922
72 2.7069130718108876
73 3.015216103630734
74 4.170667256809754
75 5.34223005552119
76 2.7206913183855392
77 2.655103602332205
78 2.8741820496894133
79 2.907820643736185
80 2.6318438663542105
81 2.979384743227762
82 3.972509470473449
83 5.2943585173636425
84 5.065649788398699
85 3.6496842831696936
86 4.257443267133713
87 5.029799076127672
88 6.218391544853918
89 6.090593390341906
90 5.0702737311432236
91 4.356268116424557
92 3.840037524089566
93 3.302318503447176
94 4.232318043786403
95 5.002771256004944
96 6.44977851404409
97 4.993283331380683
98 4.931839041776023
99 6.38489909830282
100 2.676563921786066
101 4.625063117115316
102 5.09106434614522
103 8.628983564588623
104 4.757292996957539
105 5.301447045091395
106 5.62306753289959
107 6.232204664823609
108 8.34318294868491
109 9.99414382581176
110 3.0440571203322837
111 2.637743061780535
112 3.4472476359624418
113 2.989780270263629
114 2.7125419785061333
115 4.909737441573998
116 5.712337924016212
117 5.2279781892119
118 2.8111391443493257
119 2.735265034477029
120 2.8957228168967672
121 4.097248161730291
122 5.171284693735995
123 3.956480149032692
124 5.97417392358125
125 5.943849807669253
126 5.865047470057004
127 2.7917918980666836
128 2.9475124065963705
129 2.8313616386251272
130 4.911235415568882
131 4.302570506576399
132 5.629986370708721
133 5.713755804118276
134 2.82483212347179
135 2.780663953014849
136 6.515619397868129
137 2.896937247512957
138 2.7931048695052962
139 2.9654598822357943
140 3.1596902698904072
141 2.65099873130574
142 2.7151873712709396
143 2.9335739864802286
144 2.9570896245965175
145 2.835574169161466
146 2.768130002285187
147 2.883131263091503
148 3.192973195550143
149 4.835301614581288
150 2.8655041952408027
151 2.852002880353333
152 2.72892626072209
153 2.9572018650967573
154 5.607978378079801
155 5.546754491267875
156 2.7755646577950355
157 2.9702681330995593
158 2.692779937647198
159 2.772977970915732
160 2.9694860425038216
161 2.7778704203206677
162 2.781783746743312
163 3.0905981626253807
164 2.8544399849015782
165 2.721344183892008
166 2.7500235352860924
167 2.9008783813284262
168 2.6972806955844373
169 2.803202027205002
170 2.8994939284723005
171 3.0131205788393483
172 2.862956924653301
173 3.076936466724914
174 2.7822946623085603
175 2.9418769559771767
176 3.0056770000333177
177 2.8266266845599697
178 2.9394822050317924
179 2.9028737305218053
180 2.6806219994788796
181 2.7916945889360654
182 2.7757265093170407
183 3.0268739620226595
184 2.777837036980076
185 2.6400101994446197
186 2.6284978381958046
187 2.922763637401768
188 3.0093075800924
189 2.8460485525824017
190 2.686386511761258
191 2.70152535611991
192 2.8454810600229448
193 3.0412626284576603
194 2.9116286235072146
195 2.8820370016001458
196 2.8757008887375948
197 2.9715882169357193
198 2.9646982741357775
199 2.7719295665735224
200 3.0696538987005497
201 2.6857360589111177
202 2.8449822150747974
203 2.9636587024044347
204 2.7381435993677945
205 2.724765214935727
206 2.8571043113424337
207 2.862261678081555
208 2.888566194875647
209 2.755764736595477
210 3.092681145614213
211 2.84233208190586
212 2.679807365914628
213 2.6748912168335197
214 2.8903851075963014
215 2.6057857986146695
216 2.766353559948576
217 2.772132617801069
218 2.8190463978617544
219 2.8861679931524304
220 2.952968139650792
221 2.7223070740125355
222 2.7487167492759506
223 4.2264679464834956
224 2.7257983853296635
225 3.721690488302751
226 2.866892660529483
227 4.063361511504536
228 5.36788244357218
229 3.0779831263061888
230 2.787105487995585
231 2.8431730537465976
232 2.8417129959503327
233 2.964307997751148
234 2.704866341292571
235 2.835329546636823
236 2.781630487173425
237 2.8224002627902043
238 2.908552442114382
239 6.980097588402
240 2.629988093545725
241 3.830348675186575
242 2.7401854851158878
243 6.549976317949301
244 2.858917593235894
245 2.703248282587971
246 2.7054948203773788
247 2.8868779996309026
248 2.9333914479990852
249 2.984068441135049
250 2.7009738742717033
251 2.7178920573084
252 2.8312147224329367
253 2.817537005261772
254 4.178962479967644
255 5.2103704968093965
256 5.851557056713265
257 2.640845431615506
258 4.3814012539708065
259 2.8101296391882284
260 2.6130595169749022
261 2.9179759980675324
262 3.970130021241768
263 2.707428051976533
264 2.850932973868877
265 2.815213263431442
266 2.6697254457859083
267 3.8451730791616705
268 4.66988936906787
269 4.6033724026478415
270 4.327937507180739
271 4.360598193689738
272 5.045791702180081
273 5.753110138650168
274 6.485603067011885
275 2.792079963760852
276 2.7238968954748928
277 3.4504453181851145
278 5.941156282968823
279 4.8304216497597166
280 6.107999655846177
281 3.467018228976894
282 4.702520443177288
283 4.793810171883896
284 5.049160820309086
285 4.635768840884302
286 5.022649408582294
287 4.598335069064789
288 5.917916895523201
289 5.273778043509165
290 4.269526820832462
291 4.8033410916033175
292 4.916770747847854
293 3.910339493184532
294 2.927206582687815
295 2.762762223421632
296 2.7980997052566647
297 2.785482347409707
298 4.519092410438993
299 4.5413075277202966
300 2.6980991412625515
301 2.8170464380175675
302 4.058536548768751
303 2.8337845957391536
304 2.9208508353881752
305 2.912526251374109
306 4.84414409103951
307 2.6819766660701823
308 2.8909182161446267
309 2.8363666919055723
310 3.015906531920689
311 2.650900159456475
312 2.645374540272583
313 2.8921677125650964
314 2.742350094715072
315 2.717577031519742
316 2.8618469867989056
317 2.691218069803934
318 2.774962854241772
319 2.9239285415619984
320 2.914884599919603
321 2.9358393487705134
322 2.8423394826177564
323 2.791268300577536
324 2.718338547508674
325 2.8806132022645765
326 2.7333539117651338
327 2.9543418882702692
328 2.7976382872780943
329 2.8068276860228973
330 2.658256416380529
331 2.9176573082805977
332 3.038589430298961
333 3.0475012684853025
334 2.7340772729065543
335 2.8556784918044293
336 2.803265031596934
337 2.8273748749871443
338 2.8665587704896076
339 3.145772103391464
340 2.911373587243141
341 2.9635831246314424
342 2.8405604071533723
343 3.0293386876897928
344 2.816916283124446
345 2.80942841844663
346 3.123460468333359
347 2.822596389042377
348 2.7496530432232387
349 2.67528739260946
350 2.8053974691056944
351 2.764864716111176
352 3.1891184419831413
353 2.797981644018071
354 2.856877861791982
355 2.6530415272883894
356 4.172338453925534
357 2.8710688014895878
358 2.6929930906468735
359 4.516084161721881
360 2.775596207174763
361 2.7708071665058145
362 2.7858197696754528
363 2.642878080843167
364 2.9101654178538845
365 2.7361348762750053
366 2.747003975564778
367 2.92515842440778
368 2.7605639406785936
369 2.9728688142738675
370 2.737539025615172
371 2.7669074321711076
372 2.8906425079404694
373 2.912098133616879
374 2.7395351350971433
375 2.8159005452549835
376 2.6117081693297823
377 2.76697487689745
378 2.747652891330685
379 2.8072138747365796
380 2.762737474819641
381 2.639752222629017
382 2.8047690228242383
383 2.8971555231275015
384 2.836729469498887
385 2.7979529267288874
386 2.618489998055195
387 2.7960844244441407
388 2.791859005179693
389 2.9089323509443523
390 4.441054712503947
391 2.9921183174960984
392 3.0757365224302755
393 2.7069853830981248
394 3.0264969618215836
395 2.844151235144949
396 2.8503670740468157
397 2.8265927849170196
398 2.727284291215687
399 2.8139634831208413
400 3.052261855657491
401 2.8066493188814725
402 3.159039740720714
403 2.941538457166124
404 2.764060121842539
405 2.846332452871597
406 2.920029054841634
407 2.7392390207511568
408 2.930180628482639
409 3.007686285643988
410 2.5915302097423907
411 2.7441467804879554
412 2.7497008986174296
413 3.0777167014063656
414 2.737691058576096
415 2.8155761790838367
416 2.643928081227064
417 2.7741213499170962
418 2.9607144882467287
419 2.693900550315345
420 2.865510273410108
421 2.6908478940901293
422 2.7909446443816885
423 2.7508980885948513
424 2.7106836350742274
425 2.6568014622691316
426 2.871508668371821
427 2.730096867953827
428 2.8800380104506766
429 2.6642173847138033
430 2.9807054934305435
431 3.1320088017583707
432 2.812416510581432
433 2.724358265248297
434 2.925809967088074
435 2.8723559291534686
436 2.8074550708459194
437 2.8659350925568923
438 2.7680097869572315
439 2.671807810475654
440 3.2259457873100663
441 2.9102988219236323
442 2.8418550060198684
443 3.0206770220763173
444 2.788772867978431
445 2.7393924909334633
446 2.9538680523755496
447 2.98466276711776
448 2.911844711307673
449 2.844045116656201
450 2.7062231134370927
451 2.704054760168418
452 2.873999675508488
453 2.70293208599747
454 2.8744799730144615
455 2.732301687808032
456 2.8251313938492784
457 2.661372910081216
458 2.670597363450336
459 3.004825337501491
460 2.879460716184457
461 2.788249044749341
462 2.822741490031987
463 2.9061062281629475
464 2.671582052683451
465 2.9811038159168386
466 2.804461329933618
467 3.006820020243559
468 2.82617234326406
469 2.801254746701312
470 2.965913381210453
471 2.880934241040487
472 2.7745159123416667
473 2.777298713741813
474 2.774449876025056
475 2.7932129326415596
476 2.9585754464575404
477 2.724882091772165
478 2.860356662580829
479 2.643828029124239
480 2.8241740287473807
481 2.701371674082606
482 2.708715476179959
483 2.7094375443356764
484 2.847182903889014
485 3.018002615296845
486 2.9897862421819754
487 2.759858678314595
488 2.780208084837018
489 2.806587417725233
490 2.8044868303031745
491 2.8275305924002136
492 3.139497042447283
493 2.862273661397283
494 2.5958733319662533
495 2.898887296826965
496 3.053802861514608
497 2.7804519843880753
498 4.184938409581772
499 2.7470554987379034
500 4.107002436922604
