0 2.68900052329812
1 2.7492578903576885
2 2.8043318563651884
3 2.760435897703932
4 2.8868686451868317
5 2.800459015115584
6 2.7859327790341433
7 2.7737145362162003
8 2.7952154190987524
9 2.7697982768023057
10 2.5851006492755313
11 2.6787110865930943
12 2.6878291593918058
13 2.926572047588114
14 2.7120985946495115
15 2.8203188011157585
16 2.79689760525634
17 2.8812089008867114
18 2.9372250879505737
19 2.672122661206831
20 2.8860362528387387
21 2.8858875138345663
22 2.7704305318447453
23 2.8428486080065185
24 2.7508487474654717
25 2.8406043069498215
26 2.6870616487879304
27 2.6703632067692795
28 3.0223135635539053
29 2.750084100592631
30 2.73408876976522
31 2.828011605472811
32 2.737007221229851
33 2.917220030916952
34 2.6255767617741403
35 2.7272060299216174
36 2.832039884261888
37 2.8276628698064443
38 2.54390500199428
39 2.7703868130212097
40 2.7649286481840853
41 2.84880893525339
42 2.972933652726169
43 2.7555174967485727
44 2.627041199953415
45 2.7459842367519003
46 2.7670758534886444
47 2.745312673479954
48 2.8423155025376423
49 2.816281480839252
50 2.9509186584580482
51 2.69642367430747
52 2.8620077919692855
53 2.9124598981901992
54 2.7399517893857426
55 2.832353009480803
56 2.6657869952884057
57 2.849138347684628
58 2.866706353745657
59 2.7128363512693165
60 2.8465976805936792
61 2.6109758341671174
62 2.865042953341301
63 2.794309370144058
64 2.7384932761806198
65 2.846303898573115
66 3.025673672024153
67 2.8355153642327364
68 2.660636896747793
69 2.774681837806301
70 2.753255594487604
71 2.909551058732241
72 2.7924235533128425
73 2.9184275228233183
74 2.908814635884118
75 2.9571555622564096
76 2.5921541184670396
77 2.68709858024257
78 2.890862214573757
79 2.793865996207347
80 2.832865448103422
81 2.644830663267683
82 2.9936272409126468
83 2.6759348546752912
84 2.8746664454364925
85 2.72842523344576
86 3.1258306004955503
87 2.832976994605689
88 3.9809134564689717
89 2.6634637580922007
90 2.6980244527386863
91 3.194899170103992
92 3.149454222262756
93 3.1731715170877495
94 2.8019020327924524
95 2.924931234328402
96 2.7640723299296504
97 5.917281968958133
98 3.11019990565558
99 2.8018429904833897
100 2.6357960813366295
101 3.0304320266793656
102 2.7359258163129048
103 3.9061083592780355
104 2.74172467061032
105 2.948636085913088
106 2.76830872656318
107 2.7535622657053884
108 2.8117258551345525
109 2.6636894091375676
110 2.667842115989156
111 2.8953118742114996
112 4.924221887445652
113 2.8818720869475145
114 2.7061753708171152
115 3.0757126787487685
116 2.988056219553065
117 7.200096941010293
118 6.467905657800738
119 6.2816467627251615
120 5.5292912836997035
121 6.452786956074078
122 4.565319682882965
123 3.361941470777514
124 2.72713705097836
125 2.7741836355138068
126 2.8618898388836462
127 2.797225367292004
128 2.742624983628355
129 2.8044257494643325
130 2.794097420150101
131 2.6845004385715967
132 2.8950595914191095
133 2.780981554304742
134 2.7320715183150868
135 2.8289366602691675
136 2.9564364412716233
137 3.1281217991118893
138 2.7886396855002076
139 2.7737172114059665
140 2.80507593582455
141 2.8754335373567836
142 2.934576540100353
143 2.764687196419573
144 2.780595650296476
145 2.7405995070663116
146 2.8201525250807227
147 2.827330554437559
148 3.014943639812355
149 2.781358500079008
150 2.7223557692620606
151 2.867925179215776
152 2.6483953847082673
153 2.6850304864626224
154 2.6675001156868814
155 2.9065163871295154
156 4.612185249980811
157 2.757406820059987
158 2.9508853751896655
159 2.8628074151431533
160 2.764296064614055
161 2.6972581438163714
162 2.7206586914196906
163 2.7332558918512384
164 2.846492456408363
165 2.7449538163533793
166 2.683228450616866
167 2.6542183972254683
168 2.7716525034254276
169 2.8111143903250673
170 2.7453141040884637
171 2.8718389739620735
172 2.695260682519808
173 2.7465995994934844
174 2.8946066607912364
175 2.7124331541576128
176 2.7707375857451626
177 2.797667516550238
178 2.720092217908271
179 2.8338204947467305
180 2.897787632163075
181 2.8391759087054926
182 2.6992029163814513
183 2.7972410024111367
184 2.9490971903009493
185 2.7975081610595085
186 2.854263051860211
187 2.865876949986124
188 2.810582445155485
189 2.7449251701919986
190 2.636171022410306
191 2.87144872244507
192 2.7553137271469113
193 2.8048697223368877
194 2.8147623190519337
195 2.8139257317182063
196 3.0445030533416997
197 2.7640046053428873
198 2.7403281312364984
199 2.7304016398742785
200 2.623895808333064
201 2.625561052671335
202 2.706504467451048
203 2.955013283152618
204 2.9148362204983136
205 2.791826770427913
206 2.7066130903931147
207 2.803497124921346
208 2.922335497311718
209 2.7293476118536026
210 2.791096563755026
211 2.7070162671246867
212 2.96988956282507
213 2.7489217633539718
214 2.7706432396503646
215 2.8893484050797915
216 2.697426297466814
217 3.026887287545587
218 2.7912878275206565
219 2.7269962328522617
220 3.0944304309225403
221 2.781081991301115
222 2.7944381899409447
223 2.7227657759068986
224 2.8139045114342434
225 2.750678841124889
226 2.862958430419486
227 2.7111623027052603
228 4.917259330553379
229 2.7799445946364947
230 2.9098619910868293
231 2.761188202358048
232 2.87958097253042
233 2.830550179661508
234 2.8125953822107115
235 2.7966757953304886
236 2.806044344931846
237 2.8261669510913277
238 2.820538753157245
239 2.817632787691801
240 2.7365013192015906
241 2.886134575905979
242 2.6627589060636216
243 2.8427448941875553
244 2.7339403886051112
245 2.937571282156293
246 2.840834205066665
247 2.5151027578791973
248 2.649084724817369
249 2.707849995321998
250 2.834979328414482
251 2.743946690864018
252 2.770510375389716
253 2.8224283233006386
254 2.6668714046307715
255 2.8334564999871166
256 2.822335441041988
257 2.859235376052371
258 2.689840770055651
259 2.7205072056645045
260 2.846870265032381
261 2.867655593582166
262 2.988771283132827
263 3.0749521739220254
264 2.8073959814113363
265 2.6448601564003598
266 2.8474551751478816
267 2.7461820836332462
268 2.7315354607873767
269 3.715700809915801
270 2.6902036173296984
271 2.7938353716354145
272 2.7558223361064287
273 2.6060169139145835
274 2.9448448883743965
275 2.7322090420725655
276 2.586870432677535
277 2.913935133086757
278 3.076790228167642
279 3.138780835578118
280 3.3346886973738137
281 2.755377818390525
282 2.937920658853694
283 2.794758010233306
284 2.8664127267143678
285 2.9269090071602317
286 2.9539427297355605
287 2.713808287917289
288 2.7839020625974777
289 3.0961434657060805
290 3.1736509994888147
291 2.847645736112689
292 2.874327530718156
293 2.6980039885611933
294 4.494706725931912
295 2.862699330668165
296 2.885630966299201
297 2.7967768730421594
298 2.7651263949204914
299 2.722552377015867
300 2.8333789176908097
301 2.7072447506487602
302 2.893030712304481
303 2.741269127655392
304 2.8461404404971877
305 2.647331063428193
306 3.1858000820665535
307 2.749684084158805
308 2.7953520782713692
309 2.9065309786460993
310 2.680742122662484
311 2.832433195016367
312 2.8181914660904783
313 2.6338987105338023
314 2.6464500677056852
315 2.6977864141388173
316 2.7725230890723442
317 2.738179995755977
318 2.6622104644146787
319 2.741623888892687
320 2.681002577505584
321 2.693324800383136
322 2.8287272899102747
323 2.890630506711323
324 2.6190431190368657
325 2.7432021737229983
326 2.8110039943651075
327 2.834211343542496
328 2.708393538992267
329 2.739766218142432
330 2.70393868907957
331 2.672817878172207
332 2.6864465375096267
333 2.7471756997450547
334 2.9346635892607034
335 2.6824327508371812
336 2.7237657490150164
337 2.8257355490098863
338 2.6997956762664557
339 2.7055733493512277
340 2.598520414415613
341 2.8105977107993305
342 2.8929687035015004
343 2.7241838362510045
344 2.698586548937553
345 2.7032765897400752
346 2.923036934638415
347 2.7493631563866576
348 2.8599696991908687
349 2.789527747848661
350 2.932193159658897
351 2.7240320143945795
352 2.7265719232049297
353 2.922883085155417
354 2.8733990314885975
355 2.9204180338462433
356 2.764950560585368
357 2.909301280961704
358 2.8788489723241955
359 2.8098046823406158
360 4.922686588965364
361 2.7219903437308295
362 3.043491913755807
363 2.8338200087464744
364 2.6695826447403475
365 2.8478391124617115
366 2.9326659172666227
367 2.733231037075967
368 2.754486990970141
369 2.7958638287247677
370 2.802535696412508
371 2.8224733253341054
372 2.7377989326043943
373 2.6633015320311886
374 2.6912352295653417
375 2.742367045569877
376 2.707785322864123
377 2.8639612020164846
378 2.836688711250444
379 2.881581221424609
380 2.8278411590407204
381 2.669473589821487
382 2.8582551153256843
383 2.9418340314441727
384 2.8136600676498076
385 2.7992969313295255
386 2.9513742981655096
387 2.789725677470587
388 2.653294370647832
389 2.712774278144188
390 2.693768391767509
391 2.8239695249510994
392 2.8509511926122286
393 2.7752127009271548
394 2.6949194961097844
395 2.9718172973333634
396 2.8040351865029067
397 2.7509924409957627
398 2.8397791554198775
399 2.843372078625676
400 2.7068846614672335
401 2.800518157183889
402 2.806616106981655
403 2.762838189768263
404 2.8675576935302995
405 2.7317802604539665
406 2.8848865324529602
407 2.6212869512717436
408 2.8450549880595446
409 2.8844835153893826
410 2.683158250397271
411 2.872295612384725
412 3.0021202476093602
413 2.7126933995613425
414 2.799124569582653
415 2.7274687706749896
416 2.778532933745197
417 2.9175841573684704
418 2.809195782950561
419 2.9046997454898573
420 2.615737712499742
421 2.725954187522452
422 2.821375803660135
423 2.799557549563363
424 2.9690431942965363
425 2.7585571563071998
426 2.7625406588480317
427 2.836945153692866
428 2.72282774807325
429 2.6546020808734205
430 2.757344135713569
431 2.680222032483612
432 2.797546201987259
433 2.662025758776856
434 2.6545406367316344
435 2.9171380413769596
436 2.8023930145171603
437 2.8918229638662893
438 2.916729495889965
439 2.8972152014974086
440 2.783955633910197
441 2.8591558674832718
442 2.785337041086762
443 2.728433579496243
444 2.655251855206688
445 2.992019147856711
446 2.8012533780492412
447 2.6837252140890664
448 2.7754290907492907
449 2.7697326869624495
450 2.8361192812337657
451 2.781910872175512
452 2.738473260508029
453 2.659487617211257
454 2.7374517412969954
455 2.7894941091378156
456 2.8582661046499487
457 2.6847345116922012
458 2.808887103801745
459 2.657832951036424
460 2.7897505356741705
461 2.862892365440053
462 2.8772137396417854
463 2.662665829078513
464 2.640087161936538
465 2.875824822186856
466 2.6457236624999423
467 2.9894695457390887
468 2.939946690460336
469 2.8967335272441272
470 2.7330315425399476
471 2.6579604859112234
472 2.964719845925016
473 2.7843042367756023
474 2.751581176581264
475 2.689336013156594
476 2.7992790152030724
477 2.7812628297447883
478 2.6466194595456476
479 2.9139238671125938
480 2.8074659725407556
481 2.9966002392204083
482 2.86554686865682
483 2.891544478598848
484 2.8450611346061936
485 2.8288778071481975
486 2.778951656130521
487 2.6762980322700445
488 2.7374780236678857
489 2.7769277763930305
490 2.866431066272371
491 2.82556015183093
492 2.6833926267467
493 4.7742102063370915
494 2.7065245799140376
495 2.7443409535362595
496 2.683793912462261
497 2.8834476991131845
498 3.370349629891704
499 4.876997073146787
500 3.0000969114598126
