0 15.464831214751603
1 15.71032750655999
2 15.925197669058626
3 15.902126447031128
4 16.191934514959232
5 16.393567910311276
6 16.34410595016425
7 17.004478866921975
8 15.783561756161017
9 16.526866219207342
10 16.51987840461113
11 16.75458206914482
12 17.72777473207982
13 16.004442908812212
14 17.20853589963053
15 16.951790702781327
16 16.915013207639962
17 17.333762452880936
18 17.222706161651416
19 16.843431592805867
20 17.423327175603156
21 16.79713677551896
22 15.844157414924025
23 16.6510484699376
24 17.140712116100843
25 17.246373497133245
26 18.572241051295805
27 16.36027036116544
28 18.029288060802905
29 17.20687268316228
30 17.361291337751204
31 17.538157594489505
32 17.815648028679803
33 16.832553932534598
34 16.9288914506338
35 18.12773815573528
36 17.366026770370553
37 19.236291509513084
38 17.907656766199874
39 16.93018467524594
40 17.61798062992814
41 17.833740967439923
42 17.031158982353897
43 17.90089443595018
44 19.026050855016187
45 18.14293309771129
46 17.80734798640117
47 17.632833590787733
48 17.87253056774767
49 16.684966558417425
50 18.776655300413132
51 18.326450163699235
52 18.065476823814755
53 17.965670273111535
54 16.731533956482387
55 17.227785207105878
56 18.345635794444632
57 18.514186932596722
58 18.79176613822265
59 17.703699260635783
60 17.53487801707907
61 18.537621092091108
62 18.590916072697464
63 18.546613147200315
64 17.718339719188737
65 19.01863772243274
66 19.336716637913128
67 17.66096942534651
68 18.15321660956407
69 19.14971162975721
70 19.067581420929496
71 18.57211509761094
72 18.98055740344072
73 18.39511921815109
74 18.256905919322577
75 18.846821641760855
76 18.9084575061351
77 19.2936156136794
78 18.304771669727696
79 19.19689435148096
80 18.440777035332115
81 16.69378586471662
82 18.879810298092774
83 18.45290591587302
84 17.38019514009415
85 17.2758829750302
86 16.771818776765524
87 16.812892183702157
88 14.774983002367044
89 17.71181684092975
90 17.86959955260946
91 16.834496024067196
92 16.566187034279906
93 17.816285071667718
94 19.44756881936645
95 18.09691325508126
96 18.647179515603156
97 17.384304058560243
98 16.834144449612904
99 19.037502358688947
100 19.77299998600558
101 18.989947149145912
102 18.06965938632525
103 17.033055976602636
104 16.076664744405356
105 18.691299169091486
106 15.934026882461305
107 16.283355960563835
108 16.262280192690113
109 15.353126491761552
110 19.11727371826844
111 17.88159616573594
112 18.684825728734378
113 18.57207092686702
114 18.37892358800377
115 16.810071022158382
116 17.057316848220974
117 15.70101574520018
118 17.3704841562722
119 16.95935150055975
120 17.631998768371474
121 16.60184250464602
122 17.18279833662088
123 17.274556430943505
124 17.900574346387494
125 17.905850353235802
126 17.087451894013256
127 17.668662145099415
128 18.71938917116101
129 17.830612248606183
130 18.673305491256034
131 18.427465723041756
132 18.53234224399858
133 16.39157567988391
134 17.18837033426845
135 18.5905468378604
136 16.145554742741965
137 17.161964671226425
138 17.848909997933383
139 17.72399464242034
140 18.339572255586447
141 18.724500327648343
142 17.875151520387277
143 18.317535905478834
144 18.206853467881828
145 19.308742673259466
146 18.764482093717756
147 18.795175918210017
148 17.663571120471158
149 18.0506478982312
150 18.60218148388234
151 18.22016516470378
152 18.082929708493648
153 16.550915349198792
154 17.0386717964497
155 16.235829254843672
156 18.52929472000466
157 19.074314029922707
158 19.012374160815153
159 19.450208744920232
160 18.878433294046104
161 18.949055236164384
162 18.701915626573214
163 18.52363127664948
164 18.00323151743338
165 18.722359726289977
166 19.45486719545716
167 18.189210313102294
168 19.079662659977195
169 19.452807140529718
170 18.15441971639352
171 18.678703917425224
172 18.756095021430127
173 18.978676780896013
174 18.90563497376117
175 19.532480812808164
176 17.778552265441444
177 18.181915230273734
178 18.247026690095257
179 18.397981220025272
180 17.672497879476847
181 18.4456915197219
182 18.364828718501496
183 18.10408320728694
184 18.836683222912054
185 17.648199481566483
186 18.142477545615076
187 18.515979090600396
188 18.531315933719135
189 18.378136639398125
190 18.101695408962282
191 16.691658278279498
192 17.73594162872471
193 19.081911850815622
194 16.880754705213572
195 19.843762893874366
196 18.37514641550085
197 17.78256384711895
198 18.58340185851008
199 18.673647078078655
200 18.13094741930226
201 17.779329991127383
202 16.95207483495884
203 17.325081174761632
204 18.35388839005811
205 18.78521918168847
206 18.37861684517045
207 17.597179618362674
208 18.44900171327053
209 19.17476170795131
210 19.705609093472077
211 18.375958769684964
212 18.695312527356506
213 17.521413353716397
214 19.08896322235259
215 18.578137020080938
216 17.309392037972525
217 18.6785441090446
218 17.869121450381133
219 18.595318024535047
220 19.35510762146738
221 17.267786954892337
222 18.866946288460703
223 18.43144685464294
224 17.431293255361997
225 17.796002932042803
226 17.273021616928546
227 18.5788964594846
228 16.504139526645172
229 19.024726134147613
230 19.35052538129992
231 17.75237704513193
232 17.998633525245936
233 18.7816873667866
234 19.196761799528616
235 18.831223580718827
236 17.178235576784022
237 18.1638294892089
238 18.396228253598633
239 17.43389208151819
240 19.825257591782723
241 18.283719951707322
242 18.35286132194223
243 16.058208093701083
244 18.50393739218149
245 18.834560671332977
246 17.835464883587964
247 17.49802920305052
248 18.932985132960678
249 18.623173510421626
250 18.03698787588347
251 18.04334291839941
252 19.158154856189515
253 19.629538042359915
254 18.388416245077373
255 17.903919620317428
256 17.34703045270233
257 18.069773193294193
258 18.667214183301837
259 18.587307715111976
260 17.351474418913348
261 18.068448228158008
262 16.27836000043366
263 17.750282025280804
264 17.674655940891366
265 18.586543378144626
266 17.955335217490816
267 18.13776262048016
268 17.26914740569005
269 16.529567917762265
270 19.088882016842255
271 17.537498090230226
272 17.229159021013036
273 19.726267075583806
274 17.245087948818632
275 18.093619751658398
276 17.721185169006738
277 18.982229743357635
278 17.943257367342486
279 17.71321345166244
280 15.712193509057615
281 18.16809287274692
282 18.681573974520596
283 18.399294329924352
284 19.224720311253297
285 18.506151467997835
286 17.12858814441128
287 16.70451961718507
288 17.899039513096504
289 16.386867885987716
290 17.16726110520624
291 16.57515989686059
292 17.50832302212854
293 18.013117751502953
294 18.62117954148871
295 19.775599447896948
296 19.28263926130426
297 18.845387930037603
298 18.999215495471198
299 18.4600014147361
300 17.427057971594984
301 18.11270288980904
302 18.881795844897947
303 19.05887690592714
304 18.503343707647495
305 18.230209585977825
306 19.259707405933742
307 17.73372707071701
308 18.34594549907498
309 18.31509056708651
310 19.186175362640032
311 18.19237008287814
312 17.068193192056423
313 18.720991091161054
314 17.29516722744502
315 18.34168694094773
316 18.014784437197772
317 17.736010316685583
318 18.57133667581963
319 17.753102137492302
320 17.189473580112836
321 17.780032001613282
322 18.943754012137106
323 18.394637471257912
324 17.469999411432074
325 18.110628498968392
326 18.802894082824626
327 18.441483813868896
328 18.897403880567552
329 17.444980636285866
330 17.941112182550384
331 19.046719554861312
332 15.294808291794565
333 15.998369012254045
334 16.757760485526997
335 18.057635650832346
336 17.193388410722825
337 15.887121329243366
338 18.062803046100708
339 17.081529471454484
340 15.551789015378596
341 17.331650524570843
342 17.79890393252069
343 16.295315555359604
344 15.526695212428379
345 20.349733997996516
346 17.94364611877467
347 18.980928450387704
348 17.685117396118823
349 18.203925131174657
350 18.514431137424257
351 17.668462004265383
352 18.299292343494297
353 17.97035620914988
354 18.195275398849
355 18.355434132036784
356 18.061807207500703
357 17.81867863730259
358 18.139420949979545
359 17.693148284124643
360 18.800422517855157
361 16.664259326272163
362 18.01015222556006
363 17.972406779097987
364 18.16666023488025
365 17.69311026392897
366 18.155801747033287
367 18.70309335642728
368 18.902454534995933
369 19.658860601601923
370 18.339817558889074
371 17.596370580333023
372 18.56694088763774
373 16.497289277186432
374 18.91541634864197
375 18.107573060483887
376 18.27780263547891
377 18.6519292018159
378 18.747552011831623
379 17.71240110973697
380 17.87809270587789
381 18.076328018284393
382 19.140435408822086
383 19.140841270438127
384 18.959963272474134
385 18.02296442714671
386 18.770342089258165
387 19.00410733992817
388 19.22530355685238
389 18.732228544303208
390 18.29598498316038
391 18.5135299012256
392 19.030237993358096
393 18.674586995467525
394 18.706171176459005
395 17.035321515264545
396 18.75652067592807
397 17.716054814530064
398 18.50397092553588
399 18.92692293481052
400 19.324285065089693
401 19.18675860965704
402 17.78200541338528
403 19.300747848880025
404 17.68539493686764
405 17.66492189968093
406 18.183281712613464
407 19.031732970687226
408 19.031471761125808
409 18.60052541685309
410 16.90183198834175
411 17.27158230215823
412 17.975984465673157
413 19.548697546671153
414 18.269438600439695
415 17.6349372778171
416 18.935195184868142
417 17.938196763168992
418 19.496842966472023
419 17.456577091025025
420 18.66767546296921
421 17.269747871082277
422 18.904806338536183
423 18.239687370368504
424 18.475025525081417
425 18.909832286545615
426 19.61151476738596
427 19.904353587492285
428 18.384951860004897
429 18.96574103651176
430 18.17230886733663
431 18.24842847942005
432 17.841256973268003
433 18.46655312661454
434 18.30439012424656
435 19.312807080726646
436 18.33459380751109
437 19.19011771775611
438 18.355098280799023
439 17.998852406014496
440 18.968565096101937
441 17.030291732238307
442 18.47622612740123
443 18.60763000425518
444 18.272587798575287
445 18.81472051660932
446 18.432313033604085
447 19.563964695084724
448 18.53500907761837
449 16.89797225296807
450 18.67982013397517
451 18.262335760043147
452 19.205176756861505
453 18.071658375807928
454 17.622370817471154
455 17.161440955746396
456 18.024375817233043
457 18.053408693438865
458 18.181873882037646
459 18.384365992983145
460 17.221837342700525
461 18.416472674398808
462 19.384830028399044
463 19.02146933767934
464 19.143014999804297
465 18.418621200908056
466 18.754297154282167
467 18.790688789273972
468 19.15269508477199
469 17.284183250851278
470 20.09399064627551
471 18.83680867884952
472 17.84581709242937
473 19.11834013536009
474 18.133903791021968
475 18.75805718100547
476 17.97751370899355
477 18.792066030854155
478 17.71445693291491
479 17.42443896714205
480 18.73534020010648
481 17.68702932011007
482 18.118305954434405
483 17.83497906078936
484 18.610521779779976
485 18.134388096033987
486 18.102335035427004
487 18.959848913595998
488 18.221339926813798
489 18.845249185870028
490 17.759823281367467
491 18.038924705494672
492 17.79322652300151
493 17.850621160622676
494 19.5188954850982
495 18.67905817797608
496 17.626713755171536
497 17.42628743461879
498 18.043401661545065
499 18.611783907680877
500 18.58763818904497
