0 3.1488968430401227
1 2.663196967218456
2 2.674053895950353
3 3.0934646747010905
4 3.379759620322202
5 2.96056559409962
6 2.6155043343124076
7 3.153978492183652
8 2.686186760008819
9 2.7265621919485294
10 2.8623831478128943
11 3.407884263793094
12 2.6528825700193677
13 2.5396909793833364
14 2.9624694974727688
15 2.6688417081255618
16 2.8425868874457634
17 3.0589879515898573
18 3.089667204577626
19 2.680471083617902
20 2.7346912755470605
21 2.6569689008149093
22 2.7762277371469013
23 2.6287161897354334
24 2.9154191719176725
25 2.774022862976416
26 4.638952136954677
27 5.645818764204358
28 4.648332069862005
29 2.8934428705086974
30 2.652313144450012
31 2.5150429246639954
32 2.5242225539571237
33 2.5625158671152293
34 2.744037532823989
35 2.5376814137428054
36 2.650560206561279
37 2.733380623716985
38 2.641409962631648
39 2.8040273970003184
40 2.5803584496672753
41 2.71832260446173
42 2.756434093888674
43 2.8625493628196894
44 2.593004693584649
45 2.7283739277815475
46 2.667602238531341
47 2.7413285762846575
48 2.6757949279857973
49 2.532438241607034
50 2.6145247915340595
51 2.5632913736511815
52 2.599437693224277
53 2.5764020747227008
54 2.743333778969237
55 2.8256092783000617
56 2.641339891054421
57 2.544685149220815
58 2.7025193756362564
59 2.5540817924950403
60 2.845159573570356
61 2.6168746177649296
62 2.865488456224546
63 2.6768880704300106
64 2.623211301367682
65 2.6705619018040445
66 3.0858484711835668
67 2.6547682947069275
68 2.599326147643189
69 2.6806302459972784
70 2.7121714829906045
71 5.033604655763221
72 2.7243756990190056
73 2.5949308358033094
74 2.605453234443648
75 2.6305298306171307
76 2.8267958147470407
77 2.8071541514278535
78 2.668650394805902
79 2.727667853176946
80 2.6394542405690387
81 2.6940308676984843
82 2.5406182563452586
83 3.297859181042456
84 2.84129274177163
85 2.5396548729891455
86 2.495290598105844
87 2.6500827903361883
88 2.7553691351120784
89 2.619992094725288
90 2.5882647612235203
91 2.5905925447995712
92 2.6882182711322495
93 2.5772477291771962
94 2.6641751364305573
95 2.5856886548417357
96 2.82864117180085
97 2.647075601506169
98 2.708976108251954
99 2.655079675900934
100 2.496296445434492
101 2.7245384855213577
102 2.5423443291245533
103 2.5512679952471102
104 2.547512421995982
105 2.686975405459448
106 2.758815893277076
107 2.597398968269931
108 2.8103647693978555
109 2.7064214537626503
110 2.6818230419286286
111 2.583374100053534
112 2.70728459298349
113 2.609780944347683
114 2.6817485050550487
115 2.5518498540711456
116 2.752397217999996
117 2.6588097691447588
118 2.5281630852611667
119 2.95045964480912
120 2.809263322251774
121 2.6690107402085426
122 2.641340776962133
123 2.6180770912785962
124 2.6356848313581978
125 2.58964737165132
126 2.828793241617669
127 2.6686378936352595
128 2.4801886552460237
129 2.708342396114786
130 2.6747691570463292
131 2.6783302682988483
132 2.8848271583018836
133 2.7618692741512696
134 2.592663181888604
135 2.6792993309604296
136 2.5646730615188553
137 2.597679185262246
138 2.6005511948203517
139 2.6565956635598775
140 2.7355104440977858
141 2.710545779996094
142 2.5839368516703587
143 2.5388695267058883
144 2.6458615862061547
145 2.553386996255437
146 2.794555056730967
147 2.7256874984895307
148 2.7307481805405827
149 2.6234883619586165
150 2.6864777613207567
151 2.858899452722085
152 2.696859645527798
153 2.674795512258829
154 2.754985833194506
155 2.73879899119615
156 2.617579162833935
157 2.597812301777849
158 2.6549700890686303
159 4.087851286172447
160 2.6124803540889494
161 2.559599586542139
162 2.683590949910284
163 3.914694914567027
164 2.744295682821317
165 2.6225823037762854
166 2.692551136076971
167 2.732067911085823
168 2.875332424022641
169 2.6772561529624097
170 2.9177315279843326
171 2.8609513692421022
172 2.8226975648152237
173 2.5738620834062425
174 2.726942741240848
175 2.736607264209572
176 2.952008616420744
177 2.6362206465367994
178 2.6795670787258383
179 2.579557076718385
180 2.6372114380260907
181 2.516810875565342
182 2.6384279859079194
183 2.60013473995686
184 2.5077852528628877
185 2.5422278767851
186 2.5110920269607386
187 2.6815946854239887
188 2.6683665252945237
189 2.7075355459557335
190 2.5701629491563573
191 3.1424602144700473
192 2.5223071576633598
193 2.6516568378711654
194 2.7527624970092486
195 2.7912497613463696
196 2.8583414535413785
197 2.672133790118632
198 2.87706777294343
199 2.670060919940876
200 2.929254008113878
201 2.8502430313817517
202 2.818690575295035
203 2.793694454379866
204 2.6167339113418957
205 2.550439694991214
206 2.6987611379323084
207 2.6011496016615108
208 2.599213613183622
209 2.5910594597173726
210 2.577932340839571
211 2.856262854507917
212 2.6395974108717737
213 2.6287755941398276
214 2.5957725040588944
215 2.646831321788049
216 2.681443573487606
217 2.775564048468826
218 2.5734992377829706
219 2.5557812289060817
220 2.5047879543662095
221 2.7540960484144383
222 2.5766051041393445
223 2.89067321531226
224 2.5776040087300616
225 2.654542204033839
226 2.769071937665606
227 2.578314611215346
228 4.78641056879532
229 3.255777669652205
230 5.695542605183462
231 2.6601263414158054
232 3.4143748504480276
233 2.9758234703892024
234 3.117355884458564
235 2.8100082263757775
236 2.60796585102713
237 2.8367068214539946
238 2.707479671860384
239 2.854765908923102
240 2.659226581921929
241 2.5407764020954686
242 2.8182066861559303
243 2.657147842239274
244 4.141158839557581
245 2.5872311498903873
246 2.5760548437754136
247 2.6196652291801756
248 2.705001833593874
249 2.8187736473166045
250 2.7369957167956964
251 2.7914901031043406
252 2.5690916005345725
253 3.9725770408437975
254 2.630819524422665
255 2.884799261697239
256 2.771768174420118
257 2.5572317822273054
258 2.5137925713234686
259 2.580143511769813
260 2.6140532797606073
261 2.585650045613097
262 3.278534853353228
263 2.6398705692319466
264 3.681954333730316
265 2.77054419301303
266 2.596459103441898
267 2.8926988156622198
268 2.578708340893452
269 2.5247438828782416
270 2.5383081655468254
271 2.6257288960244356
272 2.6503684476226623
273 3.208409737138582
274 2.724591314161461
275 2.563667121530061
276 2.73558862745023
277 2.78580622693485
278 2.69493560540417
279 2.6611082226296303
280 3.289250357581137
281 2.6613685959773936
282 2.824580399240097
283 3.259659048262493
284 2.628021070729184
285 2.9938097960479184
286 2.850620215465804
287 4.485832518632858
288 2.7458141622746846
289 2.642256100771168
290 2.988232038297846
291 2.57796436332548
292 2.761153042457677
293 2.864247986193602
294 2.4568449297897774
295 3.3912509368423183
296 2.9925531514008203
297 4.982255882817002
298 2.85537188211769
299 4.941548472507425
300 2.645347751962243
301 2.6322967918062044
302 2.6504496343322743
303 2.775524790154431
304 2.682218370651925
305 2.630557838968423
306 2.531827982318418
307 2.7854159849260394
308 4.155840409718998
309 2.690724856474553
310 2.6793568881760153
311 2.5721277557511946
312 2.593674052265957
313 3.683704431180002
314 2.5183727681573567
315 2.6817956395706823
316 2.7651434537039057
317 3.027469550449341
318 2.7403884881471865
319 2.728529181140389
320 2.7040242370431313
321 2.610295389765259
322 2.548564598453151
323 2.573216667100663
324 3.0314308639411274
325 2.6811567069233844
326 2.7385959342292767
327 2.6936721401317985
328 2.691935833336198
329 2.700847693676788
330 2.7550206072768018
331 2.581339565804754
332 2.66251462826509
333 2.563167984128367
334 2.6257279819682195
335 2.6225444985656874
336 2.8855042377728344
337 2.7283045802494863
338 2.738993338744829
339 2.636152879612343
340 2.8664131028681297
341 5.596528913751865
342 2.658787577906779
343 3.0210275917613916
344 2.584753241529891
345 2.7680441057594893
346 2.732700829262025
347 2.7171300302336316
348 2.9096176349384293
349 2.753446197578221
350 2.6938455858922064
351 4.6251261725336725
352 2.711078647264446
353 2.7247859441225515
354 2.6411016100419573
355 2.5916037096876985
356 4.086057419533269
357 3.1202072064248285
358 2.6340707945066093
359 2.6877321789498696
360 2.5909255390835324
361 2.647737113432699
362 2.7013078920626437
363 2.661064101768613
364 2.621299756007556
365 2.7978295668859965
366 2.613554681001839
367 2.6544529796815723
368 2.5635812431856815
369 4.392725170826447
370 2.5627167149152044
371 2.7104594022478237
372 2.6439103788505314
373 2.7512135109551674
374 3.6331490513242857
375 2.6165487780460626
376 2.898410439493064
377 2.7655911555817823
378 3.085003704138287
379 2.646316971961067
380 2.717540937506132
381 2.778005104008627
382 2.65594552163478
383 2.6584346476854623
384 2.6708852880627365
385 2.6594768304359415
386 2.6859564421906916
387 2.8789218657165647
388 2.6512612805172022
389 2.567168756116149
390 2.5435957979776416
391 2.7820128020025328
392 2.74993843649199
393 2.6930867694012863
394 2.6736846439371007
395 2.7455999422428237
396 2.7211695156807267
397 5.5209277248921635
398 4.785551715877971
399 2.6338393305862247
400 2.8446432760152436
401 2.598221088613099
402 2.797942688595657
403 2.7169642807567866
404 2.6691114635739974
405 2.638813479657527
406 2.691077805951235
407 3.017164364075551
408 2.706045047185326
409 2.6680546469392756
410 2.7466990860414584
411 2.5613296376523307
412 2.5998347811512996
413 2.5258459952767987
414 2.5837624907947716
415 4.1344944592373345
416 2.545763348017247
417 2.5759352327830087
418 2.6914328325545895
419 3.3730013500194147
420 2.7028510254710825
421 2.528865539368077
422 2.937420982580028
423 2.7888225863338016
424 2.5889109204571668
425 2.784466605567883
426 2.646600110996796
427 2.7312640867708464
428 2.5726098984206107
429 2.6458887174706907
430 2.745875205578648
431 2.7703439785233197
432 2.5899421904030673
433 2.8929528175777457
434 5.368871261757135
435 2.702302609792278
436 3.1629570812319803
437 2.631466569968352
438 2.7377028481874897
439 2.623021750165008
440 2.6048824731151945
441 2.690736688384893
442 2.6263202027086994
443 2.67780082832428
444 2.668605322420522
445 2.813009605384758
446 2.8251328772787945
447 2.7941602064838578
448 2.6855908251167984
449 3.2000107842075023
450 2.689931678628641
451 2.756523135248996
452 2.6626009446287684
453 2.9021389920333216
454 2.7598325714649845
455 2.9537590353037237
456 2.7378003127759265
457 2.6805928570276882
458 2.6202817481414504
459 2.946217815482124
460 2.545345909012845
461 2.86296275415709
462 2.762314001552112
463 2.590005561228324
464 2.805551046218674
465 2.940101695160424
466 2.5677369363528695
467 2.669782130301306
468 2.723382427117502
469 2.5824805695701567
470 2.5609931223796876
471 2.6043690474651946
472 2.7070701821773215
473 2.6794308911731215
474 2.53043112792612
475 2.591950571882824
476 2.8124016450223124
477 2.912560221107128
478 2.6459203918946628
479 2.713401667200322
480 2.5143822155776623
481 2.7365088424686355
482 2.554196520518221
483 2.553323825674874
484 2.679416453965586
485 2.5986249660377583
486 2.609766132203483
487 2.65672870459437
488 2.83835187923093
489 2.6007365046463096
490 2.630750496227033
491 2.460273800316727
492 2.712416499719565
493 3.0294061914582238
494 2.574510247792431
495 2.6008150580078606
496 2.728726536492993
497 2.7780700194193675
498 2.727727177937793
499 2.903223373707394
500 2.7476835020442594
