1 0.19613906741142273 0.05773887783288956 0.057738881558179855
2 0.5951762199401855 0.1190592348575592 0.1190592348575592
3 0.6567863821983337 0.1514957994222641 0.1514957994222641
4 0.7109565138816833 0.19894754886627197 0.19894754886627197
5 0.7997945547103882 0.28341904282569885 0.2834189832210541
6 0.8098786473274231 0.2632538378238678 0.2632538676261902
7 0.803454577922821 0.2716355621814728 0.2716355621814728
8 0.7748544812202454 0.2676858901977539 0.2676858603954315
9 0.80551677942276 0.26776590943336487 0.26776590943336487
10 0.9076522588729858 0.3410452902317047 0.3410453498363495
11 0.922085702419281 0.3167445659637451 0.31674450635910034
12 0.959620475769043 0.33586564660072327 0.3358656167984009
13 0.9393612742424011 0.33771052956581116 0.33771055936813354
14 0.9297387599945068 0.3282575309276581 0.32825756072998047
15 1.1167775392532349 0.45729950070381165 0.45729944109916687
16 1.199907660484314 0.4918062686920166 0.4918062686920166
17 1.2533133029937744 0.4949095845222473 0.4949095845222473
18 1.2135558128356934 0.46792328357696533 0.4679233729839325
19 1.2828962802886963 0.5049102902412415 0.5049103498458862
20 1.5937260389328003 0.8461372256278992 0.8461372256278992
21 1.8687198162078857 1.1069819927215576 1.1069819927215576
22 1.8689793348312378 0.9050623178482056 0.905062198638916
23 2.003394603729248 1.121654748916626 1.121654748916626
24 1.979752540588379 1.115896224975586 1.115896224975586
25 2.1427035331726074 1.370827078819275 1.370827317237854
26 2.030539035797119 1.193962574005127 1.193962574005127
27 1.9559087753295898 1.1653858423233032 1.1653858423233032
28 2.086355447769165 1.237426519393921 1.237426519393921
29 2.043259620666504 1.1481634378433228 1.1481634378433228
30 1.965416669845581 1.1198424100875854 1.119842290878296
31 2.1127099990844727 1.2741262912750244 1.2741262912750244
32 1.9473412036895752 1.0989845991134644 1.0989845991134644
33 2.05770206451416 1.1579126119613647 1.1579124927520752
34 2.0392627716064453 1.1728063821792603 1.1728063821792603
35 2.1748344898223877 1.2412830591201782 1.2412830591201782
36 2.0780892372131348 1.0721893310546875 1.0721893310546875
37 2.0748496055603027 1.112479567527771 1.1124796867370605
38 2.203587532043457 1.2831777334213257 1.2831777334213257
39 2.2245521545410156 1.2969266176223755 1.2969266176223755
40 2.2274298667907715 1.269946575164795 1.269946575164795
41 2.3691329956054688 1.3956925868988037 1.3956925868988037
42 2.4433250427246094 1.4804974794387817 1.4804974794387817
43 2.5294904708862305 1.5688730478286743 1.5688732862472534
44 2.415947675704956 1.482817530632019 1.482817530632019
45 2.4678754806518555 1.5253502130508423 1.5253502130508423
46 2.400299310684204 1.3921053409576416 1.3921053409576416
47 2.5010006427764893 1.500665545463562 1.500665545463562
48 2.465726613998413 1.4051276445388794 1.4051276445388794
49 2.42887544631958 1.4083123207092285 1.4083123207092285
50 2.5293545722961426 1.5775368213653564 1.577536702156067
51 2.701725482940674 1.7712446451187134 1.7712446451187134
52 2.573451042175293 1.6588133573532104 1.6588133573532104
53 2.646549701690674 1.7657808065414429 1.7657808065414429
54 2.5068163871765137 1.589566707611084 1.589566707611084
55 2.543048143386841 1.6994770765304565 1.6994770765304565
56 2.4368772506713867 1.5600557327270508 1.5600557327270508
57 2.5163509845733643 1.595262050628662 1.595262050628662
58 2.548114776611328 1.7126473188400269 1.7126473188400269
59 2.5898303985595703 1.7239259481430054 1.7239259481430054
60 2.560828447341919 1.6911439895629883 1.6911439895629883
61 2.5156733989715576 1.5384852886199951 1.5384852886199951
62 2.5227718353271484 1.5598487854003906 1.5598487854003906
63 2.7281010150909424 1.9046666622161865 1.904666781425476
64 2.6525535583496094 1.7951925992965698 1.7951925992965698
65 2.668386220932007 1.7597554922103882 1.759756088256836
66 2.575683832168579 1.6718168258666992 1.6718168258666992
67 2.5604796409606934 1.5653038024902344 1.565303921699524
68 2.585723876953125 1.567081093788147 1.567081093788147
69 2.5693230628967285 1.5166568756103516 1.5166569948196411
70 2.6608572006225586 1.598520040512085 1.598520040512085
71 2.721327781677246 1.713579535484314 1.7135792970657349
72 2.5855705738067627 1.589485764503479 1.589485764503479
73 2.6006686687469482 1.6135939359664917 1.613593578338623
74 2.6195359230041504 1.6254947185516357 1.6254947185516357
75 2.7215309143066406 1.7826390266418457 1.7826390266418457
76 2.6621928215026855 1.6817233562469482 1.6817233562469482
77 2.570347547531128 1.5698872804641724 1.569887399673462
78 2.756856918334961 1.7940984964370728 1.7940984964370728
79 2.7295265197753906 1.8502519130706787 1.8502516746520996
80 2.5603933334350586 1.6235344409942627 1.6235344409942627
81 2.6350173950195313 1.6807035207748413 1.6807035207748413
82 2.5986297130584717 1.6802046298980713 1.6802046298980713
83 2.6047050952911377 1.6266200542449951 1.6266200542449951
84 2.723642349243164 1.8259062767028809 1.8259062767028809
85 2.691720485687256 1.748457431793213 1.7484577894210815
86 2.6918132305145264 1.8240394592285156 1.8240394592285156
87 2.8071162700653076 2.0505259037017822 2.0505259037017822
88 2.632944345474243 1.8046561479568481 1.8046561479568481
89 2.822296380996704 1.945343255996704 1.945343255996704
90 2.7669663429260254 1.8926079273223877 1.8926079273223877
91 2.7977612018585205 1.9112255573272705 1.9112255573272705
92 2.8128883838653564 1.969939112663269 1.969939112663269
93 2.771115779876709 1.8905961513519287 1.8905961513519287
94 2.6223971843719482 1.76191246509552 1.7619127035140991
95 2.7061479091644287 1.8884546756744385 1.8884546756744385
96 2.712181568145752 1.8423758745193481 1.8423758745193481
97 2.8098487854003906 2.0329432487487793 2.032942771911621
98 2.8005144596099854 2.0350255966186523 2.035024881362915
99 2.7903850078582764 2.032728910446167 2.032728910446167
100 2.772291898727417 1.9708653688430786 1.9708653688430786
101 2.7413330078125 1.947076439857483 1.947076439857483
102 2.896078586578369 2.2244985103607178 2.2244985103607178
103 2.6666834354400635 1.851656198501587 1.8516563177108765
104 2.836090326309204 2.028214693069458 2.028214693069458
105 2.635028123855591 1.783707618713379 1.783707618713379
106 2.671513557434082 1.8250213861465454 1.825021505355835
107 2.9514880180358887 2.221813917160034 2.221813917160034
108 2.7982254028320313 1.9909818172454834 1.9909816980361938
109 2.757641077041626 1.9470664262771606 1.9470664262771606
110 2.725560188293457 1.8943407535552979 1.8943407535552979
111 2.8340299129486084 2.0156242847442627 2.0156242847442627
112 2.7648439407348633 1.8701525926589966 1.8701525926589966
113 2.922175645828247 2.1503443717956543 2.1503443717956543
114 3.026796340942383 2.247739553451538 2.247739553451538
115 3.096254587173462 2.263742685317993 2.263742685317993
116 3.002580404281616 2.1546311378479004 2.1546308994293213
117 3.096919536590576 2.3321034908294678 2.3321034908294678
118 2.952834129333496 2.149871349334717 2.149871349334717
119 3.0620157718658447 2.43522047996521 2.43522047996521
120 2.9610774517059326 2.150444984436035 2.150444984436035
121 2.976619243621826 2.195042848587036 2.195042848587036
122 2.874284505844116 2.077634572982788 2.077634572982788
123 3.064373254776001 2.2415122985839844 2.2415122985839844
124 3.077380657196045 2.2548885345458984 2.2548882961273193
125 3.074982166290283 2.338793992996216 2.338793992996216
126 3.0510196685791016 2.1959638595581055 2.1959638595581055
127 3.119006395339966 2.3462119102478027 2.3462119102478027
128 3.0648787021636963 2.1636345386505127 2.1636343002319336
129 3.022977590560913 2.1964545249938965 2.1964540481567383
130 3.0798068046569824 2.317643404006958 2.317643404006958
131 3.062979221343994 2.251371383666992 2.251371383666992
132 3.3982737064361572 2.779209613800049 2.779209613800049
133 3.155017614364624 2.4825265407562256 2.4825265407562256
134 3.3472166061401367 2.7251710891723633 2.7251710891723633
135 3.607055187225342 3.045138359069824 3.045138120651245
136 3.4471435546875 2.8128321170806885 2.8128321170806885
137 3.0112733840942383 2.134884834289551 2.134884834289551
138 3.145380735397339 2.3988566398620605 2.3988566398620605
139 3.242948293685913 2.5666182041168213 2.5666182041168213
140 3.1860766410827637 2.47756028175354 2.47756028175354
141 3.354571580886841 2.681187391281128 2.681187391281128
142 3.1384639739990234 2.4195775985717773 2.4195775985717773
143 2.8557817935943604 1.9898333549499512 1.9898337125778198
144 3.219252586364746 2.4240212440490723 2.4240212440490723
145 2.9599225521087646 1.9482611417770386 1.948261022567749
146 2.902672052383423 1.9552990198135376 1.9552990198135376
147 2.8413729667663574 1.8746294975280762 1.8746294975280762
148 2.835155487060547 1.9002491235733032 1.9002488851547241
149 2.9915220737457275 2.1549034118652344 2.1549038887023926
150 2.918781042098999 2.0273094177246094 2.0273094177246094
151 2.8600776195526123 1.9301855564117432 1.9301856756210327
152 2.850757122039795 1.8836396932601929 1.8836396932601929
153 2.956306219100952 2.039780378341675 2.039780378341675
154 2.998981475830078 2.0458967685699463 2.0458967685699463
155 2.8959100246429443 2.0273807048797607 2.0273807048797607
156 3.0024120807647705 2.06620192527771 2.06620192527771
157 3.027601718902588 2.084834098815918 2.084834098815918
158 2.893470048904419 1.9870851039886475 1.9870851039886475
159 2.9427595138549805 2.0567028522491455 2.0567028522491455
160 2.871732234954834 1.9017032384872437 1.9017032384872437
161 2.9997832775115967 2.084084987640381 2.08408522605896
162 3.056919813156128 2.222101926803589 2.222101926803589
163 2.911283493041992 2.040398597717285 2.0403988361358643
164 3.020137310028076 2.1784911155700684 2.1784911155700684
165 2.7327845096588135 1.7530100345611572 1.7530099153518677
166 2.7462098598480225 1.7589253187179565 1.758925437927246
167 2.7043073177337646 1.7698900699615479 1.7698900699615479
168 2.7010951042175293 1.774779200553894 1.7747794389724731
169 2.8080649375915527 1.9387925863265991 1.9387925863265991
170 2.8022353649139404 2.0284383296966553 2.0284383296966553
171 2.755932569503784 1.979938268661499 1.979938268661499
172 2.8402414321899414 1.9944639205932617 1.9944639205932617
173 2.8935766220092773 2.0430829524993896 2.0430829524993896
174 2.9481253623962402 2.1197011470794678 2.1197011470794678
175 2.6887383460998535 1.7395284175872803 1.7395286560058594
176 2.636774778366089 1.7115405797958374 1.7115405797958374
177 2.8045475482940674 1.8470817804336548 1.8470817804336548
178 2.9633867740631104 2.074462890625 2.074462652206421
179 2.6963140964508057 1.790274977684021 1.7902750968933105
180 2.9346189498901367 2.153459072113037 2.153459072113037
181 2.782160758972168 1.8490084409713745 1.8490084409713745
182 2.8759772777557373 1.9982621669769287 1.9982621669769287
183 2.9265618324279785 2.0019896030426025 2.0019896030426025
184 2.8538918495178223 1.8651138544082642 1.8651138544082642
185 2.7364284992218018 1.717830777168274 1.717830777168274
186 2.903280258178711 1.9654144048690796 1.9654144048690796
187 2.887016534805298 1.9753577709197998 1.9753577709197998
188 3.145380973815918 2.2923309803009033 2.2923312187194824
189 3.0461266040802 2.256887674331665 2.256887674331665
190 3.006664514541626 2.1638357639312744 2.1638357639312744
191 3.1758267879486084 2.3950464725494385 2.3950464725494385
192 3.0963053703308105 2.1713509559631348 2.1713509559631348
193 3.0352237224578857 2.1020612716674805 2.1020612716674805
194 2.955150604248047 1.9585356712341309 1.9585356712341309
195 3.1457669734954834 2.2393574714660645 2.2393574714660645
196 3.066239356994629 2.155599594116211 2.15559983253479
197 3.289851665496826 2.3842105865478516 2.3842108249664307
198 3.1862876415252686 2.2879953384399414 2.2879953384399414
199 3.1660468578338623 2.224094867706299 2.2240946292877197
200 3.023757219314575 2.1065409183502197 2.1065409183502197
201 3.2594001293182373 2.301589250564575 2.301589250564575
202 3.1133198738098145 2.1369504928588867 2.1369497776031494
203 3.214655876159668 2.2452690601348877 2.2452690601348877
204 3.2601919174194336 2.2661216259002686 2.2661213874816895
205 3.3306407928466797 2.3824853897094727 2.3824853897094727
206 3.2283897399902344 2.251767873764038 2.251767635345459
207 3.075676441192627 2.1001250743865967 2.1001250743865967
208 3.1335153579711914 2.191211700439453 2.191211700439453
209 3.105437994003296 2.1967344284057617 2.1967344284057617
210 3.1073431968688965 2.2132623195648193 2.2132620811462402
211 2.985395908355713 2.0130093097686768 2.0130090713500977
212 2.8563899993896484 1.809446096420288 1.8094459772109985
213 2.9475290775299072 1.9706119298934937 1.9706119298934937
214 2.9844541549682617 1.9208621978759766 1.9208621978759766
215 3.0742015838623047 2.0063531398773193 2.0063531398773193
216 3.047248601913452 2.0173070430755615 2.0173070430755615
217 2.969632387161255 2.0390892028808594 2.0390892028808594
218 3.115433931350708 2.204725980758667 2.204725980758667
219 3.17667818069458 2.347714900970459 2.347714900970459
220 3.3332300186157227 2.454602003097534 2.454602003097534
221 3.078195810317993 2.1280243396759033 2.128023624420166
222 2.847435474395752 1.8627880811691284 1.8627877235412598
223 3.017798662185669 1.9948612451553345 1.9948617219924927
224 2.962420701980591 1.8930399417877197 1.8930399417877197
225 3.0684218406677246 2.067589044570923 2.067589044570923
226 2.9586453437805176 1.9412000179290771 1.9412000179290771
227 2.9932470321655273 2.0577919483184814 2.0577919483184814
228 2.872141122817993 1.8237364292144775 1.8237361907958984
229 3.00412917137146 2.0598998069763184 2.0598998069763184
230 3.079129219055176 2.1653809547424316 2.16538143157959
231 2.8706092834472656 1.9547207355499268 1.9547204971313477
232 2.9408047199249268 1.9873237609863281 1.9873237609863281
233 2.905043125152588 1.8577399253845215 1.857740044593811
234 3.0317845344543457 2.05664324760437 2.05664324760437
235 2.919992208480835 1.946569561958313 1.946569561958313
236 3.0239498615264893 2.0204591751098633 2.020458936691284
237 3.144796848297119 2.168579578399658 2.168579578399658
238 2.9933581352233887 1.9741828441619873 1.9741829633712769
239 3.0376663208007813 2.1674818992614746 2.1674818992614746
240 3.04076886177063 2.1166553497314453 2.1166553497314453
241 2.9897658824920654 2.067229986190796 2.067229986190796
242 3.0646328926086426 2.0997202396392822 2.0997202396392822
243 3.1443004608154297 2.2713561058044434 2.2713565826416016
244 3.00783109664917 2.0766429901123047 2.0766429901123047
245 3.0278730392456055 2.0628347396850586 2.0628347396850586
246 3.055605411529541 2.1824395656585693 2.1824395656585693
247 3.011640787124634 2.131061553955078 2.131061315536499
248 3.1627821922302246 2.2555384635925293 2.2555389404296875
249 3.123234748840332 2.289346218109131 2.289346218109131
250 3.066354274749756 2.2191011905670166 2.2191011905670166
251 3.0210094451904297 2.176267623901367 2.176267623901367
252 3.0178189277648926 2.1571805477142334 2.1571805477142334
253 3.1967267990112305 2.4251110553741455 2.4251112937927246
254 3.3975934982299805 2.6530537605285645 2.6530537605285645
255 3.338833808898926 2.491713523864746 2.491713762283325
256 3.563933849334717 2.8323190212249756 2.8323190212249756
257 3.1630728244781494 2.2753567695617676 2.2753567695617676
258 3.1528100967407227 2.3186657428741455 2.3186657428741455
259 3.251647710800171 2.4593396186828613 2.4593396186828613
260 3.210195302963257 2.3702967166900635 2.3702967166900635
261 2.97294020652771 2.120284080505371 2.120283603668213
262 3.106356620788574 2.198302984237671 2.198302984237671
263 3.1759395599365234 2.362396717071533 2.362396717071533
264 3.1647932529449463 2.3274266719818115 2.3274266719818115
265 3.2714200019836426 2.4425058364868164 2.4425058364868164
266 3.226313829421997 2.386380434036255 2.386380434036255
267 3.114226818084717 2.251253604888916 2.251253604888916
268 3.166154623031616 2.3265483379364014 2.3265483379364014
269 3.2630436420440674 2.458395481109619 2.45839524269104
270 3.183335304260254 2.3504798412323 2.3504798412323
271 3.191945791244507 2.2908272743225098 2.2908272743225098
272 3.479639768600464 2.688427448272705 2.688427448272705
273 3.2261924743652344 2.3685495853424072 2.3685495853424072
274 3.3617939949035645 2.527459144592285 2.527459144592285
275 3.227322578430176 2.314694404602051 2.314694404602051
276 3.3631198406219482 2.4588868618011475 2.4588868618011475
277 3.406946897506714 2.545369863510132 2.545369863510132
278 3.278582811355591 2.4351820945739746 2.4351820945739746
279 3.5439846515655518 2.7696533203125 2.7696533203125
280 3.4657058715820313 2.648998975753784 2.648998975753784
281 3.3903491497039795 2.552011489868164 2.552011489868164
282 3.4520115852355957 2.646610736846924 2.6466104984283447
283 3.432593822479248 2.607128858566284 2.607128858566284
284 3.5182108879089355 2.712482452392578 2.712482213973999
285 3.2366156578063965 2.3655412197113037 2.3655412197113037
286 3.1448235511779785 2.2632014751434326 2.2632014751434326
287 3.082827568054199 2.259460687637329 2.259460687637329
288 3.0793135166168213 2.1817233562469482 2.1817233562469482
289 3.09431791305542 2.285104274749756 2.285104274749756
290 3.0500569343566895 2.1600067615509033 2.160006523132324
291 3.043982744216919 2.1941840648651123 2.1941840648651123
292 3.062854290008545 2.2288742065429688 2.2288737297058105
293 3.101292610168457 2.2338485717773438 2.2338485717773438
294 3.092160224914551 2.2158424854278564 2.2158424854278564
295 3.009268045425415 2.0716054439544678 2.0716054439544678
296 3.2466084957122803 2.4306256771087646 2.4306256771087646
297 3.5386133193969727 2.727384328842163 2.727384328842163
298 3.3802788257598877 2.5235681533813477 2.5235683917999268
299 3.3183979988098145 2.544910192489624 2.544910192489624
300 3.122976303100586 2.215953826904297 2.215953826904297
301 3.001326322555542 2.0221831798553467 2.0221831798553467
302 3.3700003623962402 2.4503045082092285 2.4503045082092285
303 3.01635479927063 2.030109167098999 2.030109167098999
304 3.06254506111145 2.1180243492126465 2.1180243492126465
305 3.1483235359191895 2.348712205886841 2.348712205886841
306 3.1121742725372314 2.2561917304992676 2.2561917304992676
307 3.112222194671631 2.2561581134796143 2.256157875061035
308 3.102501630783081 2.288724899291992 2.288724899291992
309 3.1313116550445557 2.339650869369507 2.339650869369507
310 2.924945592880249 1.980608582496643 1.9806088209152222
311 2.8318657875061035 1.910040020942688 1.910040020942688
312 2.805403709411621 1.7414054870605469 1.7414054870605469
313 2.792677164077759 1.7494943141937256 1.7494943141937256
314 2.813870429992676 1.768658995628357 1.768658995628357
315 2.9127416610717773 1.8779935836791992 1.8779935836791992
316 2.888873815536499 1.9041965007781982 1.9041962623596191
317 2.826171875 1.917026162147522 1.917026162147522
318 2.984989881515503 2.115189790725708 2.115189790725708
319 3.112902879714966 2.244997501373291 2.244997501373291
320 2.9704842567443848 2.1519320011138916 2.1519320011138916
321 3.014695167541504 2.129979372024536 2.129979372024536
322 3.1291682720184326 2.2714810371398926 2.2714810371398926
323 3.1276814937591553 2.294656991958618 2.294656991958618
324 3.0400826930999756 2.2224903106689453 2.2224903106689453
325 3.0004594326019287 2.1190266609191895 2.1190266609191895
326 2.976604700088501 2.119328260421753 2.119328260421753
327 2.950836658477783 2.0781941413879395 2.0781943798065186
328 2.9693663120269775 2.128572463989258 2.128572463989258
329 3.080523729324341 2.1961863040924072 2.1961865425109863
330 3.0133094787597656 2.0890753269195557 2.0890753269195557
331 3.0065486431121826 2.134464740753174 2.1344645023345947
332 3.033010244369507 2.185580253601074 2.185580253601074
333 3.0527164936065674 2.235089063644409 2.235089063644409
334 3.1108310222625732 2.2458159923553467 2.2458157539367676
335 3.017435312271118 2.142573118209839 2.1425724029541016
336 3.0190963745117188 2.16467022895813 2.16467022895813
337 3.0568313598632813 2.143785238265991 2.143784999847412
338 3.0476038455963135 2.2172646522521973 2.2172646522521973
339 3.0310916900634766 2.1910345554351807 2.1910345554351807
340 2.977813243865967 2.1061246395111084 2.1061244010925293
341 3.045442581176758 2.1802878379821777 2.1802878379821777
342 3.164357900619507 2.3180553913116455 2.3180553913116455
343 3.2636897563934326 2.4704301357269287 2.4704301357269287
344 3.225984811782837 2.405932903289795 2.405932903289795
345 3.154970645904541 2.2316977977752686 2.2316977977752686
346 3.0714008808135986 2.1397154331207275 2.1397154331207275
347 3.3956003189086914 2.5607657432556152 2.5607657432556152
348 3.2565908432006836 2.3907618522644043 2.3907620906829834
349 3.190364122390747 2.385312795639038 2.385312557220459
350 3.3459885120391846 2.569492816925049 2.5694925785064697
351 3.106506586074829 2.2320244312286377 2.2320244312286377
352 3.0341436862945557 2.109551429748535 2.109551429748535
353 3.0004637241363525 2.11711049079895 2.1171107292175293
354 2.9804165363311768 2.0817463397979736 2.0817463397979736
355 3.112946033477783 2.274031400680542 2.274031400680542
356 2.9846341609954834 2.0660617351531982 2.0660617351531982
357 2.978318929672241 2.045214891433716 2.045214891433716
358 2.9238719940185547 2.083566427230835 2.083566427230835
359 2.875704050064087 2.016226053237915 2.016225814819336
360 3.0253829956054688 2.1576106548309326 2.1576106548309326
361 3.222383499145508 2.4140124320983887 2.4140124320983887
362 3.3479230403900146 2.575929641723633 2.575929641723633
363 3.6253554821014404 2.9804718494415283 2.9804720878601074
364 3.4322245121002197 2.6958398818969727 2.6958398818969727
365 3.2891695499420166 2.4188363552093506 2.4188363552093506
366 3.4009556770324707 2.656118392944336 2.656118154525757
367 3.27115797996521 2.4944865703582764 2.4944868087768555
368 3.209017038345337 2.4675660133361816 2.4675660133361816
369 3.0985944271087646 2.2479023933410645 2.2479023933410645
370 2.990614891052246 2.185352325439453 2.185352325439453
371 3.3161168098449707 2.5888683795928955 2.5888683795928955
372 3.254594564437866 2.400890350341797 2.4008901119232178
373 3.002842426300049 2.0650832653045654 2.0650830268859863
374 2.9326977729797363 2.146721124649048 2.146721124649048
375 3.231804847717285 2.515795946121216 2.515795946121216
376 3.0408737659454346 2.13730525970459 2.1373047828674316
377 3.0598325729370117 2.13012957572937 2.13012957572937
378 3.0861151218414307 2.323045015335083 2.323045015335083
379 2.9514191150665283 1.9945029020309448 1.9945030212402344
380 3.0693717002868652 2.1826930046081543 2.1826930046081543
381 3.013195514678955 2.1081135272979736 2.1081135272979736
382 3.4576010704040527 2.7243804931640625 2.7243804931640625
383 3.4186275005340576 2.6905837059020996 2.6905837059020996
384 3.4656403064727783 2.783101797103882 2.783101797103882
385 3.3024306297302246 2.5952084064483643 2.5952084064483643
386 3.2795610427856445 2.4231722354888916 2.4231719970703125
387 3.2637104988098145 2.4426300525665283 2.4426300525665283
388 3.336188793182373 2.5303304195404053 2.5303304195404053
389 3.1476829051971436 2.348116159439087 2.348116159439087
390 2.968214988708496 2.1455159187316895 2.1455159187316895
391 3.220602035522461 2.334573268890381 2.334573268890381
392 3.0435526371002197 2.237563133239746 2.237563371658325
393 3.054999589920044 2.246312379837036 2.246312379837036
394 3.476025104522705 2.7884886264801025 2.7884886264801025
395 2.938305616378784 2.0883851051330566 2.0883853435516357
396 3.0105645656585693 2.1227142810821533 2.122713804244995
397 3.0615994930267334 2.1842753887176514 2.1842756271362305
398 3.0819308757781982 2.2058160305023193 2.2058160305023193
399 3.1116530895233154 2.264125347137451 2.264125347137451
400 2.983706474304199 2.086880922317505 2.086881160736084
401 3.1686863899230957 2.2017951011657715 2.2017951011657715
402 2.980874538421631 2.089108943939209 2.089108467102051
403 2.979691505432129 2.074831485748291 2.074831485748291
404 3.0473670959472656 2.170534610748291 2.17053484916687
405 3.1414124965667725 2.2941131591796875 2.2941129207611084
406 3.021615982055664 2.105607271194458 2.105607271194458
407 3.0189807415008545 2.133089542388916 2.133089542388916
408 2.9818334579467773 2.0101516246795654 2.0101516246795654
409 3.0331532955169678 2.0335235595703125 2.0335235595703125
410 3.1075665950775146 2.1603844165802 2.1603844165802
411 3.0514333248138428 2.1379201412200928 2.1379201412200928
412 3.0994975566864014 2.1838247776031494 2.183824300765991
413 3.15156888961792 2.2372970581054688 2.2372970581054688
414 3.20947527885437 2.2904841899871826 2.2904841899871826
415 3.183051586151123 2.357280969619751 2.357280969619751
416 3.2879016399383545 2.4679715633392334 2.4679720401763916
417 3.1389613151550293 2.4113478660583496 2.4113478660583496
418 3.2868592739105225 2.53578519821167 2.53578519821167
419 3.152470111846924 2.3593156337738037 2.3593156337738037
420 3.2750813961029053 2.4760913848876953 2.4760913848876953
421 3.225221633911133 2.3775649070739746 2.3775651454925537
422 3.219080924987793 2.4615323543548584 2.4615325927734375
423 3.1524157524108887 2.3059849739074707 2.3059849739074707
424 3.3520357608795166 2.546532154083252 2.546532154083252
425 3.319723129272461 2.4547743797302246 2.4547739028930664
426 3.1630492210388184 2.2888424396514893 2.2888424396514893
427 3.008800745010376 2.101193428039551 2.10119366645813
428 2.926765203475952 1.9978322982788086 1.9978322982788086
429 3.150709629058838 2.2634787559509277 2.2634785175323486
430 3.1423370838165283 2.262202024459839 2.262202024459839
431 3.383162021636963 2.5861268043518066 2.5861265659332275
432 3.2322633266448975 2.3492889404296875 2.3492887020111084
433 3.052522659301758 2.1452229022979736 2.1452229022979736
434 3.1833853721618652 2.3695247173309326 2.3695249557495117
435 3.2530691623687744 2.3775157928466797 2.3775157928466797
436 3.4437739849090576 2.6287670135498047 2.6287670135498047
437 3.194035530090332 2.3645052909851074 2.3645052909851074
438 3.4429852962493896 2.6457035541534424 2.6457035541534424
439 3.581173896789551 2.8473262786865234 2.8473262786865234
440 3.2705893516540527 2.4189326763153076 2.4189329147338867
441 3.1887943744659424 2.3558897972106934 2.3558897972106934
442 3.0155797004699707 2.0746304988861084 2.0746302604675293
443 3.4641764163970947 2.6974222660064697 2.6974220275878906
444 3.022125005722046 2.0429821014404297 2.0429821014404297
445 3.2069759368896484 2.3329315185546875 2.3329317569732666
446 3.258180856704712 2.3681697845458984 2.3681697845458984
447 3.1912009716033936 2.2856476306915283 2.2856476306915283
448 3.208458662033081 2.3558835983276367 2.3558828830718994
449 3.1306989192962646 2.2715866565704346 2.2715866565704346
450 3.1033356189727783 2.204869031906128 2.204869031906128
451 3.1061580181121826 2.1993539333343506 2.1993539333343506
452 3.3111727237701416 2.4742491245269775 2.4742491245269775
453 3.249973773956299 2.404242515563965 2.404242515563965
454 3.4178504943847656 2.6383235454559326 2.6383233070373535
455 3.3716678619384766 2.487931251525879 2.4879310131073
456 3.3660614490509033 2.5132644176483154 2.5132641792297363
457 3.258108615875244 2.4399819374084473 2.4399819374084473
458 3.1279256343841553 2.2790427207946777 2.2790427207946777
459 3.3738248348236084 2.637655019760132 2.637655019760132
460 3.3235960006713867 2.5635364055633545 2.5635364055633545
461 3.2982211112976074 2.6055588722229004 2.6055588722229004
462 3.1725730895996094 2.344362258911133 2.344362258911133
463 3.0603907108306885 2.1413280963897705 2.1413280963897705
464 2.9930672645568848 2.1026182174682617 2.1026182174682617
465 2.9518020153045654 2.079770565032959 2.07977032661438
466 2.9865260124206543 2.0622951984405518 2.0622951984405518
467 3.0266284942626953 2.0915920734405518 2.0915920734405518
468 3.075578451156616 2.2371156215667725 2.2371156215667725
469 3.198232889175415 2.3985888957977295 2.3985888957977295
470 3.0438308715820313 2.1992897987365723 2.1992897987365723
471 3.000464677810669 2.0946898460388184 2.0946900844573975
472 3.1107563972473145 2.2145230770111084 2.2145230770111084
473 3.2706782817840576 2.3750860691070557 2.3750860691070557
474 2.9479353427886963 2.0429506301879883 2.042950391769409
475 3.013566732406616 2.160121202468872 2.160121202468872
476 2.9411730766296387 1.997904896736145 1.997904896736145
477 2.867492914199829 1.8528660535812378 1.8528659343719482
478 2.966132640838623 1.962633728981018 1.962633728981018
479 3.0042426586151123 2.0965003967285156 2.0965003967285156
480 3.1565358638763428 2.3542163372039795 2.3542163372039795
481 3.09675669670105 2.2302918434143066 2.2302918434143066
482 2.932046890258789 2.0156023502349854 2.0156023502349854
483 2.8910653591156006 1.950340747833252 1.950340747833252
484 2.7756192684173584 1.8764808177947998 1.8764808177947998
485 2.8899946212768555 1.9559863805770874 1.9559863805770874
486 2.880988597869873 1.9910142421722412 1.9910142421722412
487 2.9496331214904785 2.0082688331604004 2.0082688331604004
488 3.0269668102264404 2.083207130432129 2.083207130432129
489 2.89766263961792 1.8780179023742676 1.8780179023742676
490 2.991058588027954 2.0061941146850586 2.0061941146850586
491 2.7903058528900146 1.7627619504928589 1.7627618312835693
492 2.8683319091796875 1.9123737812042236 1.9123737812042236
493 3.005110502243042 2.0474700927734375 2.0474696159362793
494 2.9332566261291504 2.0002121925354004 2.0002124309539795
495 3.036891222000122 2.1741623878479004 2.1741623878479004
496 3.056692361831665 2.1556448936462402 2.1556448936462402
497 2.9881112575531006 2.083315849304199 2.083315849304199
498 3.1217143535614014 2.3064770698547363 2.3064770698547363
499 3.1216254234313965 2.2518324851989746 2.2518324851989746
500 3.1153814792633057 2.2427923679351807 2.2427923679351807
501 2.92769718170166 1.9729458093643188 1.9729458093643188
502 3.1296799182891846 2.22752046585083 2.227520227432251
503 3.2025020122528076 2.311166286468506 2.311166286468506
504 3.0407841205596924 2.103712320327759 2.103712320327759
505 2.924830675125122 1.963679313659668 1.963679313659668
506 3.009584426879883 2.0931410789489746 2.0931410789489746
507 2.919163703918457 1.939493179321289 1.9394930601119995
508 2.904203176498413 1.8933169841766357 1.8933169841766357
509 2.913719654083252 1.8973388671875 1.897339105606079
510 3.0522620677948 2.0100483894348145 2.0100483894348145
511 2.9879095554351807 1.9405884742736816 1.9405884742736816
512 3.0114622116088867 1.991100549697876 1.991100549697876
513 3.062908411026001 2.1324079036712646 2.1324079036712646
514 3.0061233043670654 2.0203371047973633 2.020336627960205
515 2.883537769317627 1.9586137533187866 1.9586137533187866
516 3.086181163787842 2.110130786895752 2.110130786895752
517 3.0495169162750244 2.0990660190582275 2.0990662574768066
518 3.0179789066314697 2.110295057296753 2.110295057296753
519 3.0138800144195557 2.040311813354492 2.040311813354492
520 3.046201467514038 2.0708727836608887 2.0708727836608887
521 3.0445566177368164 2.091578483581543 2.091578483581543
522 3.1950535774230957 2.3148293495178223 2.3148293495178223
523 3.09035325050354 2.203731060028076 2.203730821609497
524 2.959388494491577 1.985992670059204 1.9859925508499146
525 2.918203830718994 1.9129794836044312 1.9129794836044312
526 3.0968072414398193 2.1921024322509766 2.1921024322509766
527 2.945296049118042 1.969051718711853 1.9690518379211426
528 2.979018211364746 2.018198013305664 2.018198013305664
529 3.0253381729125977 2.0777463912963867 2.0777463912963867
530 2.930232286453247 1.9505404233932495 1.950540542602539
531 3.060525894165039 2.0969929695129395 2.0969929695129395
532 2.912705898284912 1.9601343870162964 1.9601343870162964
533 2.897571086883545 1.966368317604065 1.966368317604065
534 2.9257500171661377 1.9657776355743408 1.9657776355743408
535 2.8521549701690674 1.8756778240203857 1.8756778240203857
536 2.8750174045562744 1.9330490827560425 1.9330490827560425
537 3.0429646968841553 2.0852277278900146 2.0852277278900146
538 2.8484408855438232 1.8435651063919067 1.8435648679733276
539 2.9579877853393555 1.9709389209747314 1.9709389209747314
540 2.9117705821990967 1.9969059228897095 1.99690580368042
541 2.8871378898620605 1.9607656002044678 1.9607656002044678
542 2.833261728286743 1.8913885354995728 1.8913885354995728
543 2.9458489418029785 1.9387198686599731 1.9387197494506836
544 3.1424508094787598 2.2194182872772217 2.219418525695801
545 3.0950920581817627 2.18109393119812 2.18109393119812
546 3.3178462982177734 2.5932910442352295 2.5932915210723877
547 3.4342634677886963 2.6558938026428223 2.6558938026428223
548 3.3332905769348145 2.6547305583953857 2.6547305583953857
549 3.3303699493408203 2.6316747665405273 2.63167405128479
550 3.393963098526001 2.7008705139160156 2.7008705139160156
551 3.455317735671997 2.7628350257873535 2.7628350257873535
552 3.5172195434570313 2.83099627494812 2.83099627494812
553 3.434575080871582 2.743582010269165 2.743582010269165
554 3.6343438625335693 2.973745822906494 2.9737460613250732
555 3.488722085952759 2.739006519317627 2.739006519317627
556 3.4789986610412598 2.7373547554016113 2.7373547554016113
557 3.4522416591644287 2.695798397064209 2.695798635482788
558 3.463057518005371 2.749948263168335 2.749948263168335
559 3.405120849609375 2.6855154037475586 2.6855154037475586
560 3.5116357803344727 2.783033609390259 2.783033609390259
561 3.4753265380859375 2.7719178199768066 2.7719178199768066
562 3.413288116455078 2.7002201080322266 2.7002201080322266
563 3.4439637660980225 2.7645931243896484 2.7645931243896484
564 3.5042455196380615 2.785994529724121 2.785994529724121
565 3.5216474533081055 2.8942317962646484 2.8942317962646484
566 3.431703805923462 2.7652246952056885 2.7652242183685303
567 3.4701616764068604 2.8496501445770264 2.849649667739868
568 3.4464662075042725 2.7886476516723633 2.7886476516723633
569 3.4951417446136475 2.7554333209991455 2.7554330825805664
570 3.4548842906951904 2.744201898574829 2.744202136993408
571 3.508126974105835 2.815126657485962 2.815126657485962
572 3.455434560775757 2.743302345275879 2.7433021068573
573 3.464282274246216 2.8447771072387695 2.844776153564453
574 3.3759939670562744 2.7045209407806396 2.7045209407806396
575 3.4925925731658936 2.8411574363708496 2.8411574363708496
576 3.3650341033935547 2.7366089820861816 2.7366089820861816
577 3.3905651569366455 2.7315964698791504 2.731595993041992
578 3.2487032413482666 2.5246243476867676 2.5246243476867676
579 3.324253559112549 2.5794754028320313 2.579475164413452
580 3.334733247756958 2.6078786849975586 2.6078786849975586
581 3.394118070602417 2.693411111831665 2.693411111831665
582 3.467402935028076 2.825343132019043 2.825343370437622
583 3.490478038787842 2.790574789047241 2.790574550628662
584 3.4342007637023926 2.787219524383545 2.787219524383545
585 3.420875072479248 2.7227964401245117 2.7227964401245117
586 3.420260429382324 2.775686502456665 2.775686502456665
587 3.3544976711273193 2.6573288440704346 2.6573288440704346
588 3.3287436962127686 2.6932499408721924 2.6932499408721924
589 3.4063634872436523 2.7447216510772705 2.7447216510772705
590 3.4481639862060547 2.855733871459961 2.855733871459961
591 3.3433327674865723 2.7303240299224854 2.7303240299224854
592 3.4683163166046143 2.84549880027771 2.84549880027771
593 3.239086389541626 2.5387613773345947 2.5387613773345947
594 3.4060232639312744 2.803959846496582 2.803959846496582
595 3.3650760650634766 2.6353468894958496 2.6353468894958496
596 3.293006181716919 2.611953020095825 2.611953020095825
597 3.4718849658966064 2.8085103034973145 2.8085103034973145
598 3.474174976348877 2.8674845695495605 2.8674845695495605
599 3.430853843688965 2.8148796558380127 2.8148794174194336
600 3.2924723625183105 2.636441707611084 2.636441707611084
601 3.354086399078369 2.6851303577423096 2.6851303577423096
602 3.4814021587371826 2.9091620445251465 2.9091618061065674
603 3.4220402240753174 2.768681287765503 2.768681764602661
604 3.2992184162139893 2.612093687057495 2.612093687057495
605 3.3179986476898193 2.627045154571533 2.6270453929901123
606 3.3308842182159424 2.656754970550537 2.656754970550537
607 3.315499782562256 2.6188597679138184 2.6188597679138184
608 3.348870038986206 2.672222137451172 2.672222375869751
609 3.200502395629883 2.5053060054779053 2.5053060054779053
610 3.208347797393799 2.482542037963867 2.482542037963867
611 3.2283780574798584 2.5710339546203613 2.5710339546203613
612 3.276724338531494 2.575456380844116 2.575456380844116
613 3.2345216274261475 2.5627143383026123 2.5627143383026123
614 3.198575735092163 2.493101119995117 2.493101119995117
615 3.2017018795013428 2.446810007095337 2.446810007095337
616 3.1341114044189453 2.370044231414795 2.370044231414795
617 3.1494545936584473 2.406637668609619 2.406637668609619
618 3.3140218257904053 2.650423765182495 2.650423765182495
619 3.326958179473877 2.654573440551758 2.654573440551758
