5 	 9.788818359375
6 	 7.708560943603516
7 	 5.591884136199951
8 	 3.6904921531677246
9 	 2.840339183807373
10 	 2.097410202026367
11 	 1.2923401594161987
12 	 1.5074279308319092
13 	 1.5346752405166626
14 	 1.6561119556427002
15 	 1.0602083206176758
16 	 0.896912693977356
17 	 0.6561989188194275
18 	 0.6044995188713074
19 	 0.5403772592544556
20 	 0.5439414978027344
21 	 0.6203364133834839
22 	 0.823504626750946
23 	 1.0375418663024902
24 	 1.3047640323638916
25 	 1.3158295154571533
26 	 1.3907452821731567
27 	 1.4778835773468018
28 	 1.2534927129745483
29 	 1.0554882287979126
30 	 0.8224292397499084
31 	 0.8101316094398499
32 	 0.9370007514953613
33 	 0.8313304781913757
34 	 0.6992959380149841
35 	 0.8597881197929382
36 	 1.0045783519744873
37 	 0.9734402298927307
38 	 0.7689201235771179
39 	 0.790687084197998
40 	 0.9129622578620911
41 	 0.8544309139251709
42 	 0.7935022115707397
43 	 0.9543161988258362
44 	 1.0755923986434937
45 	 1.020376205444336
46 	 1.0853281021118164
47 	 0.9048823714256287
48 	 0.9156909584999084
49 	 0.8145022392272949
50 	 0.8150101900100708
51 	 0.7320764064788818
52 	 0.7653353214263916
53 	 0.8531336188316345
54 	 1.0729966163635254
55 	 1.1718794107437134
56 	 1.0314059257507324
57 	 1.140027642250061
58 	 1.004931092262268
59 	 0.986944854259491
60 	 0.8435012698173523
61 	 0.7337058186531067
62 	 0.7838776111602783
63 	 0.7795925736427307
64 	 0.6658357381820679
65 	 0.7893552184104919
66 	 0.9998742938041687
67 	 0.9770311117172241
68 	 1.068435788154602
69 	 1.299514889717102
70 	 1.063873052597046
71 	 1.2099977731704712
72 	 0.848914384841919
73 	 0.8082631826400757
74 	 0.6339085102081299
75 	 0.5237105488777161
76 	 0.5049483180046082
77 	 0.492160826921463
78 	 0.5489963889122009
79 	 0.6829901337623596
80 	 1.1368422508239746
81 	 0.8635444045066833
82 	 0.7898154258728027
83 	 0.6905950307846069
84 	 0.5787935256958008
85 	 0.5705069899559021
86 	 0.6171888709068298
87 	 0.5600034594535828
88 	 0.5353407859802246
89 	 0.5435093641281128
90 	 0.5811636447906494
91 	 0.5782171487808228
92 	 0.6901540160179138
93 	 0.8555225729942322
94 	 0.9199469685554504
95 	 1.0419516563415527
96 	 0.9408069252967834
97 	 0.796862006187439
98 	 0.920392632484436
99 	 0.9491303563117981
100 	 0.8147788047790527
101 	 0.7754112482070923
102 	 0.858144998550415
103 	 0.7205691933631897
104 	 0.64412921667099
105 	 0.531653881072998
106 	 0.5571743845939636
107 	 0.5607856512069702
108 	 0.5678050518035889
109 	 0.6902981996536255
110 	 1.1785510778427124
111 	 1.4439500570297241
112 	 1.7271195650100708
113 	 1.2391148805618286
114 	 0.870124101638794
115 	 0.7555909752845764
116 	 0.6733583211898804
117 	 0.6719831824302673
118 	 0.7605471611022949
119 	 0.7834407687187195
120 	 0.7832332253456116
121 	 0.8308083415031433
122 	 0.9441199898719788
123 	 1.0058482885360718
124 	 1.0821270942687988
125 	 1.2453817129135132
126 	 1.2265704870224
127 	 1.3340613842010498
128 	 1.249685525894165
129 	 1.217968225479126
130 	 1.5463083982467651
131 	 1.080639123916626
132 	 1.001903772354126
133 	 0.980168879032135
134 	 0.7984021902084351
135 	 0.6860835552215576
136 	 0.7758373618125916
137 	 0.7768008708953857
138 	 0.6421615481376648
139 	 0.6425077319145203
140 	 0.7811116576194763
141 	 0.8321512341499329
142 	 0.8130087852478027
143 	 0.8618817329406738
144 	 1.0466943979263306
145 	 1.0815930366516113
146 	 1.218993902206421
147 	 1.0279961824417114
148 	 1.1584655046463013
149 	 1.088878870010376
150 	 0.8864124417304993
151 	 0.9072771668434143
152 	 0.635787844657898
153 	 0.5445084571838379
154 	 0.5563375353813171
155 	 0.5022534132003784
156 	 0.5523349642753601
157 	 0.6331532597541809
158 	 0.7773286700248718
159 	 1.5767766237258911
160 	 2.2934281826019287
161 	 1.4628185033798218
162 	 0.9337639808654785
163 	 0.6767526268959045
164 	 0.5771701335906982
165 	 0.5681360960006714
166 	 0.6697625517845154
167 	 0.6718339920043945
168 	 0.5980187654495239
169 	 0.5387862920761108
170 	 0.5658419132232666
171 	 0.49700748920440674
172 	 0.5752225518226624
173 	 0.6006560921669006
174 	 0.6524044871330261
175 	 0.7342976927757263
176 	 0.7994873523712158
177 	 0.7873597145080566
178 	 1.1271430253982544
179 	 1.3163996934890747
180 	 1.2929328680038452
181 	 1.4880176782608032
182 	 1.8212743997573853
183 	 1.824334979057312
184 	 1.8132284879684448
185 	 2.0991435050964355
186 	 2.3635573387145996
187 	 2.179961681365967
188 	 2.9278337955474854
189 	 2.5646636486053467
190 	 2.2403461933135986
191 	 1.8856323957443237
192 	 1.4204885959625244
193 	 1.5210500955581665
194 	 1.4380871057510376
195 	 1.098865032196045
196 	 0.9229966998100281
197 	 1.036173701286316
198 	 0.9913439750671387
199 	 0.8501336574554443
200 	 1.0374114513397217
201 	 1.2215780019760132
202 	 1.2091684341430664
203 	 1.0984636545181274
204 	 1.171708106994629
205 	 0.8797945380210876
206 	 0.696359395980835
207 	 0.7619667649269104
208 	 0.668120265007019
209 	 0.5981724858283997
210 	 0.4617179036140442
211 	 0.46129313111305237
212 	 0.47497671842575073
213 	 0.5580189228057861
214 	 0.7439718842506409
215 	 0.984862208366394
216 	 1.37850821018219
217 	 1.3253400325775146
218 	 1.6583741903305054
219 	 1.91669762134552
220 	 2.440889835357666
221 	 3.617807626724243
222 	 3.4121439456939697
223 	 3.6036550998687744
224 	 3.612271308898926
225 	 3.1621642112731934
226 	 3.9093515872955322
227 	 4.086007595062256
228 	 3.6341664791107178
229 	 2.656439781188965
230 	 2.79722261428833
231 	 2.1527607440948486
232 	 1.275650978088379
233 	 1.293825626373291
234 	 0.9795821905136108
235 	 0.7956566214561462
236 	 1.050167441368103
237 	 0.8298355340957642
238 	 0.7557827830314636
239 	 0.778178870677948
240 	 0.8682422041893005
241 	 0.8357608914375305
242 	 1.0624176263809204
243 	 0.888782262802124
244 	 0.8312198519706726
245 	 0.732586681842804
246 	 0.9176589846611023
247 	 1.131325125694275
248 	 0.9542593955993652
249 	 0.6752204895019531
250 	 0.6760910749435425
251 	 0.6402922868728638
252 	 0.6786502003669739
253 	 0.8980327844619751
254 	 0.8734949231147766
255 	 0.7786344289779663
256 	 0.7468686103820801
257 	 0.6328951120376587
258 	 0.6137733459472656
259 	 0.517894446849823
260 	 0.4647371172904968
261 	 0.5072808265686035
262 	 0.5846615433692932
263 	 0.6476165056228638
264 	 0.692310631275177
265 	 0.9116894006729126
266 	 1.3714786767959595
267 	 0.8174042701721191
268 	 0.9562990069389343
269 	 0.9922624230384827
270 	 1.0609396696090698
271 	 1.264661192893982
272 	 1.103540301322937
273 	 1.0020807981491089
274 	 0.9902550578117371
275 	 1.2266801595687866
276 	 1.7195067405700684
277 	 2.2050726413726807
278 	 2.127390146255493
279 	 2.058593511581421
280 	 2.386472225189209
281 	 1.731956124305725
282 	 1.499310851097107
283 	 1.1628642082214355
284 	 0.9100051522254944
285 	 0.6841819286346436
286 	 0.6098385453224182
287 	 0.5098389387130737
288 	 0.5698717832565308
289 	 0.5347899198532104
290 	 0.5965626835823059
291 	 0.723452091217041
292 	 0.8288592100143433
293 	 1.0893217325210571
294 	 0.9336827397346497
295 	 1.0177617073059082
296 	 1.0188772678375244
297 	 1.147453784942627
298 	 1.0265061855316162
299 	 0.89759761095047
300 	 1.009263515472412
301 	 1.032568335533142
302 	 0.9422667622566223
303 	 1.0046159029006958
304 	 1.082890510559082
305 	 1.03550124168396
306 	 1.0894871950149536
307 	 1.3420436382293701
308 	 1.43503999710083
309 	 1.2470414638519287
310 	 1.06712007522583
311 	 0.9714447259902954
312 	 0.984136164188385
313 	 1.0807137489318848
314 	 1.1334631443023682
315 	 1.1624747514724731
316 	 0.9687321782112122
317 	 0.9939907789230347
318 	 0.7619433403015137
319 	 0.65513676404953
320 	 0.6386755108833313
321 	 0.6428074836730957
322 	 0.6287489533424377
323 	 0.6581153273582458
324 	 0.5846190452575684
325 	 0.6101927757263184
326 	 0.4885874390602112
327 	 0.42338764667510986
328 	 0.37811416387557983
329 	 0.41456592082977295
330 	 0.5352218151092529
331 	 0.6573231220245361
332 	 0.8273075819015503
333 	 1.261778712272644
334 	 1.2367184162139893
335 	 0.9248970746994019
336 	 0.8167087435722351
337 	 0.8258776068687439
338 	 0.6935620903968811
339 	 0.6481211185455322
340 	 0.6072531342506409
341 	 0.6632019281387329
342 	 1.463782787322998
343 	 1.1534184217453003
344 	 0.9776834845542908
345 	 0.9435520768165588
346 	 0.85084468126297
347 	 0.7877298593521118
348 	 0.7688654065132141
349 	 0.6058556437492371
350 	 0.4884747266769409
351 	 0.42821356654167175
352 	 0.4935773015022278
353 	 0.5199490785598755
354 	 0.6122437715530396
355 	 0.7564306259155273
356 	 0.9576222896575928
357 	 1.3149514198303223
358 	 1.0148600339889526
359 	 0.7573976516723633
360 	 0.803634524345398
361 	 0.6591063141822815
362 	 0.7849804162979126
363 	 1.2331968545913696
364 	 2.2792155742645264
