0 14.800896763952146
1 14.901995058725339
2 14.875430770847245
3 14.684060730616405
4 15.080367681841794
5 14.9718478291795
6 14.65364652266315
7 15.013608335979828
8 14.053879229652397
9 14.962689915729174
10 15.212745621030713
11 14.86728219283247
12 14.572766340320593
13 15.208016271051065
14 14.864921015834081
15 15.09453827146847
16 15.120246865374703
17 14.15293884629258
18 13.971905467680493
19 13.807750320655382
20 13.08225257964004
21 13.729518981690305
22 15.04977145776169
23 13.649677741133429
24 15.045472905558047
25 14.983334775803092
26 12.341764876067844
27 14.626482822827514
28 14.33330985567886
29 14.486600609436582
30 14.601110446559465
31 15.732477214142893
32 13.531517006635946
33 15.006081162111343
34 12.58541829725432
35 14.290530930502632
36 14.925976636402543
37 15.047754375808701
38 16.281011005907395
39 16.259227948664336
40 15.472260297124661
41 13.717238008114968
42 16.549873602370255
43 14.197605318370282
44 14.727715346467297
45 14.139020466695888
46 14.615073050768475
47 14.459836141112797
48 16.670286746057
49 17.23702421897888
50 15.365791183407092
51 15.665674631068416
52 14.393106672964311
53 13.516503049739278
54 15.272715852713473
55 13.322522338226083
56 15.858556104288846
57 15.743569080114703
58 16.727442050086275
59 15.18370016304201
60 16.34873925143809
61 13.974084096941036
62 15.960499867273908
63 14.687975359353846
64 16.044083939976172
65 15.074273899620458
66 16.09182833426724
67 13.215099684337003
68 16.100695438276244
69 14.361910926841508
70 15.38495711481192
71 16.007191171606088
72 14.263163444577254
73 15.415538304499714
74 15.861447736997723
75 15.263839704843043
76 17.750269434207137
77 14.497395180492354
78 15.969200409813393
79 16.940670783564297
80 17.896160723169643
81 17.272548651022184
82 16.88020589007148
83 15.985204982520418
84 16.296687224963566
85 17.30930687926098
86 16.582846837894067
87 16.897269410250377
88 17.67179482856126
89 17.69213680440526
90 13.145190339044314
91 16.52300521639676
92 16.127056322417722
93 15.736269359454987
94 16.700040764614553
95 16.009905527217438
96 17.118112201335332
97 15.975582310411788
98 16.555675481098252
99 16.11343951136466
100 16.91023208123196
101 17.98939870849404
102 17.60501131102502
103 17.144362866476655
104 16.898530483176092
105 17.014099817043643
106 14.359698408236293
107 17.10443827583028
108 15.08678930101387
109 16.835645080084294
110 14.610625349136294
111 14.779744612855184
112 15.74761152874882
113 16.221980089088913
114 15.22628209591831
115 17.130917256832767
116 16.256577361123025
117 16.78152941796551
118 16.428096663145865
119 14.813373309766535
120 17.33715307987135
121 13.301141229473728
122 11.987261119608608
123 15.39931087159504
124 14.706708456471967
125 14.99715750371974
126 12.249280967580084
127 17.03587900093728
128 15.589746851619205
129 16.25747346152345
130 16.339320595536442
131 16.709698594192975
132 17.311078225194176
133 16.572456784691415
134 16.89862080894976
135 16.91621268453046
136 17.206461657480546
137 17.141055035759692
138 17.746978172773844
139 17.382429570523694
140 17.049511977295182
141 17.5970852762538
142 16.3937081142109
143 16.87042338272658
144 16.374432141837858
145 16.589718108832486
146 17.253270301174208
147 17.13824538233919
148 16.292532797796458
149 17.45319639486047
150 17.58857086827329
151 16.127555885662964
152 18.08327710340251
153 16.98091956863838
154 16.683787753379796
155 18.248619524364408
156 16.970540296569002
157 17.672653783470505
158 17.577982933383037
159 16.710301269798943
160 17.839677395017564
161 17.57353530599652
162 16.395104311619992
163 17.70132436368862
164 15.581701758841684
165 17.172006871048843
166 17.302629687552702
167 16.38401617596966
168 16.329819940064635
169 15.034803709198513
170 15.588168330911412
171 14.23047378950763
172 16.791967000102183
173 15.866745777030934
174 17.16740922856387
175 18.20094043855641
176 17.22874640497821
177 16.496260571680825
178 16.90208331201185
179 15.327097181699424
180 17.920772365884684
181 17.984037113925268
182 17.53053412521078
183 16.901171863534643
184 18.96819127898443
185 16.53624876909401
186 16.600380294099413
187 16.44605121744075
188 17.302287355331643
189 16.869138568032334
190 17.614501075292633
191 16.994845733529132
192 17.036940315407204
193 16.42032403101125
194 15.774316505791484
195 15.44574857267382
196 15.959203803191912
197 15.138395272719507
198 18.02215773651131
199 15.335227680896612
200 16.824917954499313
201 15.102157515556806
202 15.970998738311446
203 17.783964493921065
204 17.766319466308783
205 16.85089664819991
206 18.158877181717145
207 14.832609269275794
208 14.142749614200508
209 15.924561172607362
210 16.50451127224524
211 16.618927741333575
212 16.336365845734242
213 16.560139629344974
214 16.772284279746767
215 16.75345358293744
216 15.59377348317582
217 16.924978497916978
218 17.246779268954914
219 17.449347884816127
220 15.502527205978927
221 15.72904585282498
222 15.940888384000496
223 16.456560567708316
224 16.623695406462705
225 16.09516066992077
226 15.848930810146465
227 15.719312229598598
228 15.998736122379194
229 15.977801652727344
230 16.13942291399213
231 14.059790925729336
232 14.736664368426558
233 17.545957370721517
234 15.177483716471176
235 16.289768830701387
236 17.196818514881045
237 17.35929553761118
238 18.463321205927937
239 17.65682828887993
240 16.843582436128234
241 17.28676118894396
242 16.316867925452033
243 18.265606732110214
244 17.307457202989312
245 17.27906724415876
246 18.953181191695545
247 17.66829844034603
248 17.964306495330266
249 13.523057616368096
250 15.762502105011004
251 16.46327329563346
252 16.94323240357808
253 17.040859853707186
254 14.925971130882445
255 16.33352903095109
256 13.223462100671147
257 17.863264516223975
258 17.478782281333643
259 17.858005750026372
260 18.24903627951866
261 17.37426589639712
262 18.434736232559555
263 17.17120970012875
264 19.371785387630226
265 18.256913491378416
266 17.47991582739998
267 16.25529585626808
268 17.464709033282666
269 17.713244138394273
270 15.84765983542829
271 16.54318643771795
272 17.477914290924193
273 16.300837877507632
274 17.340627458942908
275 17.387034270327696
276 17.73736208250959
277 16.255231273949093
278 16.41131805694514
279 17.942177684377263
280 17.921559762374084
281 18.182898520012774
282 17.813832902802297
283 16.911408017199513
284 17.369563275335278
285 17.777218006344043
286 18.796831263260913
287 16.824690222984874
288 16.598577192910923
289 17.363661533125796
290 16.66213658194062
291 16.103643827320965
292 17.366067368571564
293 17.673367840152572
294 17.529881515172384
295 17.300899360630524
296 17.122455802845753
297 18.310939758828553
298 18.750383324020387
299 18.220002544750866
300 17.72857688860447
301 17.910131431850008
302 16.98561069552927
303 16.99030887725942
304 15.84647066429356
305 17.051210127187694
306 16.895255395668716
307 16.893981496688365
308 17.179661759218863
309 16.961993009617377
310 16.540363015198974
311 16.841267275581043
312 17.172820796759186
313 16.703835292556914
314 17.05073261734797
315 17.188394217728813
316 16.20022629503778
317 15.100502971099841
318 15.565265135512725
319 17.80426471303817
320 16.80172042739144
321 16.97385217749756
322 17.911303390754423
323 17.261196176298338
324 16.787555451630535
325 17.214729879712568
326 17.986705086363667
327 17.249143251122945
328 16.60193165139872
329 17.806973440433982
330 16.29862146461939
331 18.177731769313752
332 16.881373206893663
333 17.5471215940549
334 15.780086492899489
335 17.89037965398034
336 17.170577523621237
337 17.522259216875725
338 18.064876423981307
339 15.705153693501812
340 16.546984277752625
341 15.984374611958481
342 16.542488356794067
343 16.93785796178292
344 16.841881148410078
345 16.408932154750936
346 17.243177830343143
347 17.29187580982935
348 16.937148944128193
349 17.27151939550296
350 15.021564073745244
351 17.391912316369392
352 15.907314981504811
353 16.317283148153862
354 17.175649047937537
355 17.083401352669032
356 16.896929518983367
357 16.593143922382804
358 16.145133252288225
359 17.510820847317245
360 16.112465137801564
361 16.67026804849463
362 17.246826581381022
363 16.500760601312592
364 18.011530224142398
365 16.41783460673157
366 16.397606246214323
367 16.177842615841694
368 16.179696408972635
369 15.947941621047681
370 17.648132695051608
371 17.49972454353694
372 16.882324680362323
373 15.700886662693076
374 17.388604339948543
375 16.360049948875794
376 17.151091606102504
377 16.960773893416892
378 17.267319733715972
379 17.710172494418035
380 17.289997838251224
381 17.53327418255131
382 16.41333147317343
383 17.264260094580976
384 17.21710391507407
385 17.73200044006652
386 16.24390083165063
387 17.152099421612096
388 17.92011869992606
389 16.992312978787417
390 17.009663221103406
391 16.908440060458904
392 18.31256008741013
393 17.627356777371308
394 17.07806700163971
395 16.866915134052704
396 16.179076502793095
397 16.953209476667276
398 16.320170119269665
399 16.052572944553
400 17.605975382217473
401 16.070168048728956
402 15.897002343138134
403 16.45358047090733
404 16.48214918469263
405 17.024226585783026
406 17.160972931817877
407 17.784981651647854
408 17.524012791018027
409 17.223355202263782
410 17.06482359412368
411 17.743252912143216
412 17.962780806530336
413 17.952353147864095
414 16.79853464079655
415 18.00737736939802
416 17.07233372944299
417 17.31634278158723
418 16.586154818774723
419 17.776834416204522
420 18.345473164843924
421 17.13579703114036
422 17.43927899421058
423 17.66037254845378
424 18.329798879745372
425 17.63255472825188
426 17.7536615927108
427 17.59243801406906
428 17.88728986764046
429 18.468281105185994
430 17.67193017430543
431 18.43305977347792
432 15.34171478138326
433 18.574706364205134
434 18.18386054041992
435 17.524885149588993
436 17.217779138701204
437 17.23671812496004
438 17.364339291387058
439 16.29017461839621
440 15.958568576383996
441 15.276157376931451
442 15.729893897678714
443 15.693736283802856
444 16.362501495848687
445 16.30237577150793
446 16.725229887010897
447 15.021230840110368
448 16.381130976984082
449 16.715355380899933
450 16.508611391659702
451 17.210805807168256
452 15.76751314287633
453 16.70801983697296
454 16.518746602482487
455 15.708265765239638
456 15.698397420565525
457 16.26929172066646
458 15.720977801290646
459 16.870004581850292
460 16.06180750006232
461 16.86864477043024
462 16.0741659397872
463 17.025405303650288
464 16.20994028780223
465 17.323631780377074
466 16.03575683099693
467 15.81977318267742
468 17.342619937699705
469 15.668362649980034
470 16.011596302212126
471 15.978632021232269
472 16.964311272145768
473 15.849101799563453
474 17.545276944122033
475 17.41180500379786
476 16.09578382864692
477 16.783902732522293
478 18.432005919919543
479 16.100811116865454
480 17.119316042194196
481 17.5393981393045
482 16.76257123262474
483 17.870988676336623
484 17.621872175542368
485 17.210673589187103
486 18.124415578425783
487 17.450568960587276
488 17.893811384643044
489 17.17501898435881
490 18.34355740701255
491 16.946351518769138
492 16.965209540248356
493 18.44472779185745
494 17.277159264843245
495 18.732320248380546
496 17.476742709126242
497 17.333644790810578
498 14.938788354702076
499 17.525249337502224
500 18.005598021367227
501 18.181661739637118
502 18.213967504785018
503 16.713179138270434
504 17.46618041024523
505 18.209080971383468
506 16.838856829551396
507 17.486840675425338
508 16.798615466102735
509 17.72537871270932
510 16.72385840228181
511 17.219017308269063
512 17.971030348091038
513 16.986203608866745
514 17.176865047975415
515 17.667624947000157
516 17.78273463872543
517 16.4060202265761
518 16.436200203080826
519 17.452093861200755
520 17.15532982396686
521 16.925669868240785
522 17.765433699531762
523 16.222856512217426
524 16.48908919546125
525 16.746316559214787
526 19.125695641629143
527 17.51787629176109
528 17.1170352471361
529 18.060914963692394
530 17.33720445032256
531 17.8978782101491
532 17.162849069786233
533 16.72994488320455
534 17.718486364027356
535 17.339145503849757
536 17.429491936511077
537 17.517604218255922
538 17.401101090778376
539 17.99704563567763
540 17.223318891588242
541 16.937595244531472
542 16.6491189815408
543 16.900398440657455
544 17.821330697491167
545 17.2055665850763
546 17.294140546433617
547 18.19900658497886
548 18.49151681029486
549 17.31332336934976
550 17.02586703406576
551 17.010047090296332
552 17.227442756726795
553 16.309459819223722
554 16.769467500843607
555 16.31172486066708
556 15.829102772997171
557 16.115811885905245
558 16.7797861746665
559 16.66385543517217
560 18.096257360003026
561 17.068774659081235
562 17.749095169669683
563 17.9480767807494
564 17.49647031221141
565 17.1355189257351
566 17.44834064950718
567 17.131345734537575
568 17.851188455589725
569 16.91189772853176
570 16.433773956741568
571 16.749199938818354
572 17.368437520199354
573 15.96240688051502
574 16.391982684638652
575 18.225830731526226
576 18.081188970675385
577 17.10723894618097
578 17.382708524153863
579 17.028810808410636
580 17.274597462424353
581 17.35812780765466
582 16.570148188560626
583 17.754582003727382
584 17.583234598871364
585 15.661069488304289
586 17.750050822692238
587 15.881616928974887
588 15.477936394788626
589 16.347792002712186
590 16.46402579266609
591 17.019848294197686
592 17.91286787998222
593 17.61699954172795
594 18.195193553285126
595 15.964829730207098
596 15.983397883483976
597 18.119889081804004
598 17.23036878955382
599 17.194759514548213
600 16.120307635763726
601 16.70610371556112
602 18.91195729790194
603 17.48553856028906
604 17.017297325303332
605 17.44311989412038
606 16.840372331275358
607 16.662909870758433
608 15.871808038099939
609 16.829745143653636
610 15.894949284495612
611 15.478027148872036
612 16.176062792596774
613 17.21143019043937
614 17.847529865073778
615 15.85506445372402
616 16.17981767755037
617 16.613740126020165
618 16.209356145476217
619 15.051215946084431
