0 2.8714023434350495
1 2.8054733600055393
2 2.7435209023520604
3 2.839715702021753
4 2.6491977702562415
5 2.6613070795927554
6 2.885951779978893
7 2.721734760238597
8 2.692364492177475
9 2.939185712591022
10 2.8653775318611014
11 2.8018348393064962
12 3.051932002064975
13 3.3228407449796715
14 2.953970023586933
15 2.905554658979295
16 2.74754425219051
17 2.9124668103144917
18 3.5277049325096397
19 4.306203551169068
20 5.902584213998002
21 5.263567406825964
22 2.813861108143925
23 5.328975145087432
24 5.362628376334191
25 4.872180134143777
26 4.146522842305181
27 4.4531320875834055
28 5.2360585946351055
29 5.30491694200741
30 4.319245422994244
31 2.730806627997323
32 4.208963325956557
33 3.4876062049335577
34 3.8243828813761516
35 2.793829908746944
36 3.0358097509777497
37 2.7570237435909837
38 2.8365995353354263
39 2.768958742497119
40 2.6553698916612283
41 2.646944821929062
42 2.703540033647018
43 5.073873599314065
44 2.771678505983044
45 2.7720196604666265
46 2.7755771404436316
47 2.875698554918206
48 2.7916011239923773
49 2.762118471463489
50 2.7072458630202396
51 2.836773173529466
52 3.8454418426870114
53 2.6526091667844973
54 2.715437047656811
55 2.653950759948328
56 2.6576096252620194
57 2.7252518542197857
58 2.8196055091482224
59 2.7040236475686013
60 2.9881603450982084
61 2.722038511083594
62 2.659310481644023
63 2.920453719610601
64 2.800731999717296
65 2.7455122491814805
66 2.618134648003935
67 2.555669930195059
68 4.685562576520358
69 2.8608735262953395
70 2.7719505932111175
71 2.8295080752983153
72 2.913087907869594
73 2.7954431051891597
74 2.721424476660091
75 2.649955511770628
76 2.7666739376773637
77 2.875523352247583
78 2.8565609540481893
79 2.7774919232488617
80 2.689523735724638
81 2.7718988319445548
82 2.6559754941449825
83 2.6307312696103815
84 2.8341909128788334
85 2.7276532239450444
86 2.5958084315494294
87 2.7011066988757273
88 2.7229895142664424
89 2.814193793565339
90 4.503745918020063
91 2.6405025195485234
92 2.7036429821916212
93 2.904176586951264
94 2.7571823599386165
95 2.8041971056760686
96 2.6268759470439624
97 2.7210510696464487
98 2.7010921852536898
99 2.701910636359879
100 2.723609407106577
101 2.8015522343814623
102 2.7932784502038257
103 2.8016664505501496
104 2.605883621276302
105 2.985127321318027
106 5.126225713450115
107 2.8544273049694784
108 2.815519829402759
109 2.6214883292011315
110 2.9771652436194884
111 2.6850808018709293
112 2.715038695271223
113 2.6583477658653374
114 2.8753609479222586
115 3.0628589520186518
116 4.099786001726868
117 2.953120227500903
118 3.1682458558061426
119 2.826361345570283
120 2.83116148964519
121 4.840100628526709
122 5.176793712535363
123 3.0483190060535725
124 2.84749730731399
125 2.8958635482150443
126 5.528013625384998
127 2.6752552742205697
128 2.865472495983754
129 2.8810636618793293
130 3.0402989951726007
131 3.068980133927523
132 2.80631922815861
133 2.7393375160553046
134 2.7707443167492642
135 2.7866833767511805
136 2.8628197735415037
137 2.7233998018568304
138 2.752539752644609
139 2.6719551661193877
140 2.810028905135848
141 2.718071488045435
142 2.6957630303478757
143 2.7519340336571396
144 2.821002251825747
145 2.912287772037159
146 2.80530442637753
147 2.7447422159235715
148 2.705416600807192
149 2.770409443444361
150 2.890799291336352
151 2.706310126427997
152 2.766216771838067
153 2.8906490172048347
154 2.8768642684259556
155 2.642502730995562
156 2.8657360109421885
157 2.775213035301895
158 2.565286553847718
159 2.797994891091323
160 2.6861649796793152
161 2.9025973629332924
162 2.88843976861512
163 2.7718487882322713
164 2.722809634714575
165 3.4470444198875922
166 2.6449605980716537
167 2.844314642143218
168 2.9042849673907893
169 2.780558331441766
170 2.5652998388397625
171 2.9016195347583484
172 2.80736825226128
173 2.9355941124472618
174 2.6181281638670137
175 2.7050332963497596
176 2.8265277819327514
177 2.788884760311843
178 2.7241830518179073
179 2.752971447556682
180 2.6695032227062363
181 2.8177799062685884
182 2.749770355861269
183 2.6574251130091016
184 2.6410155616878064
185 2.6631125861488534
186 2.7443453962023274
187 2.8409979942046863
188 2.7444700649308547
189 2.8269831141653783
190 2.6760045035541644
191 2.8125813844538485
192 2.6207588514456805
193 2.8198471323272885
194 2.7920882072618185
195 2.7992955409551348
196 2.761292506578562
197 2.6392906562477823
198 2.8180946496404298
199 2.7948949426100294
200 2.626594443872243
201 2.8543663394803147
202 2.719680111144914
203 2.7547380063183176
204 2.7355448035735948
205 2.6611403558836337
206 2.713685649308797
207 2.649533162484556
208 2.653117292286279
209 2.7407690664049738
210 2.6504919046220543
211 3.0373081641946156
212 2.8627993484451726
213 2.878183373147262
214 2.7220909678897334
215 2.730819496214044
216 2.528132577171005
217 2.6270807545088104
218 2.849191819461464
219 2.6792025177006202
220 2.6683037100547855
221 2.8186461284942914
222 2.7425579746281707
223 2.7988875684113994
224 2.747881783657121
225 2.6329811486609156
226 2.7451855194261743
227 2.8997394657768916
228 2.850559159824207
229 2.8851038644183267
230 2.671670291660701
231 2.730225003146451
232 2.844005657663628
233 2.7010401571667693
234 2.705573103504202
235 2.7159992914212254
236 2.772805837569642
237 2.825970487359387
238 2.8524427539048283
239 2.9026227400449867
240 2.9636008301025263
241 2.7707213477276613
242 2.6894251299341416
243 2.712049041805879
244 2.769689867342737
245 2.8392136321843444
246 2.904275053503372
247 2.7273831996499394
248 3.136888841635921
249 4.736426226896332
250 4.152148531232186
251 2.928807056377876
252 2.724248199605372
253 2.743579614852499
254 3.7741672814748726
255 2.693493563235708
256 2.8955696556118538
257 2.7998094206163557
258 2.682572821621665
259 2.638707776313142
260 2.8731840056487967
261 2.948078213474424
262 2.8105509673410265
263 2.7917356579119805
264 2.9251069781793375
265 2.6627077992878596
266 2.7752012168746316
267 2.8103957310817007
268 2.6962113388173274
269 2.8709676060768965
270 2.7106113404311145
271 2.7171815013974006
272 2.8580350674366337
273 2.741581673477659
274 2.754693169482304
275 2.860807721237696
276 2.816452559113742
277 2.6638831542283037
278 2.7758108747625276
279 2.8235720725864977
280 2.941951789944249
281 2.906271573681906
282 2.776410044052092
283 2.783004984756582
284 2.7610582056955932
285 2.590980197367413
286 2.8449774224180295
287 2.6956898593665106
288 2.7506407426188804
289 2.699860572147102
290 2.9306655084251116
291 2.770007007835216
292 2.8150067081759436
293 2.7752895732453484
294 2.653980052762526
295 2.9156078766540836
296 2.6433189000721176
297 2.8931320122576807
298 2.7684786397698065
299 3.109664574927402
300 2.6456429924528386
301 2.9094111480888576
302 2.7612953348608476
303 2.7437445101223683
304 2.812844706181599
305 2.7148363866730025
306 2.6889598501983487
307 2.800785578646459
308 2.7770723351675883
309 2.8196644501152375
310 2.7788866255123272
311 2.863302261141633
312 2.7475709017995498
313 2.822371016326177
314 2.616497103801313
315 2.856475407373601
316 2.7363617656868944
317 2.772681224729153
318 2.698206306604115
319 2.992760126391591
320 2.8725180492159303
321 2.6750830975550697
322 3.1179413944577674
323 2.980207528223362
324 2.794216398904173
325 2.8595171877069143
326 2.933628408949374
327 2.8768190097597404
328 2.9642765401546924
329 2.686762934532582
330 2.7001429501963625
331 2.7778917784941988
332 2.807894364066096
333 2.8000294253972737
334 2.700793756278237
335 3.1230013700098485
336 2.5888138074554
337 2.8000150938716977
338 2.844611370951139
339 2.8861727105818233
340 3.077318795178194
341 2.7204750167529355
342 2.5896792491252167
343 2.7021616361652345
344 2.984292436029807
345 2.7588872583932504
346 2.73467594492176
347 2.8056345059131313
348 2.7902774137453754
349 2.7456831331569376
350 2.8349471471353738
351 2.6602415548069542
352 2.7689972862122785
353 2.7907902637514743
354 2.714529441482551
355 2.7789952513141207
356 2.8009750473469537
357 2.8385333455507844
358 2.693036841539302
359 2.662498497409637
360 2.80296249465241
361 2.7702876851917972
362 2.9016865497068127
363 2.6904535765414033
364 2.7797647973599218
365 2.6396434597694385
366 2.8583770692007957
367 2.7355647757523607
368 2.670983508572966
369 2.831163315968823
370 2.9803378606258963
371 2.7267514284694268
372 2.746653575948873
373 2.976650219377597
374 2.808094586034023
375 2.9000580896815173
376 2.5271168498603602
377 2.7346003980455826
378 2.8175529217020294
379 2.8512192394563627
380 2.767416922313081
381 2.9568242453952993
382 2.9277567818376866
383 2.981588811812635
384 2.7538103515124277
385 2.9852671707968033
386 2.7738593384565244
387 2.803645219155472
388 2.7787302784017482
389 2.794046413857413
390 2.915761912788108
391 2.961082367929406
392 2.752940043309171
393 2.826057188594887
394 2.7169287925740813
395 2.7692040518347514
396 2.90646701385694
397 2.80038444938174
398 2.6669578009316575
399 2.852902556621889
400 2.7658888450202817
401 2.823100906694868
402 2.8248809582562835
403 2.8395401316601583
404 2.7384122348583895
405 2.88674883013395
406 3.096023740158859
407 2.6629269969450555
408 3.0102297347654727
409 2.777389263018117
410 2.8164468727757836
411 2.597679772461119
412 2.8846507968937187
413 2.8944871450120147
414 2.8996088606069215
415 2.8276400640014563
416 2.6159368671423073
417 3.0167289594631144
418 2.77333925561841
419 2.96477047600198
420 2.7985175760188556
421 2.726587307287065
422 2.775087970322214
423 2.7866585317306094
424 2.9365197048855913
425 2.7316759239851183
426 2.794337525930029
427 2.669151020695537
428 2.760308219667942
429 2.866459105839664
430 2.8189413013511246
431 2.8230440509048527
432 2.876467786853672
433 2.759486074159084
434 2.7134889356574763
435 2.7002289874814567
436 2.737137357159484
437 2.641645448211847
438 2.7818263850340585
439 2.9529667641667245
440 2.769891841670488
441 2.6444594388359253
442 2.95547786909552
443 2.7229806083569525
444 2.706015395347847
445 2.7754338007557853
446 3.0186573282338123
447 2.779709911790693
448 3.1386557969101503
449 2.802566588245909
450 3.164376167879106
451 2.59160979559511
452 2.66571989401005
453 2.7614985878503515
454 2.9399462748780376
455 2.69478961760295
456 3.0714671953154946
457 2.7111707927652637
458 2.8195605699576394
459 2.7239960200729167
460 2.7164793905980242
461 2.8177284205524336
462 2.812651584949898
463 2.8129769042240467
464 2.7351587784005216
465 3.004001185532064
466 2.668893172681157
467 2.848427372231794
468 2.8135384154210734
469 2.7485471565433337
470 2.8961514663803993
471 2.834533931753201
472 2.8283975207499537
473 2.712038177151512
474 2.7271049242804892
475 2.90671533365466
476 2.896357344187363
477 2.598301318341547
478 2.7407916644354136
479 2.749478807529805
480 2.74472716905725
481 2.949060621924759
482 2.7397089693553607
483 2.8402018108097584
484 2.6927896226613495
485 2.8273530766952653
486 2.8137033014873896
487 2.7639805991013233
488 2.8689546664283845
489 2.7168360350832104
490 2.6884464992425867
491 2.6623680431209507
492 2.7771151136794745
493 2.7232466446097905
494 2.93165754451548
495 3.055941854536683
496 2.6706558144418446
497 3.0917013390967294
498 2.8493282316417368
499 2.703083408849436
500 2.731041947412627
501 2.885548035866338
502 2.811524563761524
503 2.928889705297042
504 2.748224240629583
505 2.725447104383441
506 2.816020250840651
507 2.8019777695571455
508 2.8623108339974266
509 2.69090102421677
510 2.611085810160907
511 2.7249379271473724
512 2.9607818602214655
513 2.844373303776313
514 2.861521709646118
515 2.8503428515209213
516 2.7899020309571023
517 2.7291084347394614
518 2.8214052754315704
519 2.698957004284414
520 2.790398017909987
521 2.7947709554668294
522 2.9633410613298903
523 2.7822289880002824
524 2.932570242934389
525 2.7424787104283603
526 2.8084438660210624
527 2.850653119731961
528 2.6657450860115937
529 2.783469227637198
530 2.9354629893107065
531 2.693010748653929
532 2.9388612753628838
533 2.8305785059548185
534 2.8235241120637373
535 2.8986119230761553
536 2.7428745253234696
537 2.7980015171519397
538 2.824031114005864
539 2.676908294529572
540 3.0407261386991
541 2.759847071107879
542 2.7051100334550213
543 2.8143942579629995
544 2.8047226936537837
545 2.774783088706012
546 2.666366344937166
547 2.7761808710380045
548 2.723004517702612
549 2.848246842103345
550 2.7587603607665376
551 2.657125852479797
552 2.8443074761752545
553 2.79192247200953
554 2.805370489944945
555 2.864311392807933
556 2.716950090187779
557 2.7644162915441424
558 2.8653231552520984
559 2.7024221239519752
560 2.857536796922636
561 2.884542270823419
562 2.697982475728118
563 2.6148220241370406
564 2.7675473638457913
565 2.662883305761375
566 2.8729500219312643
567 2.607599533732361
568 2.7149962545325583
569 2.858100771662463
570 2.7268972860538594
571 2.7909493615318035
572 2.7918613898932274
573 2.9622995947087545
574 2.749678885236161
575 2.8700336804116957
576 2.84350433317238
577 2.786171772516133
578 2.7884747112666135
579 2.9561786604779487
580 2.8042660483130377
581 2.747751376120848
582 2.6651886615265163
583 2.7237815722448477
584 2.827247430090334
585 2.7359132136517896
586 2.952983294924939
587 3.043437592372121
588 2.868256713585792
589 2.805368555371574
590 2.752177991709189
591 2.82346290742636
592 2.8632946791654783
593 2.9828019288511727
594 2.9581328466158814
595 2.8135197386336825
596 2.816506653141895
597 2.759399696152245
598 2.6794385416358506
599 2.7991672178839835
600 2.621231818571702
601 2.6416281626141513
602 2.8798960967768763
603 2.641905732249394
604 2.7143572722228138
605 2.7315072103971536
606 2.832262845837399
607 2.671461347334679
608 2.9431871311292497
609 3.0343060346315833
610 2.843671938505508
611 2.885288512022358
612 2.653604778416011
613 2.782436019083313
614 2.6670871031141052
615 2.784492709858271
616 2.8696238686826305
617 2.7939980763573073
618 2.9182144827493746
619 2.785720757924484
