0 2.569054072398382
1 2.577017999279359
2 2.6063308554686406
3 2.5470663339937194
4 2.634116408299031
5 2.586641654441383
6 2.514927975083073
7 2.6366192975345304
8 2.58101132786395
9 2.642641326645227
10 2.650791943387699
11 2.6692138481491066
12 2.6744215951163994
13 2.796703367777444
14 2.6227755386744005
15 2.534196192920578
16 2.479092456708303
17 2.6691942679232654
18 2.670190518341281
19 2.6011601498683437
20 2.5192575464717497
21 2.5659953947909466
22 2.59094281008299
23 2.590527058603314
24 2.626976607405775
25 2.6853282291016654
26 2.5919407650247495
27 2.607400550509802
28 2.614212521195071
29 2.5540255132518825
30 2.7058145565125966
31 2.7125705242607405
32 2.6563413286713553
33 2.814012236813407
34 2.68056836282865
35 2.4711842273042954
36 2.665582997958035
37 2.7642093433964914
38 2.549865060312443
39 2.4958617585416123
40 2.579099780894463
41 2.545775017310563
42 2.574249782988523
43 2.92536089660607
44 2.5833492879949245
45 2.5533886430009747
46 2.5670669075151884
47 2.6006984525765806
48 2.8302580695468795
49 2.8042261139918097
50 2.6524397041944496
51 2.6757826004642986
52 2.618655101753293
53 2.5962903548850855
54 2.5710104214865153
55 2.5678129534865106
56 2.656836596778917
57 2.6077305694883344
58 2.6899057799235244
59 2.7375933234838827
60 2.461618928423463
61 2.679261394994071
62 2.6018134837606963
63 2.6269703964782436
64 2.551556542735365
65 2.556294794080472
66 2.6186006984319943
67 2.5856082687125874
68 2.6981299743452656
69 2.6818803499923836
70 2.636169543162875
71 2.6179242281840596
72 2.5527433381274935
73 2.5715634806434884
74 2.836484960755283
75 2.5371442848774977
76 2.595482815577332
77 2.6409033883718034
78 2.5969038633738677
79 2.582974802764975
80 2.562717301759865
81 2.529964702806611
82 2.5631914332613976
83 2.6487736287654493
84 2.559810719727119
85 2.6728096452164447
86 2.7751362781403524
87 2.50790891626693
88 2.6101132746282607
89 2.683583937462522
90 2.703820030120729
91 2.648103871954877
92 2.6103301944888404
93 2.7373353460461596
94 2.652935852452906
95 2.694858217186508
96 2.608986577932086
97 2.5951802113061437
98 2.6210079430402065
99 2.6259962940403514
100 2.5947741863718203
101 2.721469004956257
102 2.6215041528704166
103 2.637437688536622
104 2.7097175808580176
105 2.5400780119518864
106 2.598257660545166
107 2.674236300188064
108 2.5927991441662197
109 2.5938372917466808
110 2.7291884499225305
111 2.596418857871113
112 2.558976573909756
113 2.5329994409998835
114 2.7034239057114937
115 2.6133036168369674
116 2.6272516133524557
117 2.548196302640604
118 2.5624133110177696
119 2.6510160765906408
120 2.680951239225432
121 2.520903963985883
122 2.5585814556821074
123 2.7850006416456776
124 2.6916703439938514
125 2.648638055353502
126 2.683919983051456
127 2.751291960312066
128 2.564873314677332
129 3.357162988582323
130 4.193550227726399
131 4.3597986889038545
132 4.605207284137209
133 6.158980636745153
134 8.036295621260761
135 4.006981192260798
136 3.4119165370011064
137 4.337180553472166
138 3.1347670718037732
139 3.7688697389093067
140 4.118582594419406
141 2.895047128139525
142 3.562115224109772
143 2.615007674933758
144 2.6318530083876874
145 2.6698272032972143
146 2.7480953952128644
147 2.552076452003137
148 2.5367853376794787
149 2.751619718997087
150 2.6675607979309053
151 7.209055614063037
152 3.296563275568083
153 3.8777679046419795
154 3.5866034843900176
155 3.3718274530191104
156 4.0667975135590275
157 7.340639476747265
158 7.825644784236599
159 6.93157374395621
160 7.116602521714533
161 6.69412433063014
162 7.924661464367263
163 6.692895171747243
164 6.087268420993057
165 7.650205916042925
166 7.931355133383208
167 7.970844655033713
168 7.415052263841133
169 7.52602384470247
170 7.6702408779720885
171 7.7564178067191305
172 7.497698786421576
173 7.6589502180077025
174 7.538423646245756
175 6.839026682024451
176 7.578043082226218
177 6.481113387824803
178 8.201572127944084
179 5.937946894271024
180 6.217600252322965
181 7.43659552406664
182 6.84177659616238
183 8.07603219489498
184 7.018325901333849
185 7.959663104371577
186 7.7322197058688795
187 6.084137759353509
188 7.821542203404671
189 7.583845288414901
190 7.709320464397013
191 7.650325222479937
192 7.616442552884838
193 3.5290287024797355
194 5.835069343709441
195 7.292138942409691
196 6.2682025236818335
197 7.776482765535138
198 7.395370605254783
199 4.374435314300644
200 3.542313389074267
201 4.193802279592285
202 4.524300562045327
203 3.758909486647816
204 3.7733275302541216
205 4.433862454162839
206 3.4459676087498914
207 6.897940677864177
208 6.129387487802223
209 7.528777583042318
210 7.556898503939378
211 7.138847236587803
212 6.649848374003662
213 7.023078021836848
214 3.570615208791925
215 3.4565440227270314
216 3.6750877694594086
217 4.056251297050231
218 4.159708887151813
219 4.085324083391673
220 5.035960941313855
221 3.489821893738942
222 4.237481324328679
223 2.6318100386374357
224 2.6178084438242646
225 7.224749826559167
226 7.704777666207121
227 8.253773699019257
228 5.215130483754848
229 6.861817793137557
230 7.8846995104818225
231 7.51897572057373
232 3.525742442035942
233 7.732511201925332
234 6.888821675455544
235 7.665225453125027
236 6.954769126583313
237 6.908729412029956
238 6.605824035152075
239 7.887962320641531
240 7.5929960650093555
241 6.776742065910991
242 7.168325895662684
243 7.197676942007112
244 7.668364574996763
245 7.522176843323646
246 8.015070925612386
247 7.103477598762683
248 7.322756083252244
249 7.355344276839439
250 7.734113667582499
251 7.950067935701406
252 8.099435545193968
253 6.337096920375562
254 7.0935919581139375
255 7.843368167936308
256 6.402168125775516
257 7.279169007507764
258 7.432821927255793
259 7.609313990449828
260 7.472201408323005
261 7.109332645884026
262 6.954887357288716
263 7.27179412843664
264 7.595978047692281
265 6.89621978323526
266 6.973258977759595
267 7.609007987964576
268 7.6609298136226975
269 4.1070133762143515
270 2.6263227466804677
271 2.622157062018781
272 2.729906054047301
273 2.760860990076903
274 2.703529496395407
275 2.6556630827378953
276 2.6177379322250025
277 2.6231208312865015
278 2.6944938135304746
279 2.629363868150727
280 2.5400208060434406
281 2.499103977776883
282 2.680316711193534
283 2.8234702540446257
284 2.5937267901797543
285 2.649404428951117
286 2.6083505102864586
287 2.585387153422684
288 2.7441869322147996
289 2.718719331974788
290 2.537699684995697
291 2.5900882691452267
292 2.8588721138498294
293 2.61747577328724
294 2.75799287703171
295 2.6253985813090965
296 2.6339084632905987
297 2.5390263764548107
298 2.610881107158931
299 2.5745086160401653
300 2.7720775539095666
301 2.6702328540900564
302 2.6186356280620675
303 2.7870101735032025
304 4.110522472126288
305 2.6306177111369786
306 2.5021178435059936
307 2.744114732867406
308 2.506942185662888
309 2.5622215500508285
310 2.579515210172767
311 2.5713791010542533
312 2.6612983141715603
313 2.7007791219500854
314 2.5331368310952485
315 2.7175031755942163
316 2.583619623474
317 2.518472593872452
318 2.745430132990984
319 2.508646294577741
320 2.6184300055907723
321 2.6899749943625726
322 2.6760563603756444
323 2.6284296796912696
324 2.5499451067213608
325 2.5719574453523832
326 2.62487850641913
327 2.579784060583918
328 2.568993776300292
329 2.572929797953109
330 2.682886085255462
331 2.509743252419352
332 2.5772258713247376
333 2.542197232062892
334 2.5628451851460166
335 2.6392940856719616
336 2.7564530939056158
337 2.573062126799335
338 2.8149695962063674
339 2.4964767920836928
340 2.5410061084804276
341 2.720944179598783
342 2.6472147334371705
343 2.6455039781792684
344 2.7482811347706213
345 6.491191386786424
346 7.441180939550709
347 6.047621771964952
348 6.640565188147082
349 7.538366212214156
350 7.8923743913470865
351 8.213896119650016
352 7.083812464130649
353 7.894488193772927
354 3.5173960120220347
355 2.868131912525466
356 3.701662735738678
357 3.6351359980387525
358 3.167409624502068
359 3.80633800839406
360 3.191739757976755
361 3.541523428468803
362 3.2863751702743604
363 3.809693400614338
364 3.46002196541819
365 3.2501808490435917
366 2.572382903686316
367 2.546454046240861
368 3.4729428381621976
369 3.5855940824962538
370 3.8474683353131507
371 3.181379016168963
372 3.9547173561365025
373 3.4670541327447513
374 2.5616156977286786
375 2.678466167447215
376 2.6358118436372755
377 2.8750509019919503
378 2.5687250921002382
379 2.6645916219860872
380 8.117274900345786
381 6.406593572032028
382 7.51184022445321
383 8.560004240821684
384 7.771599306102858
385 7.6822097309053845
386 3.3505664534172177
387 3.5312130891945155
388 4.023019724536279
389 3.774053964327925
390 3.0079307247600373
391 3.235686625690588
392 3.5417518000807746
393 3.3700783553899485
394 3.341251459228395
395 3.498588368449312
396 3.1574231433949786
397 3.508912060276824
398 2.964267047898005
399 4.045631637295713
400 3.2599401357094724
401 3.513497830678962
402 2.69069343997258
403 2.6993855599898677
404 2.610919016593644
405 2.540795432364026
406 2.667334445988913
407 2.695072883782334
408 2.652871578072725
409 2.653580487477982
410 2.973325099754215
411 2.5781228339530347
412 2.6917469898663686
413 2.6781257238631464
414 2.771744064456144
415 2.519253892877821
416 2.5269759369046314
417 2.637828777833908
418 2.613559209589572
419 2.8060609090833686
420 2.7057417020919567
421 2.5775960181558757
422 2.6741669738761242
423 2.695388926821033
424 2.7693631594967028
425 2.8136852335814666
426 2.622848801059384
427 3.9321642012349467
428 4.349918064898874
429 2.7010172707028914
430 2.759614605994379
431 3.082705103373148
432 2.6937653814239115
433 2.6555631600529828
434 2.62278449812614
435 2.594578294431359
436 2.726698043293159
437 2.69827853474477
438 2.676269537669516
439 3.4369387943084377
440 3.479163167566558
441 3.6006248944519235
442 4.41192718063909
443 3.4217070399166563
444 3.364806697295571
445 3.240015146849735
446 3.2757857927082616
447 3.2492968014183448
448 3.758187234495131
449 3.16104460467713
450 3.4692515300332527
451 3.764339581885644
452 3.8939736333739576
453 3.449318917136492
454 4.035595859581709
455 3.2061193087554596
456 3.047092339623771
457 3.516146792333651
458 7.497087236283292
459 6.785856340415344
460 3.446742892262547
461 3.0734186380896396
462 3.3456877464949346
463 3.8162808591393786
464 3.628951326214357
465 3.6252722656352763
466 3.140710488130966
467 3.530792079189306
468 3.160441076821699
469 4.2392244493162865
470 3.673838743294362
471 6.7479325646368
472 3.571684143138841
473 3.289870409694382
474 6.440988086476787
475 7.097330873535518
476 7.2642977257751005
477 7.422674388254181
478 2.5774919655713515
479 2.5836610528080968
480 3.5208894555789616
481 3.324416578417159
482 2.918513841713177
483 4.9339306743098845
484 2.6121416132473176
485 2.555532316676884
486 2.5956334547489095
487 2.6284894896163804
488 2.6968685477832524
489 2.6568229127415735
490 2.5763726222238974
491 2.7903170845326706
492 2.735525546859651
493 2.7132424690495154
494 2.671216920829101
495 2.63378697185921
496 7.550080921540524
497 6.9140966502569245
498 5.743516921276571
499 3.848028318872916
500 3.360120747976627
501 3.802477879362562
502 3.404880938334933
503 3.8794539100717675
504 3.2165460457231236
505 4.049627155496952
506 3.2456315867067556
507 3.405880746224905
508 6.845509703842529
509 7.6463959106099795
510 6.2895298056196465
511 8.375539962778882
512 3.4538518336042925
513 7.692063896972958
514 7.928314525075168
515 7.42084756819714
516 7.6326042288013145
517 3.841159653506862
518 3.2405939245609523
519 2.9854319346342844
520 3.96229867844058
521 3.860324321850928
522 7.843101103858563
523 4.079010052720693
524 4.028600743834889
525 4.316521522944052
526 3.6677502542829483
527 3.367473344332374
528 3.8035147433525984
529 4.291922133957582
530 7.012891176720192
531 2.636724181851917
532 2.6187453999079766
533 2.559947039703461
534 2.6991633778950166
535 2.70344846805421
536 2.652024917190303
537 2.9114900340037138
538 2.5874710161040695
539 2.802587513497995
540 3.002652278258141
541 2.64695686066689
542 2.6343594299339896
543 2.8437643429538526
544 2.569397482979821
545 2.5646285349888838
546 2.631187812178123
547 2.890983738333065
548 2.6477434375202926
549 2.8240527117915852
550 3.886582376998841
551 2.586376119273563
552 2.7710712526970047
553 2.6781870219608326
554 2.5873478960874423
555 2.553630399476786
556 2.6963826601697614
557 2.6932595524257272
558 2.6247721524801406
559 2.73054621909009
560 2.5471356507952922
561 2.810555339051976
562 2.7327471373389254
563 2.9131674597305173
564 2.575566285433072
565 2.6589717559008204
566 2.646541257939151
567 2.690395653033238
568 2.6584259172160136
569 2.58939180551261
570 2.6665984003071337
571 2.7507423864236027
572 2.5941989942422667
573 2.6230884131953416
574 2.5956249112775343
575 2.6211259100228794
576 2.5727983424058123
577 2.596403315033826
578 2.6103671207027994
579 2.643095553410941
580 2.550846595125495
581 2.5854328616837656
582 2.6572602509840544
583 2.6248226125141176
584 2.504118019803363
585 2.583017812619638
586 2.6526786056809426
587 2.561585971255534
588 2.5726118757062153
589 2.8031390510176646
590 2.5750570542341955
591 2.6345950827968188
592 2.718908568930802
593 2.6604332532086845
594 2.763011866401225
595 2.6255020649493495
596 2.6401508383169032
597 2.6311580462810222
598 2.653562985349934
599 2.7269794525166597
600 2.6263487150767832
601 2.8730281865285
602 2.6188357233067503
603 2.7037314148624327
604 2.572912789556006
605 2.5089138222237874
606 2.5263258438705365
607 2.625423735438102
608 2.5044756852854886
609 2.548441793426257
610 2.679164347693723
611 2.522373367391631
612 2.6921540070227894
613 2.5423103592013416
614 2.6892078767646286
615 2.5969772609525656
616 2.5071167438987696
617 2.588599728216445
618 7.339821704359605
619 3.504259540686083
