0 3.020046095535773
1 2.947016528677422
2 2.8923285211446723
3 2.850803785380178
4 3.05356758639542
5 3.0385911501406495
6 2.995608158110851
7 2.8520215165082328
8 2.722668223981999
9 3.24579947880569
10 3.102861428402773
11 2.89008684274723
12 2.6972432745764165
13 3.2529164228739518
14 2.909934361465599
15 2.907856169417362
16 2.6456696944973466
17 2.8781246318292784
18 2.839197194660263
19 2.8329741002977014
20 2.8845825729983603
21 2.719441932036445
22 2.7573513270410044
23 3.2688218703996967
24 2.9921023965779003
25 2.7669648273356153
26 2.9399816744146325
27 2.8916167287152676
28 2.898179523598743
29 2.734447636419861
30 2.862721416078601
31 2.843930063841269
32 2.6480519866634697
33 3.012009364721702
34 2.855333345850029
35 2.8243056617553988
36 2.9472733394544877
37 3.1508045747546256
38 2.913767275879472
39 2.858745063520824
40 2.731021836047422
41 2.833075119830783
42 3.0854736825005813
43 2.836119138658826
44 2.86096443484741
45 3.053831296231212
46 3.1151250630976
47 3.010610096940173
48 2.7613221877877057
49 3.0140992146141277
50 3.1607437628650694
51 2.7952175950064233
52 3.123630613095194
53 2.961774062359387
54 2.7476008184967267
55 2.7528218798599933
56 3.054616165714961
57 2.880705600000811
58 3.3213694353179886
59 3.172511169621922
60 3.0340209104445277
61 3.2378412882529424
62 3.0632679357038737
63 2.8155119452293973
64 2.7273901278607475
65 3.3957786228724895
66 3.17689958622275
67 3.2039977132816424
68 2.8762415184957906
69 2.781013998887414
70 2.678257188071379
71 2.9874727022972523
72 2.727549232728958
73 3.0753738930215646
74 3.0785162213675608
75 2.813560261409103
76 3.070494825730965
77 3.062542446179657
78 2.888962754907486
79 2.713337987892487
80 3.4203330086127983
81 2.780816580031164
82 2.5500511274858395
83 2.956770783667064
84 3.2621469766467177
85 4.648369810487819
86 3.7374903446697574
87 2.952523532555489
88 5.100621540464502
89 7.269309994550158
90 7.273045745447676
91 6.409970628682641
92 6.619677014480696
93 6.135799252744325
94 6.59546565231231
95 5.42857995213964
96 6.279936440946284
97 6.1529593160139715
98 5.720851261893977
99 6.031497977785654
100 6.087990438473799
101 6.17246814097758
102 6.7801377591801435
103 6.248653187762054
104 5.141692254938668
105 6.438823964655695
106 6.27287134019165
107 7.963826293765129
108 5.374263778007366
109 7.443698475092412
110 5.526854236780086
111 5.447364408310451
112 8.265874202036366
113 9.694585833352269
114 7.122783825965376
115 6.984993608986317
116 7.456735563568023
117 7.098587781838112
118 6.882500544357139
119 7.633508823102336
120 9.657413543711904
121 9.729258261758334
122 8.754900202876719
123 8.34210497301143
124 8.7979899270862
125 8.145693259979783
126 8.293711271461259
127 9.171978161114556
128 6.019602167890145
129 4.859267843322988
130 4.787316104086952
131 8.322461204211603
132 7.186217171037805
133 8.286530270392566
134 9.409228533522857
135 10.772067413643171
136 6.730904150002487
137 6.867088271473024
138 9.521641395999017
139 9.415411462434967
140 8.355244545899668
141 8.117259976401275
142 7.593312461011862
143 8.791639258725391
144 8.840111891561964
145 8.50411815218827
146 3.8664752804925198
147 10.59646275189879
148 7.274123980739541
149 7.764856809556719
150 7.810061568720384
151 5.119467565720968
152 7.637242134118228
153 6.004912994064878
154 8.128602986700141
155 8.370850742642196
156 7.7751871456409765
157 5.111314917496792
158 4.889172167714463
159 5.14881231438576
160 4.79496133227677
161 5.127129153923827
162 4.838529562581555
163 5.518892362552699
164 5.256503374448846
165 4.269207368133407
166 4.6251411004511755
167 5.065365538230108
168 4.892126003656227
169 5.34867960321544
170 4.372500424683141
171 4.9933576679314156
172 5.188100719473606
173 9.385195611156862
174 6.989868340548394
175 7.2566226122046205
176 2.9657899540376853
177 2.809244174019007
178 3.1495794646314454
179 2.6187949577335172
180 2.585047699595361
181 3.090902080491141
182 2.810415718214869
183 3.047521086638507
184 2.797787806321932
185 2.89283791866582
186 7.124629697892564
187 3.7397150095480733
188 2.7634649820638533
189 2.7310569169881984
190 2.7512872166642217
191 5.2209617423025225
192 6.407979891196334
193 7.171147899824951
194 7.084910402270865
195 6.448835604996428
196 8.772361928154066
197 7.314592151240141
198 8.638924633382072
199 8.415719073603498
200 8.028675739919754
201 8.800472412926403
202 8.955089147532666
203 8.101159241813441
204 7.648669377918862
205 7.347113592903638
206 8.667803384170636
207 7.647463499372099
208 5.427052903981386
209 5.669370403374358
210 3.184975076825853
211 3.239456723371617
212 2.8538593600009716
213 5.4432043836922235
214 7.610647209948224
215 7.852602845217154
216 8.5041541231948
217 7.425921532887032
218 8.023753794173507
219 9.721339815685333
220 8.950832527821362
221 9.453876788679601
222 8.696467335017886
223 10.730273779285842
224 10.113665599306685
225 9.308606171479195
226 8.614948157503765
227 8.60244139920231
228 10.498810862198514
229 9.212204374442665
230 8.623037460011101
231 8.643935036276513
232 7.383266876495837
233 9.765194577449586
234 10.015335699312002
235 9.331319490094304
236 8.427618954775758
237 8.11781955947434
238 10.218451835659536
239 9.801604542611171
240 7.324750729520606
241 7.224669273845466
242 7.368522796976342
243 9.353318369766438
244 7.629373894779429
245 6.10230460290285
246 6.59654988071896
247 5.586718928177413
248 5.259350832862815
249 4.529989339440222
250 7.459705198936706
251 6.757233577536918
252 6.643537858238272
253 5.205173576714264
254 5.919575385552859
255 4.497650815805187
256 2.958691442486056
257 8.027243801803682
258 6.979001791290068
259 6.893381613105529
260 5.67242668501521
261 8.035853040411213
262 7.348230994359801
263 7.819026910266114
264 7.050098159555428
265 7.572063465688017
266 7.193460005128275
267 6.911280960225711
268 6.143083240252971
269 6.887226898860859
270 8.23427798627058
271 7.694835471496806
272 6.611521244182628
273 4.687328710476501
274 6.416792957591927
275 7.691363601896867
276 7.342224272856553
277 8.088071879670213
278 6.432121256866193
279 7.4216756280449925
280 7.690455788777161
281 7.026123097695265
282 6.680948696125335
283 6.973761613041598
284 6.077139844646116
285 6.24275845378459
286 7.6682449141533855
287 6.140161337066362
288 7.352704945106391
289 7.817598530107007
290 7.382334796046958
291 7.728909375415777
292 7.4387391682117885
293 6.715562209624129
294 7.353933710288684
295 7.343757641359289
296 6.360530921690949
297 11.843943598752604
298 9.615618218266688
299 11.960920369335192
300 10.656463782827625
301 10.262831791664825
302 10.54541205533148
303 9.665470164169896
304 8.990163900405843
305 8.81948158627202
306 10.372146967777919
307 8.959469916974536
308 9.108392927873664
309 8.945993087631402
310 9.812417391801304
311 8.953042383885334
312 10.050193619995465
313 8.969269579383976
314 9.30190127407935
315 9.509683046628927
316 7.677002500252603
317 8.503347818988884
318 7.80833935102508
319 7.800538905264363
320 8.645006661218382
321 8.62334342407121
322 7.68566406288434
323 7.405252379431491
324 4.8004316035299865
325 7.440704011451695
326 6.645235084947183
327 8.229568822477065
328 6.553477874282453
329 9.514657847739421
330 7.39042569935189
331 7.1419540476832255
332 7.04914835380434
333 7.452604670744048
334 8.047084142073693
335 8.051827910648738
336 7.2832972252113075
337 7.738923875321268
338 7.165512179572342
339 7.9316076202456065
340 8.008046115672077
341 8.747809686424757
342 7.535496264624034
343 7.136279589412059
344 3.9634902685467077
345 6.87273268486797
346 4.989928159463713
347 2.7353790116684187
348 2.8036628537530546
349 2.670486440247866
350 4.3583853438386715
351 6.354525398445498
352 9.982308991950427
353 7.857433863047495
354 7.628957445380022
355 6.87851214220804
356 7.3254701733739624
357 7.506655974232343
358 7.3464601207587075
359 7.171186905634393
360 7.11793075350703
361 7.643195323078613
362 5.426083450320536
363 6.761249025411646
364 5.218249144997834
365 6.29448533770368
366 11.282400781359174
367 10.978649719989779
368 8.22361916230836
369 8.035448714297797
370 6.357227317251861
371 7.930943456550952
372 8.56497842553587
373 8.813704684579273
374 6.942031065801359
375 7.846485407933717
376 6.7571749764655165
377 9.686827788182825
378 8.6707034900954
379 8.837653386264641
380 6.885474674147109
381 7.85857354033827
382 7.477731705108662
383 7.5966146841722155
384 7.628514375258702
385 6.548346323397739
386 5.2291544753460935
387 7.349809684272133
388 8.880684835148312
389 7.177173170814346
390 7.898917778304764
391 7.2367683516405075
392 7.053668679945982
393 8.28768224824467
394 6.668697459462549
395 5.126050148722266
396 5.692922871366572
397 7.309996930675634
398 8.080857721236924
399 6.673672071276487
400 6.487089442940147
401 9.243372771069824
402 5.643174675072332
403 8.210548552405667
404 8.86617135752818
405 6.300414995586609
406 5.857292399901329
407 6.849651548140458
408 6.27453255849629
409 6.762463190293963
410 6.526958371018497
411 7.6969254395467805
412 8.316924273295394
413 8.691786861640004
414 7.124117497720397
415 7.055753961525285
416 7.3317173093386625
417 6.675211261781554
418 6.591707238558664
419 7.193945828548053
420 7.291893492094334
421 6.914527246193526
422 6.490454339825353
423 7.944078661299583
424 8.81482665448715
425 7.62784817752677
426 7.090308986098312
427 7.5002702483814
428 8.038315721227155
429 7.6336477423430384
430 8.25549822593907
431 7.625496586733562
432 6.758567938936002
433 8.819802625925478
434 7.320949227318178
435 6.797630297360833
436 8.333643974889178
437 5.975660366982949
438 7.951270996495781
439 9.673887398945206
440 4.684863860957349
441 7.391156388870654
442 7.583329074428278
443 8.145005294819033
444 7.346104756474348
445 5.223478093827597
446 10.3550437269198
447 7.93340915432282
448 6.69418303205958
449 6.72191756606266
450 6.3696406864440425
451 9.378040094076056
452 6.986984953477759
453 6.971776429804424
454 7.462581831851337
455 5.5192262885036625
456 7.543004399412609
457 9.488771074441557
458 6.683489789761229
459 7.832477259752978
460 9.435909983700252
461 5.3285151631223435
462 7.686089948588567
463 7.76228221164152
464 6.489406787509204
465 7.323435891638533
466 7.152672307053861
467 6.745592375002548
468 7.9175249619063885
469 6.282797379550937
470 10.253918225836467
471 8.064625348584263
472 6.7420110621425815
473 7.451514758641983
474 7.864933244087318
475 7.53029675598229
476 8.691305601009455
477 7.228867771455314
478 9.121012584011773
479 6.164241280736985
480 6.512578877815621
481 8.260249085200169
482 6.254392148815738
483 9.027172164471867
484 6.930195778166076
485 8.001883841601515
486 7.359274857002348
487 8.395994361728365
488 8.283073558009061
489 8.229867557264182
490 8.689388950027103
491 7.934894597071801
492 7.090916150742267
493 8.518964804596774
494 7.39505216914116
495 7.295497996524041
496 7.108452664868811
497 7.667610939024633
498 7.262139622660061
499 5.434465313581167
500 7.9244219742134145
501 7.641109810561521
502 7.158575872266378
503 8.370159157688802
504 8.73071593753879
505 7.532938423571633
506 7.69887469154213
507 7.721306393079914
508 5.6084418762026305
509 7.151505481716757
510 8.702501268180855
511 6.642352267129026
512 8.176970548559604
513 8.105018778832328
514 6.792853411527079
515 6.330521921396291
516 8.018119921603624
517 7.155382959888461
518 7.305548052008715
519 7.65621916862977
520 7.8186456912835185
521 7.216238253715685
522 7.746758235052611
523 7.491272509905878
524 10.857564678534724
525 7.646583698042487
526 8.226744573259001
527 6.838592719427036
528 9.817187228876445
529 8.669981924763213
530 8.284347533614955
531 8.629477754922684
532 7.087377883346464
533 7.4899680498213135
534 7.477444927385144
535 7.2216897591911025
536 7.274453405408999
537 6.797972725180835
538 6.0090575906432715
539 7.226396006914711
540 8.279729305115813
541 6.79488565455854
542 9.800413426835794
543 6.887179805496651
544 9.94846154859358
545 6.82502843268318
546 7.982536033379208
547 7.084335111478471
548 6.771368251720296
549 7.7409777204822126
550 7.217957566751118
551 6.360461613044929
552 6.206959763103782
553 7.717456984592847
554 8.168878690978797
555 7.1486270179847855
556 9.34028047575508
557 7.865193691687228
558 7.613596897620774
559 6.559549761102469
560 8.626119531064884
561 8.644822304857172
562 7.022754325947907
563 7.048556627878219
564 9.81139427230947
565 6.246247329331211
566 6.947459585092518
567 7.354569908920452
568 6.598654045522373
569 7.4799063480598935
570 6.523522926553321
571 6.559445880115233
572 7.279706928602635
573 6.258603635206666
574 6.0203888509636965
575 6.839253955610226
576 8.147254634358086
577 6.48075502904445
578 5.891927200837084
579 7.186039720524748
580 6.314534629048697
581 7.516003415778229
582 5.648182553794226
583 7.170259648401735
584 6.254404917340549
585 3.9354226428925916
586 3.3841883628518974
587 3.192666610545022
588 3.0146675598534522
589 3.0119793596623174
590 2.7151907581498773
591 3.032330448192706
592 3.0686853299129377
593 2.865433247426333
594 2.8280467300480585
595 2.9929304072442573
596 2.7154838900220764
597 2.8724448732379404
598 2.6937805415400704
599 3.720150075239681
600 3.339568912842409
601 2.8703742623246873
602 2.8282524680856116
603 2.656752794881108
604 2.9500540981552748
605 2.8219190440234847
606 3.6409088319606555
607 2.7474638367925475
608 2.8695118784912155
609 2.940196839661761
610 3.2099552148420964
611 3.033223950745334
612 2.8986374867399363
613 3.2075692292874374
614 2.8117218024332082
615 3.1750707797946993
616 2.741117708475805
617 2.9747913423046386
618 2.912969963703072
619 3.0605927862868842
