0 17.14981047557883
1 16.903075485662363
2 17.000977725904118
3 16.77603698272914
4 16.66388817770957
5 16.38196082675487
6 17.16490246282286
7 17.056722546333546
8 17.085632644835144
9 16.53577473223592
10 16.77149160535048
11 17.070850418403666
12 17.661755822749036
13 16.365019718381394
14 17.329604125606735
15 16.706369231025676
16 16.502625838218517
17 15.699203006896303
18 16.07530778531365
19 16.67418854852436
20 16.546979442493576
21 17.971804869335518
22 17.06889027090712
23 17.306863465370586
24 16.17620013402553
25 15.648274162037888
26 16.89936824953693
27 15.596184190430302
28 18.058833466670063
29 16.79408219755901
30 16.98017227907303
31 16.553201375194124
32 15.523037680494964
33 16.380176111641205
34 17.556239074797396
35 17.83891954257563
36 17.46447195751859
37 15.364851585407242
38 15.55729241507872
39 16.817970282181566
40 17.3465960528597
41 15.853720736349292
42 16.09859283583793
43 15.392679035484566
44 16.02024535372757
45 16.63816143350847
46 15.556605110745808
47 15.236100143622513
48 16.337094117606625
49 15.642496583215628
50 15.948645701633087
51 16.48935977908341
52 16.714854647060946
53 15.382033126829107
54 16.947118025636794
55 16.45208192589901
56 15.663300983216795
57 17.77114090780212
58 16.166223466134255
59 15.709458892319084
60 17.47015636623882
61 16.639093749653437
62 17.702374592518908
63 17.72723750617705
64 16.608778934905494
65 16.38577092028842
66 17.36007072489405
67 17.198680088481435
68 16.219881157572228
69 15.624431717217721
70 17.59155839585909
71 16.467651422227675
72 17.183744329034436
73 16.820563491336923
74 17.717555279777834
75 16.143942420013055
76 17.115842936692054
77 15.63305553417808
78 15.325569996202868
79 16.847247160660118
80 16.222601749048852
81 14.303797866279895
82 17.320120146294926
83 15.626898935356468
84 15.820458100880431
85 15.932634681549539
86 16.924986272759845
87 15.281533606820254
88 14.883210324708553
89 14.781671434838971
90 14.601049989498852
91 14.644521301484794
92 17.358758637036757
93 15.376330212795216
94 14.591642427045684
95 14.148254392445937
96 15.817240183570984
97 15.855281712273715
98 17.002913109915536
99 15.088454581045442
100 15.988157037633773
101 17.7101030462541
102 18.028968172273473
103 17.39034992444815
104 15.279258665763459
105 14.899584506577913
106 15.044694128664364
107 17.400440198550562
108 15.822212685194437
109 15.431190366845154
110 15.178771195231711
111 17.40345979109819
112 16.848545081126364
113 15.851897140897268
114 16.57041463545604
115 15.623092289372508
116 15.937364561526492
117 19.28071963410108
118 14.429744848132994
119 17.056288864892696
120 13.799933767704392
121 11.965384378273997
122 14.868679525291688
123 13.883881687976313
124 13.693074715296026
125 13.173048095171545
126 13.554211942025415
127 14.95608206708999
128 14.294218918319
129 14.78648726880551
130 10.866753416987939
131 18.53696848683799
132 16.47199147598204
133 16.05332998564505
134 15.410408937725409
135 15.970242267601389
136 13.6533376926531
137 13.391588176337972
138 14.193462972805653
139 16.70889108258299
140 15.01142562460261
141 15.342620797976565
142 14.844931105092925
143 13.691160018566604
144 13.588889847534777
145 14.213926590175435
146 15.178175224508164
147 14.187826601355459
148 11.108468055570478
149 14.357628888619852
150 10.356354180075868
151 16.452104882652925
152 11.011244797333788
153 14.20996939549376
154 13.683059979347309
155 14.206813237701303
156 14.43079671080523
157 12.490671344149233
158 12.79688912564399
159 12.5278195215794
160 13.499687865192573
161 13.822543190187606
162 16.298871105796987
163 13.913106227752877
164 11.82833500383853
165 13.088762899417478
166 14.40984380316902
167 15.890211133523813
168 15.03862046483955
169 15.926749912905182
170 15.289247881097937
171 15.723754148666217
172 17.577371351714998
173 16.719711718910048
174 14.824559558486992
175 12.317999542577699
176 13.86810533689756
177 13.983366652267986
178 13.049183914527976
179 13.041919763520589
180 16.830547949543455
181 14.243155409827917
182 14.007305110342745
183 16.16849466805405
184 14.928324777005356
185 14.006463344282318
186 12.416061150404293
187 15.260575408872178
188 14.188215992594765
189 14.626514255720188
190 13.933339963913808
191 13.622128961526025
192 12.02072223594313
193 13.76351987376596
194 12.993729552083002
195 15.712844987652995
196 12.821073924107294
197 13.69630816580906
198 12.37382979282625
199 12.624582548547274
200 12.346069710249996
201 13.582629186763704
202 13.034368037597742
203 12.502141656525275
204 12.455924736311202
205 12.91758909728211
206 12.959702920360025
207 12.874536519252803
208 13.32001574970168
209 12.994890207094317
210 12.688632840236007
211 12.719832974785492
212 12.629670029482138
213 12.44151372427436
214 13.088003918516476
215 12.863591012363745
216 13.289294871975565
217 13.385666534542803
218 13.845189031424894
219 13.48347942554934
220 13.753655375155994
221 12.594702797548344
222 12.272662252149765
223 13.775972608822103
224 13.84716724503533
225 13.19257140730274
226 13.194267019758025
227 14.13765610685353
228 14.08685558676385
229 14.39244962108106
230 13.228818321928395
231 15.050380025046264
232 13.520393997699507
233 13.470294490560462
234 14.925442357348784
235 12.64632368051176
236 13.11338343828082
237 12.717402096099576
238 11.928948724949144
239 11.723260413490644
240 12.735863454591604
241 13.04135816327705
242 13.46620292277562
243 13.39347358987137
244 12.844567611051671
245 12.749424500830674
246 12.557438448653539
247 12.584035496006234
248 13.52884706657741
249 13.112812272771741
250 12.081938995769939
251 12.959415654620818
252 13.32680502793302
253 17.31440624725819
254 16.032513641087174
255 17.337841492647893
256 15.162252736389759
257 15.049937167667963
258 12.755717977606256
259 13.371418979929697
260 14.644922661911881
261 13.618620522181315
262 13.995485919104942
263 13.373016945237778
264 14.109498576554435
265 13.812554184272324
266 12.525959661429237
267 13.152417879649358
268 14.315604796423008
269 14.886121052149784
270 14.050518601225907
271 13.871558625536581
272 13.223926990266476
273 13.689462429894627
274 12.805567887850891
275 13.81247209041624
276 12.730564565305134
277 13.87088428211426
278 12.799727666101495
279 13.659755751446761
280 13.797540601625856
281 13.35140707105679
282 14.813060340060375
283 14.003857605520844
284 12.810493727751586
285 12.658325824133382
286 14.161467601360984
287 14.680008044816871
288 13.601638530200221
289 13.302108665143475
290 12.884331116201189
291 12.848373713439386
292 13.09595820419351
293 14.168054899525993
294 13.458572743710105
295 13.153674199932045
296 13.519464527480707
297 11.958233010321038
298 12.184743829802562
299 12.556925027471522
300 11.717909620150412
301 12.31672116773505
302 12.733771917166859
303 13.54656847211852
304 12.958401123173829
305 13.833451367268411
306 12.624549023506125
307 13.00136776100682
308 12.42882931486875
309 12.865171742803218
310 12.634570661525766
311 13.317377665129195
312 12.181062201538394
313 12.338834167577792
314 10.776914944155452
315 13.407129748999695
316 13.789920089699406
317 13.195733080564375
318 13.79052017146676
319 14.278690060586044
320 13.457416972787104
321 13.730939457978534
322 13.673131311342146
323 13.486026484175394
324 12.602429314050235
325 13.415874612752106
326 13.191287650951725
327 12.441094501082523
328 13.223523426816788
329 13.587521295292438
330 12.916839657186026
331 14.072134110850092
332 13.234478260473347
333 11.706253358504332
334 13.822808063627201
335 15.332451415853306
336 13.061240930903042
337 12.815613788536261
338 12.368235014372733
339 12.890183770177199
340 10.515784553969041
341 10.480261775285
342 16.154933426627924
343 15.328963213966915
344 12.992133628391663
345 13.363416314909449
346 13.443335569991266
347 12.52281566901702
348 13.615962777995618
349 12.876660898769472
350 13.205627332448659
351 13.05943486235192
352 13.061850147030729
353 14.628677213601016
354 12.757560567137384
355 13.24690583502171
356 12.983599289021091
357 12.36745472644783
358 15.153517289704384
359 13.313485484675347
360 10.967532687411413
361 13.580589786337296
362 12.75822165337217
363 19.39211970421486
364 18.029361560946576
365 12.744988323398816
366 12.406177974801476
367 16.47100120414023
368 15.046026307006699
369 14.390273322414464
370 15.195602507162603
371 13.348856601557454
372 14.515755221113306
373 14.025463827989185
374 12.944512022076458
375 13.247026902863706
376 12.327076364040497
377 13.085648181996596
378 14.133840537420136
379 14.401470078095656
380 15.576046489298541
381 13.973413291542855
382 15.629412682523652
383 13.58679368023286
384 15.21431729569905
385 16.12482794646359
386 15.862826124933552
387 12.334453425933589
388 13.727305845771678
389 13.52215272341074
390 12.756728638855906
391 13.287959392165648
392 12.98800413740095
393 13.965548988145196
394 10.556240261277956
395 12.504468224020016
396 13.870018256068816
397 12.62234122100552
398 12.328151353747192
399 12.472345129008485
400 11.980753731516366
401 14.501779268894678
402 12.519318570477415
403 13.003440867791067
404 15.738606447430556
405 13.225922285473356
406 12.683308204361984
407 12.94535468141637
408 15.210545208431796
409 13.295569980918582
410 16.665705179642305
411 13.145494449593796
412 13.367040145191252
413 13.138297887739517
414 13.209145328721974
415 12.499112733488234
416 11.08764710625771
417 11.221516282854626
418 16.178233118073482
419 13.679239528113103
420 13.300466800962685
421 13.209506800233681
422 14.787494867951986
423 13.457086503602193
424 13.41587203404467
425 13.33360242388716
426 13.94558718854812
427 13.258758145188548
428 13.266093390112738
429 12.674492963446946
430 12.951182558621568
431 15.408692389785278
432 13.666847998493848
433 12.114451127655292
434 13.11182267291303
435 13.131626642584454
436 14.350812147490839
437 12.082603693121179
438 12.626159925016244
439 13.350517137814306
440 14.851028194692805
441 15.217879229127336
442 13.52396222702633
443 14.185479190390183
444 12.782336523817763
445 12.95379714466494
446 14.456625814632687
447 13.056382185920317
448 12.822356179661147
449 11.696521514115243
450 13.40429622217502
451 12.659780673449406
452 15.639649520464765
453 16.22245121991768
454 16.268533946204375
455 13.998883669873598
456 14.00882995125547
457 15.862861566020865
458 12.767881541951603
459 12.824637251354048
460 13.985498983790306
461 12.447723153533627
462 12.963027741041152
463 12.778113686349059
464 13.555106525561172
465 13.332855983863475
466 12.543214939768555
467 13.034704270900813
468 13.723783385261326
469 14.901527915646373
470 12.48062337369547
471 13.492341031055831
472 14.236732236667487
473 13.56575493592077
474 12.841735066468368
475 13.930816370875217
476 14.392366340272918
477 14.229603909399122
478 13.368806313902866
479 13.626712749190432
480 12.696699817241596
481 13.24969941550375
482 12.29767169110871
483 13.531819925314903
484 13.729048121803574
485 12.316758060126517
486 12.398347965364247
487 13.159362637838623
488 13.807412335806028
489 14.86782022516848
490 13.701660506851574
491 13.200228664834599
492 13.372158889806316
493 13.86723823186883
494 12.900223574921942
495 13.486981972634865
496 13.549841042020127
497 13.517514257699977
498 12.71911221778921
499 13.51426288420855
500 12.864966081097474
501 13.62247573560548
502 13.902640936010535
503 13.57097233207249
504 14.218145542613968
505 15.232202490240601
506 12.921936752909888
507 13.149676462417336
508 14.231082766472081
509 13.557920677115405
510 12.532160146429197
511 11.650885958776174
512 12.67484353968384
513 13.210761554297372
514 13.239311792429477
515 13.604412695837812
516 14.114893416241715
517 15.092927337504932
518 13.754353773109818
519 11.720640829111133
520 12.994663021061845
521 12.671549527151763
522 13.220146850261278
523 12.253534839214943
524 12.36459960823746
525 14.147011820496102
526 13.501332054070213
527 12.017404733737594
528 14.305543110931636
529 14.600902490878642
530 13.975583403947827
531 14.331687883343298
532 12.844484708952095
533 13.425978878217773
534 11.610546769054551
535 10.628583631650754
536 14.83465566952064
537 12.455296964961757
538 13.78375995062728
539 12.637619051531377
540 13.63455977556102
541 13.400069682418598
542 14.765762276181373
543 13.671271729747007
544 16.261900596079393
545 14.808309268129115
546 14.573410882046518
547 14.295377689698306
548 14.401378562719957
549 15.103234310595747
550 13.462066517754227
551 12.416593907170224
552 13.633630999721651
553 14.168579270825461
554 13.256381447320821
555 13.131582172139233
556 14.14688838593484
557 13.922715803204836
558 14.032615163582586
559 13.939523219904418
560 13.452422392992485
561 12.842100094309096
562 13.205134368137461
563 14.479644898458954
564 14.164052041929404
565 12.20405442607399
566 13.07461648777888
567 17.293518614975152
568 13.685694678121822
569 14.75086089367164
570 13.669262211601795
571 13.828567935575855
572 14.306755099157463
573 14.105207644379883
574 14.86045404774994
575 14.247871325949534
576 13.241732306769373
577 14.174995862884282
578 14.432545119942073
579 13.292173167720836
580 13.989188051772249
581 14.27734741037448
582 13.101555256893246
583 14.047740617577357
584 13.30915125033191
585 14.671608936531735
586 14.370499459860483
587 14.316727601453099
588 13.088668338959469
589 15.067028278093472
590 13.612089772807245
591 13.685864702709422
592 14.808719845386646
593 13.76925019121911
594 13.515116656196925
595 14.142904320609317
596 13.99257927827522
597 14.074679641042778
598 13.986274600023593
599 13.053652458597567
600 13.727321001001002
601 13.560289147673833
602 16.518318524181165
603 12.011218582426183
604 14.54482213640749
605 12.27491023666905
606 12.1783439155653
607 11.587444806564692
608 11.771014958046942
609 12.192017748629
610 13.438551947247067
611 13.841338022028765
612 14.610009732811518
613 14.31044076977807
614 13.917932714449854
615 14.851978313369797
616 14.419940398639646
617 14.168483274748617
618 16.12263541147277
619 14.473147626998207
