0 2.545550780980901
1 2.5636983584022346
2 2.591758353854719
3 2.65211497565674
4 2.5961399650009698
5 2.6758087654352583
6 2.6762904095529416
7 2.6228726686222177
8 2.5127870497149387
9 2.521453943706239
10 2.592319242288285
11 2.622128649603673
12 2.5634099920781206
13 2.6934190787480246
14 2.6075092663072437
15 2.588531048071627
16 2.6512539928802905
17 2.568597514536836
18 2.570645771509044
19 2.4881661466026044
20 2.5537421913155085
21 2.64822034345387
22 2.664204325494163
23 2.7213318858050495
24 2.5899858817389836
25 2.663268780243866
26 2.5519747767405967
27 2.6471344870924303
28 2.607102524148437
29 2.617619324556735
30 2.5998349557433946
31 2.6852015145226305
32 2.5723586333103468
33 2.5874272498398225
34 2.634964261860039
35 2.6099060749738707
36 2.6374216563510227
37 2.5857006923539183
38 2.637335109547286
39 2.590153833187531
40 2.67070147042071
41 2.5926327614153903
42 2.6619672118830455
43 2.678746714911753
44 2.698811352167841
45 2.664098071945917
46 2.6655636537134257
47 2.4823543579472274
48 2.616292210126577
49 2.6311974559654097
50 2.467126140496248
51 2.8026157031191987
52 2.639920905677841
53 2.500492142899964
54 2.7187487728250033
55 2.7328087968955668
56 2.5486032752676193
57 2.5118600785190983
58 2.686530566529565
59 2.667078071036518
60 2.6432644150056466
61 2.871350942018923
62 2.730968915117998
63 2.6155628869151126
64 2.6683576220546668
65 2.5728555493869822
66 2.84441614143371
67 2.5345954619271267
68 2.838235550465702
69 2.7086877063289845
70 2.6640377721087765
71 2.758570345658413
72 2.557202983115246
73 2.559948261427808
74 2.505151752907087
75 2.617418037655816
76 2.611835452408678
77 2.5909199939425718
78 2.6024637700271547
79 2.5920718216551477
80 2.590227326312905
81 2.5497375783107428
82 2.573003061035919
83 2.734296737399327
84 2.711463585807328
85 2.723638774221533
86 2.6016657006686636
87 2.7190824369251336
88 2.5815331111312703
89 2.6790557607326786
90 2.6160964670245437
91 2.572352871627537
92 2.7953976894513475
93 2.5877729240368943
94 2.597568119953323
95 2.635041490510305
96 2.6092706290677903
97 2.6970236800589267
98 2.6349935147285586
99 2.576590751685101
100 2.730084875426227
101 2.5474875746872896
102 2.7233759268661455
103 2.5472086275466856
104 2.7663141866977243
105 2.6194617161007976
106 2.5062112233064178
107 2.647193748979236
108 2.6360854297629572
109 2.6048595443226823
110 2.6343201453183354
111 2.47329117139837
112 2.578324645190317
113 2.69662176343446
114 2.8036108610782535
115 2.5668668853178978
116 2.5639821721222518
117 2.6653348734604716
118 2.564361887712915
119 2.662759528412869
120 2.5548171423702333
121 2.661182788003119
122 2.547909721994486
123 2.5627560486205025
124 2.5036268112940436
125 2.5410242462785355
126 2.595140616890492
127 2.6063218065208376
128 2.5540375430106326
129 2.622539843481927
130 2.574942855686267
131 2.6340778073907414
132 2.6725600233330638
133 2.5349007011917117
134 2.650317748576937
135 2.7190022146682886
136 2.57034336246979
137 2.639583227141688
138 2.5259061583494824
139 2.6534190780076785
140 2.5450670096018
141 2.7555945764040515
142 2.686753066947111
143 2.7133041618956226
144 2.59856940807029
145 2.6283032348327535
146 2.663618649617017
147 2.5918533005185527
148 2.6251607275723043
149 2.6624351672964095
150 2.6973360292792186
151 2.7027811216799154
152 2.485476027240817
153 2.8281835494323135
154 2.536135326001751
155 2.6361477438364576
156 2.596837616390129
157 2.5682286851238234
158 2.6778052687494727
159 2.8619228794477243
160 2.6123784663282774
161 2.664412837249217
162 2.5115034766223188
163 2.835829506835537
164 2.7771330042628475
165 2.62476853540504
166 2.6633445233232576
167 2.5489848205561283
168 2.8355736589343854
169 2.569283206300199
170 2.704694260342921
171 2.605056833114154
172 2.6766284927814503
173 2.878690484154953
174 2.5855556475228547
175 2.723354028741821
176 2.601952928466014
177 2.640883022390848
178 2.4516152624575756
179 4.5897583135021485
180 5.163484678998767
181 2.6345040731702136
182 2.5736487311678977
183 2.6720700727377897
184 2.5847809973372873
185 2.610035483946018
186 2.756532985347369
187 2.6247408393226004
188 2.734346724935036
189 2.621860410753981
190 2.679412971874968
191 2.5951652079840124
192 2.715377698811871
193 2.7909320698232114
194 2.6054832985144487
195 2.6495711209617645
196 2.8099748372362874
197 2.563216394704908
198 2.5504724607835567
199 2.6915368899709198
200 2.69894526486016
201 2.5784244271534127
202 2.6284702119754764
203 2.6179771476930322
204 2.7070199150037615
205 2.5975456263745063
206 2.555969527442115
207 2.667541439323072
208 2.6662534251535885
209 2.563907753466245
210 2.553102937731686
211 2.635680762274434
212 2.588566072762287
213 2.579989031943632
214 2.8163244282450877
215 2.5247550249187762
216 2.555955811418353
217 2.5247623052525334
218 2.5652056106534338
219 2.669855520719025
220 2.5111233842640837
221 2.5686979190992933
222 2.6527601355965924
223 2.5948348845092513
224 2.552477258497079
225 2.601598829804437
226 2.5082482776613944
227 2.5493884726960685
228 2.7091064053251768
229 2.7459866143298974
230 2.7411928162744057
231 2.631772290750408
232 2.6665789236821222
233 2.6786487711726554
234 2.577924362700362
235 2.6544427278847755
236 2.601084287767797
237 2.5032964386185226
238 2.662558772199585
239 2.577995333862486
240 2.660937824351141
241 2.802412379321038
242 2.65727081681137
243 2.671717937602844
244 2.6822726882687467
245 2.560579740906282
246 2.5715704362502656
247 2.5250528233292124
248 2.652853775326549
249 2.615758737751301
250 2.6099385916921785
251 2.706154131939004
252 2.8804891237711847
253 2.6544478059370373
254 2.784194374475103
255 2.7427195879695914
256 2.6896187535955285
257 2.785914271396671
258 2.8121926558986075
259 2.6204129619273195
260 2.714173630330353
261 2.7464641563579186
262 2.734806777798932
263 2.7589377096079803
264 2.7250909468270392
265 2.6001466751878723
266 2.618127834061034
267 2.735039950106531
268 2.5410125479656185
269 2.5679409873088255
270 2.542111248568978
271 2.552496259976308
272 2.6413440323984716
273 2.5638410089586325
274 2.759833162812069
275 2.5608889651063786
276 2.6612396419950204
277 2.571822169509445
278 2.6252050736580563
279 2.5341183702858094
280 2.6748309858590074
281 2.7302963843475894
282 2.619928239331676
283 2.62488671814662
284 2.541886424545794
285 2.6507002004078024
286 2.612067834896867
287 2.5206405017664806
288 2.670284265727989
289 2.5167094753447246
290 2.6503549460274196
291 2.612937569833658
292 2.6051895728668852
293 2.5474686911179782
294 2.538500974651892
295 2.6332037303131552
296 2.63346777716215
297 2.685113243846774
298 2.6923870620083905
299 2.614782482755742
300 2.624517230311556
301 2.58732716316408
302 2.6036989023705575
303 2.5587070033717234
304 2.6905024213400908
305 2.628283422529545
306 2.5618636922121056
307 2.547372309707468
308 2.553721905812344
309 2.5923125127416293
310 2.5261822043755138
311 2.548287909433413
312 2.6032605652079632
313 2.7291388724989436
314 2.7401544355032863
315 2.6384710478529176
316 2.612829102986874
317 2.7111469736395066
318 2.625796760654813
319 2.717606532886183
320 2.5454795726623107
321 2.535901715449602
322 2.5648024059894956
323 2.633666256853252
324 2.564639915114485
325 2.6026489621206843
326 2.566055260165409
327 2.6757608127407653
328 2.4829648811540768
329 2.6111550161707138
330 2.7240755351246393
331 2.6436689920523717
332 2.661739034995709
333 2.6852048056024933
334 2.5914967768910544
335 2.5825773661787266
336 2.5843535087545195
337 2.6840371842069657
338 2.5606200850348735
339 2.82727627409406
340 2.6013884627822668
341 2.653714709792133
342 2.870514152057258
343 2.5791917943812854
344 2.6313831185301058
345 2.7488221849185703
346 2.738973318293518
347 2.7497091924291706
348 2.736497874586034
349 2.737955681130234
350 2.6288814877078615
351 2.646757871441137
352 2.674685124359912
353 2.742244391094057
354 2.6267459270459312
355 2.6968534369845276
356 2.8690967375290573
357 2.6095983869205988
358 2.601424090997155
359 2.651943904138838
360 2.5623894738099295
361 2.54568284018864
362 2.7714970394098133
363 2.7587569837985173
364 2.7416247766605797
365 2.6298612534172885
366 2.734986454768965
367 2.6007855203676615
368 2.6770639472444047
369 2.718751397774324
370 2.572639130366212
371 2.5653726627294695
372 2.61333879727573
373 2.785754139653885
374 2.6002423773005723
375 2.7241197785913314
376 2.7014705710021363
377 2.581175323058958
378 2.715216109955701
379 2.6727069136716577
380 2.716709409596112
381 2.586891133448949
382 2.654340328319042
383 2.646138596044495
384 2.5599350531839624
385 2.721758541979423
386 2.648693816938243
387 2.759436169122111
388 2.651702961859432
389 2.567500729146412
390 2.6313097525114153
391 2.6114377919696565
392 2.5660651000101766
393 2.6602906656336827
394 2.6517214930380746
395 2.63327954472531
396 2.783827865019916
397 2.6417122089927325
398 2.5476149615486716
399 2.6186571294196996
400 2.6299580554989883
401 2.675750943043209
402 2.6093018532998897
403 2.526563831756402
404 2.6879629594460805
405 2.716872514890769
406 2.527440745527383
407 2.7735385316274628
408 2.616722744908403
409 2.4935061327304506
410 2.5754145858845696
411 2.8686750080172074
412 2.544746962075914
413 2.535493325577245
414 2.575632052394581
415 2.660275034794855
416 2.5662533405160315
417 2.611007065318433
418 2.5352045505747625
419 2.610140251094017
420 2.585107951832803
421 2.5080923939781545
422 2.5197307986650967
423 2.9302797145963555
424 2.7202523573371598
425 2.830152662856454
426 2.574675458410093
427 2.543507821993737
428 2.6496670005469936
429 2.6031920928946097
430 2.617375491429955
431 2.566709688361182
432 2.555053230578437
433 2.70407517531604
434 2.5301094194491403
435 2.5965019106874703
436 2.8237194086100663
437 2.640351756868591
438 2.6816176361119672
439 2.614941723085552
440 2.8157107547665774
441 2.624865357437578
442 2.5028498309853644
443 2.6268093062810363
444 2.705576030301531
445 2.680633291923594
446 2.564749158779691
447 2.5725908339086407
448 2.5116145574605806
449 2.662328429102003
450 2.6581637232137063
451 2.6194348203659095
452 2.701605226704252
453 2.5114105496647174
454 2.616317609991236
455 2.4986372943049715
456 2.6283259251459823
457 2.6026688373080753
458 2.56130576686851
459 2.7355075648169342
460 2.6379412325347382
461 2.766195602223279
462 2.569086148214969
463 2.6930542694601813
464 2.6106162251456646
465 2.6124102704273824
466 2.742668685132505
467 2.612508056434199
468 2.616227046473361
469 2.868207966238566
470 2.69963766991265
471 2.6804374263899677
472 2.63242208638089
473 2.6057917997055564
474 2.6173967632616515
475 2.44087139112396
476 2.62120776873842
477 2.737389877094416
478 2.772300715493989
479 2.702980148434756
480 2.6055731711379937
481 2.674057085017482
482 2.6737388101647293
483 2.725234650975362
484 2.800233024907826
485 2.6752909914135894
486 2.7822571809462144
487 2.555796920789885
488 2.57956383723688
489 2.835283376672867
490 2.724848310427201
491 2.718731034004571
492 2.6419171025461043
493 2.6566571253657933
494 2.5529559428787265
495 2.6360022583566622
496 2.6015714290978935
497 2.5943047000757407
498 2.593408874453016
499 2.550359566094799
500 2.557961361204793
501 2.6063750237351844
502 2.512764499241657
503 2.54384674481547
504 2.511486060132961
505 2.5530151476639427
506 2.7067423818590406
507 2.646338173516479
508 2.616122062675616
509 2.7949433036968445
510 2.580646216352059
511 2.7046888580909574
512 2.744855434955435
513 2.7682192217722843
514 2.6921629627615102
515 2.5526852514934593
516 2.6177140233742575
517 2.6082021260226815
518 2.6941522632862647
519 2.72208921437115
520 2.6348660068816963
521 2.4634854501260586
522 2.674645724618324
523 2.6408663025239587
524 2.6215663210988307
525 2.528075359335811
526 2.633147889528544
527 2.71857324909342
528 2.6974708113003696
529 2.7726683477356584
530 2.6625383325286083
531 2.788539854329479
532 2.5990264239298404
533 2.697457399172556
534 2.5983029579803123
535 2.6783660973876686
536 2.567758185085764
537 2.614393709022595
538 2.6580888886793406
539 2.6490353660862542
540 2.590857011549198
541 2.5985945687159715
542 2.7834098917561434
543 2.607311721172385
544 2.7694848483502947
545 2.5855465998500664
546 2.51438489072302
547 2.6373899170660176
548 2.6324311278311745
549 2.4944127976392685
550 2.5723731682239745
551 2.7894199924142904
552 2.6207763295021524
553 2.640549028762442
554 2.4825505164696984
555 2.56594321915594
556 2.645226343874145
557 2.598326360831668
558 2.546525292858995
559 2.604333611499126
560 2.5749375699596735
561 2.6197488568056744
562 2.716861901346642
563 2.645276974470536
564 2.716934968108896
565 2.526279917598479
566 2.5963429542170715
567 2.5599123256258367
568 2.629680762495803
569 2.5721847692627176
570 2.5374429721635057
571 2.5775326931357303
572 2.6561266716344627
573 2.539601244237965
574 2.502747806164704
575 2.507720562563104
576 2.5266732904020506
577 2.5525002447673253
578 2.5376581060514978
579 2.652219489722733
580 2.6898320889938856
581 2.5647397605945157
582 2.611597321397108
583 2.5413007633526914
584 2.5369120954096136
585 2.954422658884017
586 2.5296543217938994
587 2.5652817086129756
588 2.627627405099623
589 2.526270046331317
590 2.5821523922615612
591 2.6628920408711774
592 2.5717288910101175
593 2.5883333067806524
594 2.7434509707341306
595 2.565729779434745
596 2.678315163936011
597 2.5702512263550967
598 2.5619566702907663
599 2.5959101477554962
600 2.713228157057492
601 2.5683655059423085
602 2.6689072379350445
603 2.6131484028360217
604 2.8237521487386585
605 2.550130535916022
606 2.630041197792686
607 2.6564643872080698
608 2.5390435152887214
609 2.630730197546562
610 2.6737530414933226
611 2.48574606723663
612 2.693310825796525
613 2.5712778096099607
614 2.7104642894602673
615 2.5477223521473498
616 2.7250792032934408
617 2.695127545273463
618 2.5357945664289177
619 2.56568402685137
