0 10.04782326089244
1 10.090423717096
2 9.79814318465618
3 9.518489847303421
4 10.08778871369658
5 10.07311969154566
6 10.039870932695008
7 10.041920485004647
8 9.567268933504497
9 10.013820764595689
10 10.233012962672904
11 9.479806648126855
12 9.842970510609598
13 9.535496011609242
14 9.367851869608705
15 9.457154845113227
16 9.73316027189101
17 8.694795481993326
18 8.586551173092408
19 8.314322795698999
20 7.38699978206042
21 7.6163520907976885
22 9.924332389070315
23 7.518036912337683
24 8.04314769348591
25 8.325427194792018
26 6.469353807397528
27 8.091473193629717
28 8.149995326039805
29 8.572935237804915
30 8.944812666261246
31 9.596823396730043
32 7.37125812959959
33 8.302999633097553
34 5.346574742911977
35 7.993210477027354
36 8.487624764795621
37 8.623734526787166
38 10.333991745534744
39 10.375198450968037
40 8.890537271241836
41 8.081662533448906
42 9.952746381364841
43 6.969998578225081
44 8.48416090854888
45 7.781755020740386
46 8.361367898168941
47 7.714934041783032
48 10.22803673336274
49 11.065331383561336
50 9.090987365797158
51 8.368688990498509
52 7.6185684244718965
53 7.492433529317932
54 9.59367075807783
55 5.490180402265354
56 9.42370914901805
57 9.649938314581092
58 10.060354207109055
59 8.418415672248429
60 10.370758957200085
61 7.153886731995158
62 9.5934902379068
63 8.390467270165013
64 9.260145137605384
65 9.286112336578258
66 9.695986842788903
67 7.196559946381767
68 9.66453511498438
69 8.132983703295169
70 8.830283789202653
71 9.650069079052146
72 8.78991869914518
73 10.290535606647422
74 9.956358646491495
75 8.432017552414425
76 11.864741176655237
77 8.593217031950813
78 9.28921978792199
79 10.90005750549043
80 11.200359925385483
81 10.90331187455322
82 10.161802754352776
83 9.75204194631144
84 9.254093288343116
85 9.988858744761654
86 8.934302949846968
87 10.293934388938704
88 9.635336117193686
89 6.551771771013227
90 2.741091253185874
91 7.074953810199747
92 6.9961011157967254
93 7.823999574909978
94 7.34082299563836
95 7.4320578285372
96 7.688955407991083
97 6.540632489543406
98 7.980579526710007
99 8.046081646032919
100 7.875118395178708
101 9.042593564673696
102 7.050838288564968
103 7.469852912412264
104 7.826644174506474
105 7.941116918514803
106 5.388465055093556
107 7.016339410696137
108 7.338680558191878
109 6.705369647929875
110 7.964677675968301
111 8.175851074826937
112 5.1975913301350705
113 5.216518570553942
114 5.256220341966783
115 8.653121867909963
116 7.87246873628277
117 10.19919901536131
118 6.763267664709665
119 7.99306667848319
120 4.958460306919133
121 2.8293729090706785
122 2.7380633285009464
123 3.0828979628979325
124 2.689685278403327
125 3.0252384076874064
126 2.7586654720490684
127 4.068286787021792
128 6.024479674139355
129 7.906067371589726
130 7.297480245533171
131 5.0386105475348595
132 6.934487116174519
133 6.602721054067289
134 4.304792032963052
135 3.0849617494398265
136 7.379324167525939
137 8.462760337133632
138 4.604344448836475
139 6.70888887421544
140 5.9762857462953285
141 7.046786088335637
142 5.112132032267876
143 5.312775057174085
144 4.721675491052228
145 7.958673200244289
146 11.012686790205386
147 5.9588503909607935
148 6.247690504607963
149 7.034595493244154
150 6.320178918056193
151 8.113306584690328
152 8.251806482817745
153 7.338657381355637
154 5.1528980624460905
155 6.898278211919163
156 7.631026973435355
157 8.454168562933237
158 9.116875954706588
159 8.343166531566519
160 9.95388123130425
161 10.577626915959852
162 8.00580840095737
163 8.51413173555311
164 7.312661812675496
165 9.01621094252562
166 9.103796503631106
167 6.951167515779118
168 7.770492000441018
169 6.617355347676958
170 7.4773094840323955
171 4.890125229760446
172 8.514748840782614
173 5.766078157370101
174 9.568709690034982
175 10.53688040650775
176 11.3200906149799
177 11.24208118889293
178 10.321140363678344
179 9.509287971235583
180 11.761904626542353
181 12.435885823608425
182 10.231016428536975
183 9.448773610847464
184 12.33807574466282
185 10.600878042311763
186 6.718603274795636
187 9.037056607094735
188 11.578605879572292
189 11.0661267333176
190 11.321736367794987
191 8.641943904755689
192 10.036352021056091
193 6.769739395346071
194 7.18536424962494
195 7.021838626859387
196 6.92159133510837
197 7.316789771299073
198 6.645806662108871
199 6.757936103665257
200 6.223490564809919
201 3.9196854431307053
202 4.243756684374844
203 7.495123096291523
204 7.413939801451475
205 7.066788018690705
206 6.100094125370646
207 4.595448276908045
208 4.830208064044098
209 7.513683183586383
210 10.096247848623149
211 10.280969566089658
212 10.621267067593708
213 8.169350754524116
214 5.877660927562821
215 6.395065690847734
216 6.9447845239557315
217 8.206713401593843
218 6.219824358815954
219 4.667122868620206
220 4.333905919584704
221 6.204383366225378
222 4.641838209226001
223 4.2472183044277445
224 3.514569744968623
225 4.378785090215609
226 4.4987809101225205
227 3.526247482996101
228 4.383004723685874
229 4.49303187610218
230 4.936326432102688
231 2.7761203370337606
232 5.059607398643553
233 4.6426072890938075
234 2.7233100681452767
235 6.471397326904943
236 7.1930263371854775
237 7.806910940340074
238 7.105362913901796
239 5.811033096941024
240 7.1737460404669235
241 7.393568044092156
242 6.290438686105884
243 7.526425729400937
244 7.558762949238425
245 8.372466476709318
246 9.334569605880139
247 9.55427232100398
248 10.056331534238891
249 7.233892327368127
250 5.240683765269309
251 7.081503561245532
252 6.983979110154866
253 9.914638723924362
254 4.92901403124666
255 9.369440235502196
256 6.866715077658579
257 7.491959620443375
258 7.974269814358461
259 8.903811379544326
260 10.278264531000794
261 6.757942692668663
262 8.839713184374107
263 7.131428260042229
264 9.094995956888173
265 8.335732651080633
266 7.989745427974368
267 6.945944600788122
268 8.945197732316405
269 7.532971487014291
270 5.21295402318967
271 7.257594971110834
272 8.353735624076112
273 8.318478049581095
274 8.139501401652034
275 7.507266384451997
276 8.352999109131089
277 6.384568248649934
278 6.842479515820027
279 7.437071983391353
280 7.5383900009911455
281 8.351784826805416
282 9.039815577174044
283 7.450754971886448
284 9.108439899614256
285 8.347019729167608
286 8.776729020897255
287 7.685473398300265
288 7.328599716476368
289 6.7983725711938705
290 7.053461560778261
291 5.935332485819981
292 8.095889510803866
293 7.952476070591688
294 7.892468346671264
295 7.717551730177188
296 7.9481005005305425
297 2.8965691715968425
298 5.1201308568505395
299 2.990577339956013
300 2.941289309600873
301 3.7986870757916256
302 3.852914776098408
303 4.416247233189129
304 4.8464985464046455
305 4.905650395271328
306 3.9728781367566652
307 4.658533635937798
308 5.022506329526544
309 4.927684301562514
310 4.639083878484735
311 4.123607511322561
312 4.848919997896466
313 4.712340165277908
314 4.779680367278966
315 4.497124107994841
316 4.974707074501573
317 4.668874340633456
318 5.376197298672244
319 6.202796795780704
320 5.0735653283239435
321 3.8444662669463896
322 9.105173521742636
323 8.959455215567077
324 10.767353745656644
325 7.743428981477231
326 8.59212770421573
327 6.489611943101153
328 7.530305188970962
329 6.425561788952474
330 7.221503146907327
331 8.386040096650609
332 8.077560260135977
333 7.0087112195812065
334 5.15362092376115
335 7.093118928404271
336 7.05670659047044
337 7.385102682890713
338 7.823980245824026
339 5.485419152404427
340 5.879543082280472
341 6.388069175381789
342 7.1746019009702975
343 8.177022180515584
344 10.032460228260824
345 8.65110949567775
346 9.354025964013212
347 12.412799975738013
348 11.17922255656129
349 11.16364014567765
350 7.710129271825835
351 8.806141768820433
352 6.4019794831513135
353 7.961721097180895
354 7.488986523358679
355 8.486756352213744
356 7.703519218673703
357 7.672891224053413
358 7.317862868993679
359 8.017693224560057
360 7.5702514056134635
361 7.0894952847235215
362 9.816913144207394
363 8.705006548198249
364 9.913946375669381
365 8.5239461769147
366 3.9018283752177103
367 4.387941832619178
368 4.977190568491203
369 5.049181130662344
370 8.206879828755907
371 7.16828053840184
372 7.206936241459137
373 5.801509771330296
374 8.135048393087068
375 6.484102913119998
376 7.910415833318943
377 6.824826266805561
378 7.4393070932389085
379 6.7428050971990725
380 8.05839257843725
381 7.433578682302765
382 7.181459593628568
383 7.266287338470097
384 7.548747175970435
385 8.667371703522656
386 7.861256682512047
387 6.5923800800816
388 6.414907214945226
389 7.030260171222383
390 6.85460421826157
391 7.131771532770678
392 7.893869549697181
393 6.627878114106013
394 7.652593984544076
395 8.689830074152393
396 9.011683139788646
397 6.678968649277725
398 6.294751201000062
399 6.293228034937499
400 8.775915330899325
401 5.188133890824107
402 7.346347076397987
403 6.296919428890866
404 4.546564619298238
405 7.950567461305618
406 7.705548040325752
407 7.8636645952644235
408 8.13932965157505
409 7.917607987265955
410 7.2243175691270025
411 6.993640697520232
412 7.319308343679484
413 6.622396912500044
414 7.321844025375529
415 8.612807884261523
416 7.4858996325259275
417 7.660835053896213
418 7.122217029971613
419 7.24068503302088
420 8.208105749358872
421 7.130318645573059
422 8.281576310230939
423 6.3859325636078506
424 7.261146799080528
425 7.0392290520728285
426 7.572195199172096
427 7.779048391484303
428 7.52387782979534
429 8.557218360751738
430 6.668058000092351
431 8.316407153899254
432 6.43621085937533
433 6.959989914242546
434 8.572416324407255
435 7.091917839208018
436 6.827095393040437
437 8.332771026527354
438 6.82810654647092
439 4.197579068426929
440 8.685741183359891
441 5.196490825589243
442 4.573466409054823
443 4.6353851596842786
444 6.691929545535664
445 8.109283777095706
446 2.7939259784192956
447 4.430242634863983
448 8.965010491940712
449 9.034338857377357
450 9.70661786332234
451 4.908344044890558
452 6.118901906770372
453 6.726684002855274
454 6.801838723918961
455 7.534247316672082
456 7.024192665421829
457 3.8331090993092616
458 7.321865467662677
459 6.539390915788223
460 4.8864277632904765
461 7.456637580709174
462 4.913902603019177
463 8.152672961345488
464 7.330000793602828
465 6.391494325149399
466 7.211184717586241
467 8.018611787059182
468 7.323984058806235
469 7.28189853606801
470 2.985275400955763
471 6.260670280652807
472 7.508476364939154
473 6.539489047912498
474 6.667917715317103
475 7.766965202881732
476 5.694626396726845
477 5.6131358455282
478 6.59825223330652
479 7.17927589691198
480 7.688517131205806
481 7.243373300866295
482 7.464120847471313
483 6.421287872964954
484 7.915444940436948
485 7.441506104417482
486 7.882279316753836
487 6.6089150703345405
488 6.523275845901014
489 6.1252553935999146
490 7.570086408730151
491 7.176898939326762
492 6.836097011086681
493 7.09308504829401
494 6.929643172744461
495 9.620576951511238
496 7.526901646646654
497 7.296943386559088
498 5.163094306378659
499 8.332090673814145
500 7.78071675726086
501 8.086487724757655
502 8.071455452238903
503 7.214893912331855
504 7.00759258880655
505 7.557761988290668
506 6.678433565456719
507 7.490479860039785
508 7.787753606761525
509 7.756823075900428
510 6.974844489176481
511 7.613194751119914
512 8.059895297561543
513 6.799778097839947
514 8.374583817243911
515 8.738401995569923
516 8.719411868580805
517 7.0250401137296254
518 6.964606261622984
519 8.357831573127084
520 7.635049558496436
521 8.012201511622656
522 8.335161841618891
523 6.804160806313027
524 4.4540733606453
525 7.645760128797097
526 8.0146746134197
527 7.651010846784846
528 5.658191703460915
529 6.5462131790542175
530 6.4679739090262265
531 7.798840049626703
532 7.5587935323917925
533 6.962853715428372
534 7.236528215876799
535 7.238468571607938
536 7.310790051282194
537 7.575283531228985
538 7.798747034463248
539 6.8043540909616205
540 7.221329648397088
541 7.176828871668305
542 4.976529855988408
543 7.4365748524639805
544 6.3391419730831915
545 7.667734859243397
546 6.7021779118354115
547 8.236280655962451
548 8.178578737005195
549 6.41529436393
550 7.167366428264612
551 7.461448990627175
552 7.651455684526431
553 6.589155691993069
554 7.162300147261985
555 6.996962820988105
556 4.426521648324472
557 6.447812625184154
558 7.170396075567822
559 7.61138677928603
560 6.562677055133026
561 6.617737163081258
562 8.290686309570143
563 8.17990959178536
564 5.57401955449181
565 7.860918953808764
566 7.945793953328838
567 6.633171158475831
568 8.565628923891538
569 8.891159277622995
570 7.50760271693951
571 7.224142872490933
572 7.133168695184142
573 7.22148317024804
574 7.517260791385341
575 8.777519550812276
576 6.811693243704918
577 7.868754843250054
578 7.566503501050844
579 7.261587402356687
580 7.821068857790359
581 7.1047652807922965
582 8.76260407493312
583 7.915066873866242
584 8.025494064549108
585 9.263438332397952
586 12.157384056793774
587 10.243340756125656
588 9.940126694063604
589 10.743180756829288
590 11.114479752043444
591 10.82782130898976
592 10.962360206246565
593 11.73874422088763
594 12.807394876798346
595 8.934353118816764
596 10.356048533613219
597 11.712185941611326
598 11.647845734911241
599 9.991082943625978
600 10.217692308196021
601 10.660225098808812
602 13.37345836340169
603 11.164990616902012
604 11.06364664679182
605 11.161240120021901
606 9.862667277552415
607 10.441122511071331
608 10.051898435907352
609 10.464991658114023
610 9.305817449805469
611 9.070215388309013
612 9.11668992231654
613 10.966392917759581
614 11.000936919077239
615 9.183894693021008
616 9.163547160356263
617 10.555699963942299
618 10.397282449314954
619 9.581133254807842
