0 14.117058911318265
1 13.807586246909992
2 14.15315269078625
3 13.783573473265696
4 13.64869959522542
5 13.625558294070162
6 13.662849656121336
7 14.112952045810458
8 14.31726560655689
9 13.020858765878899
10 13.968598891170657
11 14.326213095565945
12 14.452234409425452
13 13.37428025117591
14 14.462737598295348
15 14.367138702020712
16 13.258475303354796
17 13.00647561397067
18 13.59882951345176
19 13.736289216876973
20 12.660450262795937
21 15.04803923648166
22 14.907484274491763
23 15.172011495934214
24 13.058418712097481
25 11.593642193416333
26 13.627409174565209
27 12.102439748484125
28 14.416411657559363
29 14.439269768849238
30 15.163252333994285
31 12.78763615697069
32 12.494269373036559
33 14.254548804440727
34 14.334403638581733
35 14.32546576236028
36 15.820339739905519
37 12.700844949891723
38 12.896967205031434
39 14.28019311543948
40 14.542297971964162
41 12.129025036264304
42 12.703694427844766
43 12.362224169293428
44 12.784975717201329
45 12.562107104910758
46 12.603295623830922
47 12.486163764545708
48 12.588690632949854
49 12.957096587753224
50 12.329596879997409
51 12.395280218332067
52 13.733978299417045
53 13.23961770926314
54 14.328229184212864
55 13.037073869296078
56 11.82633935030508
57 15.592125280423584
58 13.789116675062823
59 11.783069483972682
60 14.87344103834257
61 14.082079239257952
62 15.097268010599848
63 15.26100985031534
64 13.94224655157195
65 13.238067060966417
66 15.142344552940544
67 14.675862865688714
68 12.905238921674007
69 12.398865826755667
70 13.822467988169356
71 12.76641852378851
72 14.08868803252659
73 14.42719916723208
74 14.823120550869438
75 14.2301230764933
76 14.205919719379938
77 12.24622872148215
78 12.357331619323421
79 14.064928977481213
80 12.253334768516128
81 11.676452383947012
82 12.80921113493322
83 11.356503755505043
84 13.66787485400357
85 14.290388257449164
86 13.476762183528967
87 12.752733785257536
88 13.49182354775818
89 13.654965547272848
90 13.358198604932394
91 12.585981197037809
92 16.037264224677863
93 13.737823589219925
94 13.110746231988976
95 12.427897049516453
96 13.798217069931956
97 13.708165056771074
98 15.589894139524336
99 12.994078324469935
100 13.862451359373841
101 15.922924173576456
102 15.533267304999287
103 15.515055781937619
104 13.493941516527924
105 13.185600357303406
106 14.106781155396757
107 15.040840107420431
108 13.394890618014028
109 13.044337558348479
110 13.749168709725783
111 15.607634918172995
112 15.095765563319885
113 14.448697510374746
114 15.2226932963408
115 18.12310481512648
116 18.549769094472307
117 19.09859827484373
118 13.438334287924631
119 17.485983871190758
120 12.609877743694286
121 11.021034792423832
122 11.626124695544934
123 10.158094334067977
124 9.933186757309317
125 9.123047287047573
126 10.20755506472492
127 12.541548921115927
128 11.324149679162174
129 10.945457057444715
130 8.013490410534894
131 21.407945448219923
132 19.800984792916022
133 19.065232184578107
134 18.74680979136659
135 19.28099455263541
136 14.727305736763562
137 12.362642397966734
138 14.111657376979945
139 17.590501046590536
140 14.420307465836785
141 14.713378823422651
142 12.598607161672788
143 12.159042338869838
144 11.636762583460236
145 12.394685110214894
146 12.453646264571695
147 12.568100467876558
148 9.433614809314236
149 12.041394969806834
150 9.56719774518365
151 15.916357621265973
152 8.606040209236559
153 7.52788095635666
154 11.748740666792512
155 11.11366904681953
156 11.302192802303104
157 13.318426325784065
158 13.146277168952219
159 14.345142909741554
160 11.52922528221392
161 12.310794312706017
162 17.557578645473733
163 9.791202005226394
164 12.869977969479894
165 5.893928568495995
166 9.503896993521474
167 11.767482535141992
168 9.636863235201067
169 9.395713015936478
170 10.302512318136351
171 9.926004934643919
172 14.697370402057915
173 12.424085562868001
174 17.744122295442626
175 14.179027388207231
176 14.552842390509277
177 15.483124477354867
178 16.86707236105554
179 15.390347356583218
180 13.872049683112678
181 11.086163329813507
182 10.289063635286398
183 11.236257087388447
184 10.791809746618654
185 9.711358357918863
186 8.319467337327367
187 10.458048744836358
188 10.146177032630826
189 10.619562061963826
190 9.665259883582454
191 9.21462391426975
192 8.855403935721048
193 10.224039634470593
194 8.782002337982819
195 13.148385136462851
196 11.157418276088848
197 9.90234781605176
198 9.844565784563741
199 11.1293473980752
200 9.855188373064225
201 10.141331360127964
202 11.055450510413198
203 9.83198342158899
204 9.062970672526657
205 10.763919293431128
206 10.20185819076799
207 9.248826997242485
208 9.885650247502777
209 11.659083572334145
210 10.037926830338566
211 10.320787062472942
212 9.435334375361528
213 9.091935004330013
214 10.70897462166257
215 10.84453323083713
216 10.535930131790748
217 10.256375125640877
218 11.247438043623493
219 10.858236788586911
220 10.124734842783969
221 10.437801784392196
222 8.885338049856067
223 10.79986390583026
224 10.624210458749761
225 10.352273786623487
226 11.69560440034141
227 10.680764083657143
228 12.11477494299749
229 10.644580215008734
230 10.90954579530372
231 10.489243854896415
232 8.98630726711873
233 10.964062453636116
234 12.254989903396249
235 10.030887274745844
236 9.424549839005577
237 10.097495468651712
238 9.94146659352012
239 8.833210770800525
240 8.926776582253348
241 10.294320707749465
242 10.498507322810163
243 10.862655776379555
244 9.890770890223182
245 9.957974131411742
246 9.20213479544835
247 8.759035132009226
248 9.43926066847212
249 10.445863023210038
250 11.253170482377541
251 10.465066330091453
252 10.718951798044026
253 17.55716124745812
254 17.995189076782857
255 17.60059118982038
256 19.155188731273043
257 9.49149225518068
258 10.338410798346306
259 10.086480821468685
260 9.584433452831881
261 10.195102361365915
262 10.263513771604233
263 10.518484380543097
264 10.521514929692959
265 10.741335573301289
266 9.042485001759706
267 9.217059957491715
268 10.498209330311608
269 11.869555463101491
270 11.117570801357942
271 11.009347707260517
272 10.02814697087177
273 10.822682757480607
274 10.498932181192648
275 10.76676251678019
276 9.609525399230193
277 10.543040266323153
278 9.860245500523613
279 12.296141131240951
280 11.23702172720166
281 11.039359616876173
282 13.002030891025596
283 12.452044196292347
284 10.80045444567281
285 9.924030440731702
286 12.026181205113144
287 12.919333812577298
288 10.734180102160687
289 10.554063519225931
290 10.378988973757101
291 10.37788703719998
292 10.664245713002252
293 11.716735615643321
294 10.509653020650601
295 10.55572877573918
296 11.220757579524298
297 9.268130406113228
298 9.705218528759541
299 9.427783337518576
300 8.701129164710327
301 9.833447213891771
302 10.06279311112169
303 10.890279707726034
304 9.856209087102819
305 10.60261738754922
306 9.970091803345678
307 10.79138699640899
308 10.266294554773268
309 10.877205705492699
310 10.824028197425905
311 11.254759371476469
312 10.330096883078465
313 9.441126157899058
314 9.362558231940064
315 11.129001748401146
316 10.994718456461033
317 10.775908334278864
318 11.227538745547522
319 12.60934024537631
320 11.243978423549029
321 10.845491387367366
322 11.407925703923738
323 10.570669037449923
324 9.811651306509132
325 10.847901435289144
326 10.65946470303177
327 10.346948217046638
328 10.489461787238795
329 10.720065187211416
330 9.369584756982844
331 10.641324994436161
332 10.574344850238187
333 9.668360206201498
334 10.931154664811784
335 12.752703762054129
336 9.76122999992581
337 10.418411826726885
338 9.985466271078735
339 10.05879767878807
340 8.399244440550854
341 8.66756577261762
342 13.013241895457988
343 14.580988787818495
344 10.904850886110298
345 8.960646972675596
346 9.863173396119773
347 9.165907967306026
348 10.622164044697877
349 10.683799554724006
350 11.13103779667846
351 12.094942002865704
352 10.196249704905796
353 12.842197207594802
354 8.753611268914263
355 8.56586761128844
356 9.260908793257732
357 8.855558396246806
358 12.101375583163408
359 9.610352082141832
360 8.588488889341873
361 12.82125700791042
362 13.381973616233713
363 21.3617707206088
364 17.190894511873577
365 9.209025846545613
366 10.806885839437834
367 15.593044833237938
368 11.318023550333747
369 10.024543629383913
370 11.192611051820505
371 11.198158466781631
372 11.524384813833983
373 11.324237956351686
374 9.070298324054072
375 10.795731673941242
376 9.74084159849273
377 11.053804190371697
378 11.19165143308228
379 11.41729595197604
380 14.646581816769437
381 14.6613207157853
382 18.671691122790815
383 18.28409313262256
384 18.893760129382724
385 18.005075135855368
386 12.116682473415471
387 9.123105977139888
388 11.028927413760853
389 10.871297964982265
390 10.009147015160947
391 9.981170919105928
392 10.636133486807445
393 11.09895033199004
394 9.482850051284212
395 8.621980577106148
396 10.504293703060977
397 9.966555135113373
398 8.326005591064197
399 10.695193724299292
400 9.172580502718052
401 11.642346906031142
402 9.494639400788333
403 10.272512924735008
404 14.233370902651348
405 10.138665336368682
406 9.497033922741606
407 10.641093496800643
408 13.154968034272759
409 12.459975343605464
410 15.164256110224235
411 10.202468349084246
412 11.1524105190134
413 11.118219617693953
414 10.749869310795082
415 9.690091500245737
416 9.33900681517093
417 9.131558081193575
418 14.236042939563083
419 10.901396852336568
420 10.568878744109632
421 10.331325796110587
422 11.822056131372072
423 10.495209254697942
424 10.797791647652664
425 10.184317529111038
426 10.747831211394429
427 10.681734388217079
428 9.984317434334809
429 9.58777248982358
430 10.559215066341844
431 12.866556146964278
432 10.172276759242962
433 8.350569649524468
434 10.667662310728193
435 10.718246453298137
436 13.934586814714958
437 9.148189003527454
438 10.990443931271367
439 9.880324366294165
440 10.578605075009353
441 11.977633448068921
442 10.647260508787593
443 11.083864530707809
444 9.0643432858624
445 8.415497330032656
446 11.431923443274673
447 8.072601129418036
448 9.797416669540546
449 8.091906798869859
450 10.687038170596074
451 9.822805284110567
452 13.547723127585918
453 13.703120530435422
454 15.761283260387005
455 10.647974630114293
456 10.882125283794943
457 11.458034726115812
458 9.537282545003944
459 9.479551586157209
460 9.575018149705045
461 6.4167703614554865
462 4.763966039965605
463 7.97266956484102
464 6.1268648261935486
465 6.259692787245846
466 6.898225507377459
467 5.259296837230401
468 6.889880594527457
469 9.58540983976415
470 8.606190093161201
471 8.044580011943966
472 8.8544665886348
473 9.954444045269534
474 11.392106436416581
475 10.76052169850978
476 10.016633957679192
477 10.28992098863025
478 11.322471656053654
479 10.724500587031947
480 10.46872203155132
481 10.882368332749822
482 8.833861233977427
483 10.228164999203733
484 11.627565434786545
485 9.131158550830634
486 10.519196450743287
487 10.072287837492429
488 10.935300594053583
489 12.485448549319322
490 10.74879374905517
491 10.798469770137421
492 10.024158151705832
493 11.42735316606233
494 10.078918286484859
495 10.678728484184253
496 8.89681192641016
497 10.02785747827468
498 8.792911694116217
499 10.455487158497377
500 9.542266622872667
501 10.390859764097385
502 12.378458695270258
503 11.871043167741359
504 10.746208409846687
505 11.828287626682966
506 9.874573018006014
507 10.048662912534658
508 9.60003945571716
509 9.864237286882384
510 9.41856218627953
511 9.189155015826204
512 10.679545881971842
513 12.770825244696486
514 11.351622587412393
515 9.690923998878365
516 11.758070887807301
517 11.264297186873357
518 10.703361223660893
519 8.149085410687892
520 10.927695616242305
521 10.790475863759987
522 11.740797536960498
523 9.538761702095819
524 10.750273541799178
525 11.802361309629621
526 12.60560015871806
527 9.169456382835445
528 11.58129515771699
529 11.590710857024956
530 10.386894455503706
531 11.668788563679158
532 10.23400894256737
533 11.210003193855862
534 10.182387006837885
535 9.371626805751465
536 12.348624190202559
537 10.158673960895547
538 10.950255938782412
539 10.074879531044164
540 11.185785192527959
541 10.059074759108379
542 11.769833274085977
543 11.20954511195992
544 14.00300045346738
545 12.917357127152753
546 11.371631588338943
547 12.987991407398898
548 11.7894337566138
549 12.731617660527231
550 9.25539405334736
551 9.380271057196301
552 10.526516190162502
553 11.964010683091074
554 11.065807073088811
555 10.416991908823173
556 11.09833224686688
557 11.383685996603374
558 11.04937579828907
559 10.397297168676905
560 11.327703169289608
561 9.99549392079241
562 10.450568322515869
563 11.07803302736062
564 11.661382814950716
565 9.52074646724394
566 10.129251127326162
567 15.864720614441266
568 10.737404142588176
569 12.020293666712567
570 10.756116536263912
571 10.57862976517335
572 10.602428469982769
573 11.165840823200869
574 11.877486958994652
575 11.8727907851615
576 10.395453762278452
577 11.023948109521482
578 11.385351837619801
579 9.587183657812078
580 10.168776054327962
581 11.774522101610637
582 9.903327285353836
583 11.718727902932525
584 10.325897796074827
585 10.186637231244868
586 10.385343078297275
587 10.590825176103587
588 9.070222106358731
589 11.783344619830983
590 10.353685019099212
591 9.847044069596556
592 10.701089445532386
593 10.086757742020525
594 10.231961572676708
595 10.426630196118976
596 10.783552846268101
597 10.88251454842155
598 10.923664810701212
599 9.17115722904149
600 9.748361445216537
601 9.59298637025148
602 14.740687112063565
603 10.618920803987953
604 12.19808727441348
605 9.728196446335438
606 8.439753253063731
607 9.1071180863979
608 8.656871235417627
609 9.497430724765767
610 10.066237440298597
611 10.019959803923781
612 11.022996840156628
613 10.48349944446671
614 9.159835204236089
615 11.257285067863181
616 10.716792790099596
617 10.217561902724373
618 13.183563433391678
619 10.138025067710608
