0 16.409268941966843
1 16.02848496667794
2 16.316882213605474
3 15.72511515695865
4 15.945100956495594
5 16.089455327992468
6 15.872887976751889
7 16.18399023299923
8 16.28859624465755
9 15.780500701130244
10 16.081501869952064
11 16.35400504198523
12 16.74391947877596
13 15.72027498791802
14 16.380718923703036
15 16.12719721289559
16 15.425420424552089
17 15.009144627969635
18 15.837167190285456
19 15.727231716238043
20 14.895767306465011
21 17.531800012206077
22 16.59114399807423
23 16.532316814126624
24 14.924412594735715
25 13.615400497897426
26 16.2950328575527
27 13.877159993234729
28 17.0962442222837
29 16.54555324492126
30 16.575338126894167
31 15.516993601353876
32 14.102573678178588
33 16.637443959338054
34 17.385641048696762
35 16.792095851090863
36 17.762558261013048
37 14.12611485970467
38 14.05667841786321
39 16.343209973166445
40 16.468543944449497
41 15.185680297687856
42 14.924333681137526
43 14.159222600603103
44 14.923245408688647
45 15.72582626437032
46 14.901883420583683
47 14.110562447850327
48 15.321550447530091
49 14.886968769911114
50 14.457718691201467
51 15.723266124272532
52 16.53228671129919
53 14.669824553042488
54 15.545711469757391
55 15.84701461296099
56 14.04961523315416
57 17.689434902037892
58 15.884587176962178
59 14.682740606328688
60 16.93883765051409
61 15.736809512144935
62 17.510717894097137
63 17.11224709604025
64 15.999793578925567
65 15.64795858751417
66 17.020893214534343
67 16.636562994166383
68 15.643647686743112
69 14.653048772144777
70 16.60970239823544
71 15.305552320794778
72 15.965994375149975
73 16.30760059237657
74 17.16367539894844
75 15.635811523327982
76 16.311931853296574
77 14.842379224714035
78 14.517826802719027
79 16.304254074164618
80 15.034937599230055
81 13.613896571677728
82 16.00226360181568
83 14.172303971465716
84 15.644947546928837
85 16.163910381959965
86 16.368271914140767
87 14.1235490687727
88 15.489383038665334
89 17.178636593387534
90 17.288164542116448
91 16.113861016190427
92 19.431697936726362
93 16.506499239366413
94 15.817543958674825
95 14.145292072927893
96 16.481410539424193
97 16.63969686678803
98 18.12319404416158
99 15.681643687800431
100 16.328480363296297
101 19.300352869768087
102 19.116691732199868
103 17.692785036630937
104 15.908763775631382
105 15.785192041526253
106 16.146557004818163
107 19.11180067713278
108 15.618740910190006
109 16.186666695444224
110 15.735651349837179
111 17.48376591384699
112 19.196122395572058
113 19.16230697184436
114 16.70345231218382
115 19.7557730007187
116 18.379409758824206
117 17.53537326386808
118 12.473989090782656
119 19.15527888186991
120 18.012670926174657
121 16.25083487908996
122 13.493054676886471
123 15.615897950687808
124 13.710786677965071
125 10.05738858527102
126 9.896429316754054
127 13.054859278725573
128 13.533172788202355
129 12.649184866014703
130 9.80221574067768
131 24.56450160547581
132 17.47744859749923
133 17.274187982285238
134 16.66752288899354
135 21.226484343826176
136 13.539967958269536
137 11.928170377951073
138 17.49206578252821
139 19.607233692277738
140 17.083731670893258
141 17.08461776778833
142 15.897244621543855
143 16.441784926135075
144 15.300604672754345
145 11.188064113341472
146 11.930316157582062
147 16.495754692816522
148 10.793747168590095
149 13.21787023091809
150 10.32190423904334
151 16.224125931104375
152 10.334571553988235
153 9.48983403594378
154 13.784098389819086
155 12.909526559946825
156 11.159798299899828
157 12.579912194534485
158 11.28730606649073
159 12.526763009756415
160 11.643256016411284
161 12.11402655686175
162 15.493839914845424
163 12.075444102052762
164 10.929778609156928
165 11.146570123536241
166 12.91204551189718
167 15.587986885456326
168 14.423889310016957
169 14.039918953735075
170 13.965158221188481
171 13.091184220644251
172 16.559620152577732
173 15.658349847904374
174 14.10161537315144
175 12.590197213343563
176 12.615565000772142
177 13.444731537957388
178 13.69492355565578
179 12.603162621950249
180 13.951724457901678
181 11.420109298480355
182 13.23551424528389
183 14.39999655417341
184 13.389418627414964
185 10.562930994038163
186 12.723854529162425
187 12.4712543188722
188 12.186755786834205
189 11.961906596567776
190 11.287913042981895
191 12.45111668191655
192 8.389092345554582
193 13.508730838332621
194 13.78544082993269
195 15.752697894918548
196 14.656591538145864
197 12.830746912941061
198 15.386190270167234
199 13.315767685380951
200 13.800065256358486
201 14.481459277982447
202 14.568898853109534
203 12.813433424415212
204 11.451548357720695
205 12.781857728458778
206 15.5088780707571
207 13.418152209452305
208 12.359191091494532
209 11.366691096739375
210 10.195665097957198
211 10.18732206499602
212 9.983817571522192
213 10.46565131109261
214 14.913857030508135
215 14.446979502026714
216 13.381791849713917
217 12.889874620423177
218 15.757817122436881
219 15.998258242587974
220 14.710695669869663
221 14.905430707671366
222 14.868557643389368
223 17.27981367007612
224 16.559650037075173
225 15.978967460710015
226 14.47554088234718
227 15.546443246589034
228 18.478190616345074
229 15.893671982219029
230 14.753793049312074
231 14.774383929391385
232 13.229712538931723
233 14.813857470929348
234 18.296159585780153
235 13.915343418015992
236 14.288032691759078
237 14.437306560653875
238 14.808171392654371
239 14.770450952335983
240 13.821247973881713
241 13.287566635428659
242 14.084989541974844
243 16.914739998376987
244 15.016552128082134
245 12.596787872069278
246 13.674093069066071
247 11.144514493862921
248 13.747356638180134
249 11.117823138191078
250 14.427410249239388
251 14.149111730166684
252 14.513402139200338
253 15.497017209212752
254 16.881366022509933
255 16.163059444433614
256 14.805159906136375
257 17.02693814117615
258 14.262702636149111
259 14.060709159161076
260 14.256973877466466
261 15.943155230434089
262 15.346876607950367
263 15.271710576248884
264 15.750681166229565
265 16.145484698864145
266 13.736623495804283
267 14.884724283626744
268 15.503118111331851
269 17.633458951695342
270 16.267183201601632
271 13.81968907983444
272 13.175878821307544
273 13.520797793943709
274 13.295003204996789
275 15.290605798218207
276 13.975598792588979
277 15.141658112040806
278 13.162566818215181
279 15.672152687980354
280 16.403899527963546
281 14.331756836056954
282 16.55438672477263
283 15.039696610458398
284 12.62301642588657
285 12.598400200928
286 15.625343901178768
287 16.868201540589904
288 14.77492529249129
289 15.525513955410572
290 14.72556462509112
291 14.453699433242067
292 15.340642892607821
293 15.267782455197592
294 14.528689535613543
295 14.595554333141116
296 15.092724408330355
297 17.028536373355852
298 16.051810231620916
299 17.016433192734038
300 15.530788464515135
301 16.913602563991443
302 17.78649753413844
303 16.824011336449264
304 14.147678077626123
305 14.976560985657878
306 15.474469102691932
307 15.280209252758128
308 14.337247288352497
309 15.63147783810506
310 16.281917053436054
311 16.236607278831812
312 15.740465869782165
313 13.476389352832607
314 15.410509181486066
315 15.547352299905555
316 16.098282443988033
317 15.76536924372407
318 15.849828513603798
319 16.904208664610408
320 16.697868338669807
321 16.101146588132696
322 13.05823339687839
323 13.461359198982914
324 10.738792999173933
325 13.740780221216081
326 14.232608863110901
327 15.594043697384206
328 14.384726822105659
329 16.07166750025805
330 14.399798506120616
331 15.809104770600424
332 14.424264240939458
333 13.672021076819
334 14.98929527629815
335 18.34800089484482
336 14.349770340933619
337 13.703698375555584
338 13.799792098291299
339 14.394612198924618
340 12.543004898335678
341 12.265886895819966
342 14.802261350581244
343 14.589668225847015
344 10.555543928495089
345 10.509322050390569
346 11.379725614938655
347 8.952737780691992
348 10.280537271722855
349 9.639236258140292
350 11.420451107305164
351 12.750666733671878
352 14.511495088738558
353 15.145145467205513
354 12.476284749421973
355 11.492245924277734
356 11.479303809290156
357 11.51574485160067
358 13.243922320477356
359 13.570192670763543
360 10.99884231914071
361 14.143532065231131
362 13.728583858668438
363 20.570980876072067
364 18.041333238742318
365 10.945666361100002
366 15.00131329403845
367 20.15056360720801
368 16.671252919019217
369 16.589979378345213
370 15.042476241558015
371 15.896410662077653
372 15.563349081394882
373 15.852416546968271
374 13.238450886071467
375 15.29999961928528
376 14.366834245121712
377 16.094337333495908
378 17.281583925631487
379 17.19125600430756
380 15.686420212699778
381 16.148011572336205
382 17.672819819441862
383 15.18162748887847
384 18.18998738102037
385 18.055649919150078
386 14.3984116647067
387 13.815276555715846
388 16.189783563214533
389 14.700516025917914
390 14.915709501804649
391 14.0188383536874
392 14.207151320896099
393 16.457991094582077
394 12.327610239535776
395 11.814254777408815
396 13.311423649709958
397 14.315008837907351
398 13.567746869158595
399 12.609286133600131
400 11.241358249076788
401 17.055053034451433
402 13.446961923669546
403 15.625600319643446
404 17.839051487175986
405 13.185290827093882
406 13.167640362453552
407 14.516411716064818
408 17.05829591000333
409 14.053636880750641
410 17.09407010703747
411 14.633504358354678
412 15.836855607297915
413 15.694045616937784
414 14.5151882151084
415 13.284290979212116
416 13.89592689570212
417 12.735355479750412
418 17.30252462038727
419 14.811175288820378
420 14.394009171912778
421 14.63065629154499
422 16.627573731125217
423 15.893285257865296
424 16.41699000727232
425 14.753915696798224
426 14.867645297777516
427 13.721882671499875
428 14.940798191262603
429 13.907433545626393
430 15.216270256177037
431 17.45592856792478
432 15.044874507644202
433 14.6443409329705
434 15.36229872221074
435 14.322316993427313
436 16.94274709347382
437 13.07768771100796
438 15.501597356457243
439 15.211608470534102
440 12.022888927886543
441 15.490365360003217
442 14.608666747926922
443 15.422406753084854
444 12.751334664780165
445 12.18958540764073
446 17.290997943829566
447 11.18496057190874
448 11.117525630546549
449 10.299029923787405
450 11.349799252250092
451 14.592112358591995
452 14.503315589202016
453 15.53899980965945
454 15.515920342912572
455 12.015078775847078
456 11.809484545145153
457 13.213383415689528
458 7.30685731191681
459 8.484319283435454
460 12.822508913638789
461 8.463838391212537
462 8.688399983276256
463 8.601180787633476
464 8.680418339389558
465 9.56181049176735
466 7.606907428920195
467 6.408986932246279
468 8.561963183350063
469 11.025023133688931
470 10.788212700695444
471 10.876507393639887
472 11.6809480115339
473 11.974700472079736
474 15.170463307121775
475 15.217616427875027
476 15.920571019830001
477 15.25581881897209
478 17.41385983285
479 13.433714385146002
480 14.15329128797204
481 15.251503460174842
482 12.683577261458172
483 16.610885884170102
484 15.396011282974701
485 13.460776415091972
486 14.493211867837324
487 15.37370719811487
488 16.919833949463023
489 17.411204385855388
490 17.090349537669486
491 15.452061666107255
492 15.052890050171113
493 16.411113640663235
494 15.471742789903317
495 14.063492414117617
496 14.449634504371424
497 15.648678637339692
498 13.985242661542122
499 14.082809218539968
500 14.64196989902593
501 15.53061922853274
502 15.853110771439873
503 14.603888064829807
504 17.004951239559507
505 16.5635961005846
506 13.438748141890013
507 14.058213325027271
508 13.990304920051118
509 14.926163241738404
510 14.184803572438392
511 13.495276756561054
512 15.109294404428427
513 14.014449440645778
514 14.700800951749333
515 14.532096191850442
516 15.451532880363779
517 16.77331989352702
518 14.981678921133184
519 13.257768461830452
520 14.998347806860231
521 13.668369573699783
522 15.847027789281457
523 13.44124675869565
524 15.436217368000566
525 15.039129469103942
526 15.46345407278535
527 13.649117556832035
528 18.00852963435467
529 16.14432249261016
530 16.121793004879848
531 17.10238906730981
532 14.556574793110467
533 14.881347746082826
534 14.919140604756851
535 13.300737128334402
536 17.609026603116767
537 13.428150229829674
538 15.203976867490896
539 14.569945810011202
540 16.426772399362804
541 14.47821726497794
542 18.102309050300757
543 15.61434409789331
544 19.781105798323882
545 16.660425003687656
546 17.291482080752047
547 15.040395821250929
548 16.02208219209039
549 17.67099722324593
550 14.150731370536581
551 13.056903868157141
552 14.21091744784897
553 15.973650235400722
554 15.979777692358562
555 14.305539756035468
556 16.51246798809354
557 15.809449025804629
558 15.24450750258675
559 14.115174889816236
560 16.018198040171622
561 15.080865738784409
562 14.566851757634632
563 15.781816964044515
564 17.2056009714107
565 12.462382463266747
566 13.91175112828704
567 18.182852273901037
568 13.555135484451764
569 13.81557172154472
570 14.367407636488517
571 13.971251506171312
572 14.809790596085099
573 14.81514808446515
574 15.18946327432046
575 15.924651397669258
576 15.896524490700774
577 15.245415593596089
578 15.62785396768191
579 13.489479660533346
580 13.676706058904895
581 16.30303931654311
582 13.458231720433549
583 15.936120804372383
584 13.626602832884187
585 12.457054129914143
586 12.455570704030615
587 13.420385029309179
588 11.300617344902705
589 14.029504003174667
590 12.460910551263465
591 11.953929580577311
592 14.040036528376422
593 12.364930637079253
594 11.630578950297433
595 13.116703515239495
596 12.639115747060739
597 12.763485415278334
598 12.84991645247286
599 11.970394669207124
600 12.853350940607513
601 12.003997662544878
602 15.931883042639125
603 11.81923286712048
604 14.277534898226488
605 11.823661459505324
606 11.556957433054901
607 11.094964925172585
608 11.106587978238005
609 11.576384919896498
610 12.407800665467262
611 12.9112604066606
612 13.26843389852046
613 12.820820864451617
614 11.571204999574725
615 13.639089471079863
616 12.885867955061643
617 13.181902638771668
618 14.145344330384507
619 12.77277027959665
