0 2.647879424385236
1 2.685439939450786
2 2.635154492286549
3 2.7481702617248334
4 2.8200014405460547
5 2.7616415593098784
6 2.7105169414697867
7 2.7654997372506553
8 2.7957620425982816
9 2.8831837511546565
10 2.804609754726952
11 2.767393965980403
12 2.81115812518685
13 2.7583624085783915
14 2.643773535199885
15 2.725497440689091
16 2.8144175938254823
17 4.34051285584624
18 5.072988196365663
19 4.6278465193721425
20 3.8355545785952305
21 4.610167712993463
22 3.7993259520729676
23 3.0661012708766964
24 4.328949062337465
25 3.533536314332289
26 4.34544985030479
27 4.431497510683105
28 3.8355001252088434
29 2.663955344754203
30 4.09360820085846
31 4.868162156810747
32 5.019686096433441
33 6.162260059763097
34 5.000465220901257
35 4.407715343275621
36 4.217621353693688
37 5.267467325331066
38 2.6367876597126387
39 2.8703781712882455
40 3.7402827103886334
41 4.822375619567219
42 3.070501997054043
43 5.287939058267247
44 3.7027482730147088
45 5.249599334112033
46 4.763538344013191
47 4.8101193182646105
48 3.5417537628303015
49 3.0697013150988206
50 3.849330582957011
51 5.773437552716764
52 5.5054317923132245
53 5.004225433409309
54 3.3594386640128757
55 5.039339198862544
56 2.7377656193943376
57 2.9386142245054856
58 3.0433284826090863
59 4.690869478605455
60 2.734495376996329
61 5.506631060434257
62 3.1531504728482687
63 4.723536289710453
64 2.8101753208451132
65 2.8636715156827193
66 4.7548132567101975
67 6.283832524746138
68 4.162618957311583
69 5.5916740842327215
70 5.317772742285956
71 2.924189233836417
72 5.1338357453787795
73 2.7014540114430603
74 3.0226145669001454
75 4.9645098012817215
76 2.999383778514529
77 4.884921764310192
78 2.8183287514159825
79 2.9281544061207416
80 3.3798133363177034
81 2.7794159490768644
82 3.0889631785240654
83 2.9503705909330207
84 2.8942837578223926
85 2.86280436188644
86 4.340665249527733
87 2.6189345219638613
88 2.661607539512243
89 2.9215442317708926
90 7.255431557032597
91 2.7637242633122674
92 3.604590310027922
93 4.645570887196958
94 2.7510939433735033
95 3.785661831935266
96 4.691073580119253
97 3.0892541461783507
98 3.0704909851190907
99 2.975667522364134
100 5.317572349269464
101 2.8390838901099222
102 3.5707601052902906
103 4.224860226046976
104 2.727760242186272
105 3.1992120010842444
106 4.730513568176172
107 3.530994121380711
108 5.563395710059138
109 2.944396161029818
110 4.381903749608127
111 4.161864118930672
112 2.8031367788327137
113 2.6786606074914885
114 4.603520260045898
115 2.6888938944519034
116 4.041885189507756
117 4.395495898707937
118 4.381257966640217
119 4.728733721053095
120 3.8100317509260493
121 6.729882782406083
122 6.137991585708099
123 5.158775543408856
124 5.0831387749503705
125 5.0475830369036565
126 6.363985856692036
127 5.588783634738033
128 5.182474094563835
129 4.046285300424537
130 4.1024516094239765
131 5.3342922244973465
132 2.767161696214415
133 2.739578754891441
134 2.6547018939709566
135 2.9088166217845184
136 2.875323131476864
137 2.7914085107783526
138 4.647625125348105
139 2.9912699445092854
140 2.8919087491903825
141 2.7305107906705754
142 2.7123184927869723
143 2.7806426268482642
144 2.667337751749587
145 2.7728024014396055
146 2.746723800681264
147 5.007716352725527
148 4.102643973672514
149 2.9893751961158577
150 2.767616444622491
151 3.0989650304928835
152 2.8121203167071442
153 2.7140576720276823
154 2.6651366478126146
155 2.695906524255749
156 2.8752479000936524
157 3.3322684402271805
158 2.864952520872513
159 2.8909734330959846
160 2.7693281756519954
161 2.9423915976320214
162 3.9074098270905893
163 2.7602878305462366
164 2.9262843636586875
165 2.7433619684389696
166 3.1625065137459507
167 3.0151786097477737
168 2.7502633116322355
169 2.7001388031357654
170 5.3198093728607
171 2.699577753330204
172 2.9977971250855604
173 2.690570045884431
174 4.20335950583012
175 2.725127900498593
176 2.6635594613291063
177 3.0161341968267954
178 2.63163172832544
179 2.7329835511941587
180 2.8447523824638776
181 2.901743647432553
182 2.790640935855982
183 2.8173817037939908
184 3.036646151905549
185 2.7552535253478716
186 2.844990498872186
187 2.7138732963740253
188 2.8160428709612306
189 3.0160376623929
190 2.7904561010309785
191 2.9318838579810973
192 2.8236828982358277
193 2.7356279008978417
194 2.847593811521638
195 2.7654281022959375
196 2.8387936464669328
197 2.661677500997726
198 2.8063477542983892
199 3.0669089237860345
200 2.8555533752318545
201 2.760471611940868
202 2.889332984137386
203 2.7479421255881835
204 2.694589229464474
205 3.0722307897627203
206 2.5956976528707436
207 2.9617627488898437
208 4.347750391309854
209 2.8291716673255904
210 2.7881533954495747
211 2.7057136699530635
212 2.7918018595257337
213 2.7655149757678665
214 3.1202751874241343
215 2.9705424612467737
216 3.0343371921586764
217 4.38900408896965
218 2.608504356230076
219 2.7692784851256875
220 2.7295007017769795
221 2.9444701026458637
222 2.855468185389137
223 2.767689705507387
224 2.7332775492164822
225 2.8405348662327117
226 2.7398123349286445
227 2.6388179543585513
228 2.7709615968462424
229 2.8479598050226724
230 2.686651197970157
231 3.7819548254956903
232 3.104287028835541
233 2.7856399618221497
234 2.7853416777756315
235 2.843856692385143
236 2.929617026823776
237 2.8865483834133054
238 5.093368743011583
239 2.7581976067124643
240 2.7820402195181066
241 2.9278440601002877
242 2.676932702422318
243 2.8094742864878914
244 2.763143985029621
245 2.798489032982379
246 4.343981503905207
247 4.076846201585283
248 4.276258510890504
249 6.319325560449822
250 6.3724629008308336
251 6.551023266123516
252 4.948370733099277
253 4.750353536896945
254 5.80712658893855
255 2.782682272053327
256 6.210334003239675
257 2.938491489833401
258 2.7111857028529376
259 2.774409686253403
260 2.6472058737756528
261 2.642722158846588
262 2.786455727107199
263 2.81666416319654
264 2.8637059742142625
265 2.9540818572323095
266 2.756048507819667
267 2.7939592083718297
268 3.0010461525574104
269 2.8174799150809573
270 3.7798611614932964
271 2.7412769489289026
272 4.048403198128254
273 2.9408548438077475
274 2.9162886350629074
275 3.0152013760997294
276 3.016916847637254
277 2.7198446345105416
278 2.6703858525559774
279 2.614170609153175
280 2.8298084758458915
281 2.848130431743021
282 2.9096491069158037
283 2.903274494700365
284 3.0140914813191033
285 2.9992520425828975
286 2.9335657346762156
287 2.7399348420663574
288 2.9516090768786523
289 3.042286708999604
290 2.8334906258492616
291 2.880407974406314
292 2.6831802426278055
293 2.7196948467217124
294 2.6714441698274896
295 2.6846431806834374
296 2.9729137922282862
297 2.6278999177101476
298 2.8042087430381657
299 2.6595247244387132
300 2.6889741939357186
301 2.8967687319473905
302 3.0391796879337165
303 2.7515332125453833
304 2.8656694773664246
305 2.658181950599124
306 3.339474639591286
307 2.6306333746030175
308 2.703981872161258
309 2.7907765100474764
310 2.7198427541433996
311 2.779802512316938
312 2.988957374033034
313 2.979085774174001
314 2.6170977648761675
315 2.7279308165880995
316 2.915321556853079
317 2.810261836463149
318 2.871215780444085
319 2.807521664366016
320 2.8883635346811904
321 2.9028392852201996
322 2.7469521585751315
323 2.8031648932605613
324 2.8879560554134343
325 2.8164539495699947
326 2.8183607714568635
327 2.7978557641672546
328 2.957836988606089
329 2.738231982742057
330 2.877623550366605
331 3.140479112578407
332 2.842321061238918
333 2.8432956663462847
334 2.8112882401922077
335 2.9390691581158013
336 2.787758977872894
337 2.8375040486451724
338 2.825294356454843
339 2.919364597016865
340 2.7422817822163505
341 4.585697697400216
342 2.7728290469064505
343 2.7867211139021912
344 4.5428864127679605
345 2.755319976558785
346 3.4235459889223683
347 2.7245242268735517
348 2.8380515991313238
349 2.7218661888208087
350 2.8076526168020934
351 2.991795228934478
352 2.6865779238213414
353 2.7070191199249924
354 2.89519548650733
355 2.853999316314539
356 2.9675991529392
357 2.7942660771119114
358 2.8165574679134426
359 2.666828895800423
360 2.841524250906513
361 2.7653115858728885
362 2.7747631896628087
363 2.9820145373718594
364 2.9875848757617507
365 2.8611301868559065
366 2.6591614684156086
367 2.6726311898605544
368 2.7133727020484457
369 2.9079462931974582
370 2.951291302851059
371 2.6598890902433303
372 2.8574910845402193
373 2.7696156203144673
374 2.762407095148862
375 2.976245524814019
376 2.727136592192058
377 2.733742556450891
378 2.748122440098636
379 2.7317609628376127
380 2.844558728878782
381 2.852035833884993
382 2.5951563759063543
383 3.0287810629320244
384 3.0170389803556423
385 2.941915163194361
386 2.9570728186259747
387 2.865313938033531
388 2.7363114104947273
389 2.9965267161419042
390 2.69959558952304
391 2.768892304730645
392 3.105880920206229
393 3.392955170421282
394 2.6994252748349155
395 2.763067073432118
396 2.527561722694658
397 2.8299266793777735
398 3.0416697715954064
399 2.828135464810546
400 2.8169387514819344
401 2.7037694311039657
402 2.686593661584091
403 2.863356500164889
404 2.8407304585400746
405 2.7079080606003982
406 2.5444698384639657
407 2.9963644983374222
408 2.7287386798524986
409 2.878970616843443
410 2.9045179892128488
411 2.777112054643019
412 2.8294552196316776
413 2.7742116296769206
414 2.8368886450292217
415 2.9029471162962657
416 3.088338436339331
417 2.833216489271922
418 2.8971427171688617
419 2.7734885887744922
420 2.770658826695333
421 2.8713835038821194
422 2.7377771493397685
423 2.721325713280596
424 2.9877621748911865
425 2.7139099762840564
426 2.7621663709270092
427 2.7109010774102393
428 2.761369974424634
429 2.737568237724969
430 3.0466636656236328
431 2.914188789968377
432 2.769834136672203
433 2.886073741604347
434 2.92439731496015
435 2.7170484305901526
436 2.947109338141713
437 2.864452902551594
438 2.787287548774225
439 2.780499137785288
440 2.676671360451568
441 2.7721636758588803
442 2.858081555565677
443 2.853750944486621
444 2.669167871956408
445 2.8889283683155456
446 2.695982725359692
447 4.716848759036951
448 2.767666280214302
449 3.095997973797229
450 2.6148482700455227
451 2.7477532939434135
452 2.623717171427871
453 4.305510180998316
454 2.7483325252738635
455 4.480447927035508
456 3.557444286843631
457 3.2869524401594084
458 2.770837286960639
459 2.680948948425152
460 3.805304765916811
461 2.687635106223727
462 2.819264260979628
463 2.804052744748727
464 2.6565478371904176
465 2.754076776644765
466 2.8041657800063065
467 2.6598375976488304
468 2.722547873937786
469 2.8998955869323986
470 2.7685956389263984
471 2.8372535738083466
472 2.88703044231905
473 4.345078379231873
474 4.207171355380331
475 3.721648468785341
476 2.8178184483575137
477 2.777258095389976
478 2.722052085565805
479 2.782757444788076
480 3.782880869775484
481 2.7286849538303195
482 5.231177274131656
483 2.7198650985110016
484 2.946257189082744
485 2.6283532315181843
486 2.820628314416411
487 2.7838468919470465
488 2.6770676089098835
489 2.838081312535661
490 2.760136447567236
491 2.747679070076702
492 2.6902141126780292
493 2.7849755649994625
494 2.778636284736641
495 2.8711370500891995
496 2.953753687939602
497 2.7850448276078277
498 5.358698362468063
499 2.6621108894749326
500 4.249165762982112
501 2.748827139728989
502 2.771422315959496
503 2.772212441656508
504 2.7888347571689387
505 2.861699452406134
506 2.903078342568984
507 2.7425989484536286
508 2.685196793597389
509 2.672519774256481
510 2.883590423437382
511 2.611722746202487
512 2.6776156832300275
513 2.8319354415105735
514 3.0045455996864527
515 2.8408813801484327
516 2.736836759722233
517 3.0119172078459417
518 4.704815572012704
519 2.6662093277811634
520 2.8087662167500125
521 3.0887200516636995
522 3.095423171743731
523 2.743029528344142
524 2.720598975325754
525 2.9500598650893584
526 2.899264824689878
527 2.8621100329314926
528 2.93279712907507
529 2.6956192235075505
530 2.707936986057066
531 3.360971047771316
532 2.9776147705059484
533 2.939820483907068
534 2.899881759724339
535 3.066052726909584
536 2.76672904557758
537 2.8081882111741803
538 2.8596590891899796
539 2.6497696713804832
540 3.1721741312959084
541 2.8060592606190045
542 2.7195542063291844
543 2.852026604188878
544 2.7760547219535323
545 2.712270970629094
546 2.6286414454541402
547 2.942684586007266
548 2.78410584695251
549 3.1518483402216333
550 2.822486469048806
551 2.7872601380682425
552 2.723282094711059
553 2.7737436096571453
554 3.361274432790064
555 2.987913119111459
556 5.40060606598133
557 2.9582902393233943
558 3.0482280744494314
559 2.6278159719867924
560 2.8276175810680786
561 2.8903749740232993
562 3.11995407441764
563 2.841497446768292
564 4.290866667642552
565 2.8468801514476008
566 2.80110459083171
567 2.735778193171036
568 2.6648612009522545
569 2.650910051321927
570 2.8623246451628908
571 2.7516475376309506
572 2.9640422823412274
573 3.011302212910223
574 2.7484848836640983
575 2.9850051553130967
576 2.6753486148382377
577 2.7175381365524736
578 2.7234582783295833
579 2.7608135920587915
580 2.745052112637469
581 2.5595810833220507
582 2.7455054625441346
583 3.1065136565593314
584 2.728952332747801
585 2.70918394605647
586 2.711782119746099
587 2.907046716589683
588 2.768625150100735
589 3.0390696581177252
590 2.6689646100453217
591 2.665620665949552
592 2.771311370467364
593 2.906184878005189
594 2.85536851996347
595 2.7375860932695013
596 2.785198405538834
597 4.125291496700716
598 3.713326143322886
599 3.0249971993151865
600 2.768589367494384
601 2.786423051957374
602 2.967670061376074
603 2.975393754578102
604 2.895356014918168
605 2.7873587668854496
606 2.8759020590229483
607 2.6471973290080104
608 2.728681281917478
609 2.8410436829617636
610 2.806080461468664
611 2.851267645943357
612 2.8743877235342534
613 3.0581568089916917
614 2.8814630653715034
615 2.97812307467683
616 2.8460229625325058
617 2.8331362390639243
618 2.7872972881155778
619 2.7331199315471006
