Frame RMSD
1 0.04053748771548271
2 0.10519487410783768
3 0.09274623543024063
4 0.14888687431812286
5 0.2548752725124359
6 0.19851799309253693
7 0.19178253412246704
8 0.20096959173679352
9 0.17630596458911896
10 0.28953972458839417
11 0.19411493837833405
12 0.22594526410102844
13 0.25278469920158386
14 0.2157713919878006
15 0.17054815590381622
16 0.32430148124694824
17 0.2666636109352112
18 0.2371649593114853
19 0.25268006324768066
20 0.4045523405075073
21 0.36511754989624023
22 0.3625625967979431
23 0.4834016263484955
24 0.41344818472862244
25 0.3889871835708618
26 0.3858187198638916
27 0.48006436228752136
28 0.39475998282432556
29 0.5051493048667908
30 0.40944987535476685
31 0.422696977853775
32 0.36873432993888855
33 0.42720508575439453
34 0.4961971342563629
35 0.41504278779029846
36 0.5102947950363159
37 0.5181737542152405
38 0.4832302927970886
39 0.4881632328033447
40 0.3561149537563324
41 0.3906174600124359
42 0.4479469656944275
43 0.4869355261325836
44 0.37990498542785645
45 0.41633665561676025
46 0.4194967448711395
47 0.569556713104248
48 0.5363733768463135
49 0.7359338998794556
50 0.5098691582679749
51 0.48884087800979614
52 0.6001975536346436
53 0.680450439453125
54 0.6204349994659424
55 0.667385458946228
56 0.44024184346199036
57 0.5441439151763916
58 0.6070907115936279
59 0.6923354864120483
60 0.6953525543212891
61 0.6113991737365723
62 0.5255988240242004
63 0.526616096496582
64 0.5289781093597412
65 0.5230742692947388
66 0.5041458606719971
67 0.6143377423286438
68 0.5483611822128296
69 0.41158246994018555
70 0.44761553406715393
71 0.5107465982437134
72 0.4918299913406372
73 0.5386236906051636
74 0.4220685064792633
75 0.26017242670059204
76 0.3994058668613434
77 0.44079479575157166
78 0.3878600597381592
79 0.3094567656517029
80 0.4209463596343994
81 0.4331190288066864
82 0.3821411430835724
83 0.5407741069793701
84 0.6389139294624329
85 0.4563800096511841
86 0.5821824669837952
87 0.5483464598655701
88 0.42787620425224304
89 0.5287513732910156
90 0.393411785364151
91 0.4751134514808655
92 0.5947330594062805
93 0.48652198910713196
94 0.5399649143218994
95 0.6195475459098816
96 0.4714916944503784
97 0.4813620150089264
98 0.4878402650356293
99 0.3003409504890442
100 0.23954856395721436
101 0.4368092119693756
102 0.39956867694854736
103 0.44374606013298035
104 0.4248243272304535
105 0.39366215467453003
106 0.5025796294212341
107 0.47517624497413635
108 0.5396593809127808
109 0.623268723487854
110 0.5635523200035095
111 0.5620302557945251
112 0.6999451518058777
113 0.5374764800071716
114 0.5408300757408142
115 0.6426122784614563
116 0.5928260684013367
117 0.541294276714325
118 0.49377715587615967
119 0.617472231388092
120 0.6244078278541565
121 0.5676873922348022
122 0.5816618800163269
123 0.7467941045761108
124 0.6221548914909363
125 0.6051173210144043
126 0.6454203128814697
127 0.5986369848251343
128 0.4210234582424164
129 0.7287001609802246
130 0.47345930337905884
131 0.5527411699295044
132 0.5604827404022217
133 0.5761919617652893
134 0.5279420614242554
135 0.48124298453330994
136 0.42060860991477966
137 0.5358717441558838
138 0.4605962932109833
139 0.504612922668457
140 0.6763507723808289
141 0.6780890822410583
142 0.5813132524490356
143 0.6540173292160034
144 0.6723008155822754
145 0.38054531812667847
146 0.4172835648059845
147 0.5101597905158997
148 0.5110777020454407
149 0.4657396376132965
150 0.6184683442115784
151 0.3951193392276764
152 0.5519850850105286
153 0.46360060572624207
154 0.42127737402915955
155 0.5521166920661926
156 0.6105539202690125
157 0.6356101632118225
158 0.668264627456665
159 0.8343748450279236
160 0.7113704085350037
161 0.7965022921562195
162 0.5471842288970947
163 0.644370973110199
164 0.4180939793586731
165 0.5551745891571045
166 0.501632809638977
167 0.7720136642456055
168 0.7934315800666809
169 0.582811713218689
170 0.5683375000953674
171 0.7281229496002197
172 0.7016587257385254
173 0.548155665397644
174 0.5932137966156006
175 0.5523750185966492
176 0.48538440465927124
177 0.6144868731498718
178 0.6099779009819031
179 0.720157265663147
180 0.6334317326545715
181 0.845518171787262
182 0.6968138813972473
183 0.6066882610321045
184 0.6572368741035461
185 0.581245481967926
186 0.6618072986602783
187 0.648248016834259
188 0.5646585822105408
189 0.6430341005325317
190 0.48938119411468506
191 0.6248124837875366
192 0.5632922053337097
193 0.6300440430641174
194 0.6456758975982666
195 0.4837670922279358
196 0.5375165939331055
197 0.6955683827400208
198 0.5836623907089233
199 0.4967838227748871
200 0.7028970122337341
201 0.6157174110412598
202 0.6376464366912842
203 0.5246023535728455
204 0.538826048374176
205 0.6380961537361145
206 0.39587563276290894
207 0.4433648884296417
208 0.47142529487609863
209 0.348667174577713
210 0.45316603779792786
211 0.47363150119781494
212 0.5827164649963379
213 0.5579004883766174
214 0.46225711703300476
215 0.5126327872276306
216 0.4231449067592621
217 0.45406362414360046
218 0.5888435244560242
219 0.609737753868103
220 0.4545038342475891
221 0.46094682812690735
222 0.5233586430549622
223 0.4451121985912323
224 0.48965984582901
225 0.42444515228271484
226 0.5465656518936157
227 0.690304160118103
228 0.7529693841934204
229 0.9532194137573242
230 0.7730626463890076
231 0.7227205634117126
232 0.6332295536994934
233 0.6933191418647766
234 0.5956394672393799
235 0.7210771441459656
236 0.6981594562530518
237 0.5739659070968628
238 0.5985643267631531
239 0.6520001292228699
240 0.8180198669433594
241 0.7449367642402649
242 0.7110640406608582
243 0.6596724390983582
244 0.6392371654510498
245 0.5084139108657837
246 0.5455384850502014
247 0.5476690530776978
248 0.673794150352478
249 0.6064448952674866
250 0.5132937431335449
251 0.7005096077919006
252 0.5351302027702332
253 0.7347709536552429
254 0.5623496174812317
255 0.5429292321205139
256 0.566706657409668
257 0.4860602617263794
258 0.6171247959136963
259 0.5476012825965881
260 0.6613089442253113
261 0.6016587018966675
262 0.6081598401069641
263 0.4763803780078888
264 0.5660028457641602
265 0.6216230988502502
266 0.6371894478797913
267 0.6415081024169922
268 0.7741302847862244
269 0.43936386704444885
270 0.6075199842453003
271 0.48701632022857666
272 0.744284451007843
273 0.5422793626785278
274 0.7986671924591064
275 0.5240455269813538
276 0.7415886521339417
277 0.6821931600570679
278 0.6967136263847351
279 0.7379452586174011
280 0.5049713253974915
281 0.6310179829597473
282 0.7559739947319031
283 0.7826200127601624
284 0.744981050491333
285 0.7040188312530518
286 0.5851631164550781
287 0.5996158123016357
288 0.63720703125
289 0.6425643563270569
290 0.5200831890106201
291 0.6867262721061707
292 0.599441409111023
293 0.6350675225257874
294 0.3995445668697357
295 0.482135534286499
296 0.8768038749694824
297 0.8063445687294006
298 0.6083648204803467
299 0.7259368896484375
300 0.9252244234085083
301 0.6983215808868408
302 0.9909449815750122
303 0.6134487986564636
304 0.7314997315406799
305 0.5728708505630493
306 0.49813777208328247
307 0.6437129378318787
308 0.7516737580299377
309 0.958402693271637
310 0.4750610291957855
311 0.8640939593315125
312 0.44644245505332947
313 0.49684619903564453
314 0.4857006371021271
315 0.5963733196258545
316 0.493891179561615
317 0.5879372358322144
318 0.5988597869873047
319 0.5363793969154358
320 0.5473390817642212
321 0.542827844619751
322 0.5558459758758545
323 0.6360175013542175
324 0.5388020873069763
325 0.5721377730369568
326 0.3913576602935791
327 0.39641109108924866
328 0.3936373293399811
329 0.5677837133407593
330 0.48994943499565125
331 0.46395817399024963
332 0.5665273070335388
333 0.4323784112930298
334 0.4569012224674225
335 0.5329069495201111
336 0.48016148805618286
337 0.6002470254898071
338 0.5267049074172974
339 0.5415033102035522
340 0.46479931473731995
341 0.4538053870201111
342 0.45187801122665405
343 0.45403584837913513
344 0.6264487504959106
345 0.6293596625328064
346 0.4371899962425232
347 0.9092036485671997
348 0.8539624214172363
349 0.5758334398269653
350 0.5148698687553406
351 0.47288402915000916
352 0.4793876111507416
353 0.43330296874046326
354 0.3616075813770294
355 0.35156872868537903
356 0.3978799283504486
357 0.30462849140167236
358 0.47239556908607483
359 0.30766138434410095
360 0.41787031292915344
361 0.2745409309864044
362 0.382409006357193
363 0.355667382478714
364 0.637138307094574
365 0.5178842544555664
366 0.8085330724716187
367 0.6871458292007446
368 0.5595727562904358
369 0.48944979906082153
370 0.6080101728439331
371 0.6124767661094666
372 0.5258857011795044
373 0.5543404221534729
374 0.48421046137809753
375 0.6057435870170593
376 0.4858487546443939
377 0.6359588503837585
378 0.7357778549194336
379 0.6368826627731323
380 0.6854892373085022
381 0.6729615926742554
382 0.5700176954269409
383 0.8549904823303223
384 0.7070412039756775
385 0.3701072633266449
386 0.7244940400123596
387 0.5252392888069153
388 0.6068139672279358
389 0.4869556725025177
390 0.454484224319458
391 0.7274301052093506
392 0.4096645414829254
393 0.4479103088378906
394 0.5935255885124207
395 0.3875308632850647
396 0.7462443113327026
397 0.5397980213165283
398 0.6285868883132935
399 0.6834206581115723
400 0.6758761405944824
401 0.5960034132003784
402 0.5632519125938416
403 0.5655918717384338
404 0.5477038621902466
405 0.8438871502876282
406 0.46795904636383057
407 0.5637785792350769
408 0.6752968430519104
409 0.4401777386665344
410 0.3568451702594757
411 0.6381223201751709
412 0.557603120803833
413 0.5086663365364075
414 0.3950248658657074
415 0.6046966910362244
416 0.6022565960884094
417 0.4375978708267212
418 0.607681393623352
419 0.6375551819801331
420 0.7078375816345215
421 0.5821554660797119
422 0.5648157000541687
423 0.6037465929985046
424 0.5140506029129028
425 0.7263106107711792
426 0.8053525686264038
427 0.5898013114929199
428 0.7365339994430542
429 0.8585786819458008
430 0.6613025069236755
431 0.8318909406661987
432 0.40366917848587036
433 0.32342323660850525
434 0.6997091174125671
435 0.5902221202850342
436 0.5979295372962952
437 0.5402729511260986
438 0.5610333681106567
439 0.9121472239494324
440 0.6814001202583313
441 0.8104987144470215
442 0.6200114488601685
443 0.818981409072876
444 0.4938942492008209
445 0.5498237609863281
446 0.8610464334487915
447 0.5215879678726196
448 0.40207579731941223
449 0.7406564950942993
450 0.5069085955619812
451 0.5855417251586914
452 0.5514470934867859
453 0.8557537794113159
454 0.9090372323989868
455 0.6300634741783142
456 0.6155024766921997
457 0.7377327680587769
458 0.651332676410675
459 0.8518186211585999
460 0.7512763142585754
461 0.6766001582145691
462 0.7437015771865845
463 0.8169304728507996
464 0.8345381021499634
465 0.682773768901825
466 0.4925273358821869
467 0.49186304211616516
468 0.47901207208633423
469 0.624691903591156
470 0.7181478142738342
471 0.5421072840690613
472 0.47460341453552246
473 0.7776413559913635
474 0.5859461426734924
475 0.6565027832984924
476 0.6196879744529724
477 0.519386887550354
478 0.6256332397460938
479 0.43353861570358276
480 0.48960787057876587
481 0.595816433429718
482 0.7204287648200989
483 0.5745317339897156
484 0.580540657043457
485 0.7111639380455017
486 0.6440905332565308
487 0.6677803993225098
488 0.7319543361663818
489 0.4400753676891327
490 0.6938859820365906
491 0.5223309993743896
492 0.5242830514907837
493 0.6202300190925598
494 0.4316210150718689
495 0.5346014499664307
496 0.6392361521720886
497 0.7073776721954346
498 0.47125452756881714
499 0.6909968256950378
500 0.6692118644714355
501 0.536027193069458
502 0.9109355807304382
503 0.6731804609298706
504 0.6982070803642273
505 0.5295710563659668
506 0.6978742480278015
507 0.4951661229133606
508 0.4468252956867218
509 0.510780930519104
510 0.8203261494636536
511 0.5924087762832642
512 0.5850315093994141
513 0.5665256977081299
514 0.6733686923980713
515 0.5898972153663635
516 0.6853535771369934
517 0.6402626633644104
518 0.7205693125724792
519 0.7635506987571716
520 0.7446072697639465
521 0.6814570426940918
522 0.8176637887954712
523 0.570867657661438
524 0.6126079559326172
525 0.7581914663314819
526 0.6456791758537292
527 0.7250329256057739
528 0.5958690047264099
529 0.7414600849151611
530 0.6348451972007751
531 0.5454868674278259
532 0.7337166666984558
533 0.855219841003418
534 0.6443628072738647
535 0.5971553921699524
536 0.5187146067619324
537 0.6430451273918152
538 0.6994674205780029
539 0.6737627387046814
540 0.4816838204860687
541 0.4925706386566162
542 0.5246802568435669
543 0.7243424654006958
544 0.6252104640007019
545 0.66572505235672
546 0.6455629467964172
547 0.5085235834121704
548 0.4473501145839691
549 0.48848503828048706
550 0.6425856351852417
551 0.6733211278915405
552 0.48175179958343506
553 0.4459367096424103
554 0.4201745390892029
555 0.5031255483627319
556 0.6077779531478882
557 0.5426338911056519
558 0.4299897849559784
559 0.38152602314949036
560 0.3821949362754822
561 0.5202969312667847
562 0.37082210183143616
563 0.41618844866752625
564 0.3633367717266083
565 0.4195844829082489
566 0.4890926778316498
567 0.56080561876297
568 0.48728716373443604
569 0.5556886792182922
570 0.42150381207466125
571 0.4021327495574951
572 0.6546623706817627
573 0.760504424571991
574 0.4192334711551666
575 0.5346689820289612
576 0.6371909379959106
577 0.47569113969802856
578 0.5876065492630005
579 0.5631018280982971
580 0.42295774817466736
581 0.6009262204170227
582 0.5453293323516846
583 0.6018937230110168
584 0.5408316254615784
585 0.5680990219116211
586 0.4059394299983978
587 0.5035087466239929
588 0.4830876290798187
589 0.5994271636009216
590 0.5097146034240723
591 0.5040269494056702
592 0.39865896105766296
593 0.589356005191803
594 0.5888458490371704
595 0.6083628535270691
596 0.5863058567047119
597 0.5041685104370117
598 0.428580641746521
599 0.4867032468318939
600 0.3940090835094452
601 0.43744927644729614
602 0.38346168398857117
603 0.4373167157173157
604 0.5079477429389954
605 0.4035986661911011
606 0.3832607865333557
607 0.39039430022239685
608 0.42187798023223877
609 0.4633098244667053
610 0.42813852429389954
611 0.3662450611591339
612 0.4910106956958771
613 0.37875333428382874
614 0.4305493235588074
615 0.542465329170227
616 0.5069180727005005
617 0.5023901462554932
618 0.4306877553462982
619 0.4295541048049927
